2,12806,1293,502,277,110,0.35039455,6,-1,-1
3,12806,1298,499,277,121,0.3924653,6,-1,-1
10,12807,477,634,252,104,0.3662951,6,-1,-1
11,12808,2678,1231,16,191,0.49516943,1,-1,-1
12,12809,547,619,238,103,0.31319135,6,-1,-1
13,12809,577,618,223,99,0.34788316,6,-1,-1
14,12809,604,614,216,98,0.33489197,6,-1,-1
17,12810,689,599,208,101,0.4903636,6,-1,-1
18,12810,711,596,207,103,0.5459898,6,-1,-1
19,12810,739,591,202,105,0.4897031,6,-1,-1
19,12811,1065,1086,51,60,0.33933747,1,-1,-1
20,12810,785,592,185,100,0.39503837,6,-1,-1
21,12810,824,583,191,101,0.43995845,6,-1,-1
22,12810,849,578,198,103,0.45664257,6,-1,-1
22,12812,1177,878,121,81,0.38778096,4,-1,-1
23,12812,1209,877,138,90,0.57033575,4,-1,-1
23,12813,916,575,177,104,0.48159802,4,-1,-1
24,12812,1249,881,146,89,0.6696888,4,-1,-1
24,12813,962,574,173,97,0.41986153,4,-1,-1
24,12814,962,574,173,97,0.33075333,6,-1,-1
25,12814,1010,576,159,89,0.43098605,6,-1,-1
25,12812,1292,888,143,87,0.32780284,4,-1,-1
25,12813,999,569,155,85,0.31665483,4,-1,-1
26,12812,1332,896,146,86,0.52952963,4,-1,-1
26,12814,1053,565,157,92,0.34466738,6,-1,-1
26,12813,1039,565,161,93,0.31544974,4,-1,-1
27,12812,1381,904,140,82,0.7284823,4,-1,-1
27,12813,1087,566,149,89,0.42873633,4,-1,-1
28,12812,1424,916,149,85,0.6288372,4,-1,-1
28,12813,1117,563,165,92,0.4025694,4,-1,-1
28,12815,1117,563,165,92,0.3944622,6,-1,-1
29,12812,1464,919,161,92,0.7057066,4,-1,-1
29,12813,1171,565,147,84,0.5305405,4,-1,-1
30,12812,1510,926,158,89,0.50152075,4,-1,-1
30,12813,1184,558,167,89,0.34698197,4,-1,-1
30,12816,1197,558,169,89,0.4730046,6,-1,-1
31,12812,1562,939,158,86,0.6902844,4,-1,-1
31,12816,1246,555,159,92,0.49604025,6,-1,-1
31,12813,1246,555,159,92,0.3127961,4,-1,-1
32,12812,1605,948,164,87,0.69246364,4,-1,-1
32,12816,1264,554,175,90,0.38968852,6,-1,-1
32,12813,1264,554,175,90,0.3500761,4,-1,-1
33,12812,1653,958,165,89,0.6040111,4,-1,-1
33,12813,1326,557,135,85,0.45712855,4,-1,-1
33,12816,1326,557,135,85,0.33088145,6,-1,-1
33,12817,1317,1076,50,67,0.411909,1,-1,-1
34,12812,1693,965,174,94,0.6045717,4,-1,-1
34,12813,1362,552,140,90,0.45382556,4,-1,-1
34,12818,83,523,103,49,0.32743865,4,-1,-1
35,12812,1730,967,179,98,0.66005415,4,-1,-1
35,12813,1384,548,143,84,0.42881098,4,-1,-1
36,12812,1765,974,178,104,0.74068063,4,-1,-1
36,12813,1393,548,132,83,0.45532802,4,-1,-1
37,12812,1790,981,187,104,0.6940794,4,-1,-1
37,12813,1431,546,124,79,0.53077596,4,-1,-1
37,12819,1395,804,120,79,0.6042963,4,-1,-1
37,12820,35,481,64,34,0.3734843,4,-1,-1
37,12821,111,535,84,38,0.35784683,4,-1,-1
38,12812,1824,989,193,109,0.6361033,4,-1,-1
38,12819,1418,808,121,78,0.5290183,4,-1,-1
38,12813,1435,544,132,79,0.52576226,4,-1,-1
39,12812,1861,1000,193,106,0.61218596,4,-1,-1
39,12819,1439,815,130,83,0.5873262,4,-1,-1
39,12813,1450,543,135,76,0.5866507,4,-1,-1
39,12822,123,536,110,44,0.40496743,4,-1,-1
40,12819,1470,821,134,84,0.71074116,4,-1,-1
40,12812,1891,1005,190,107,0.68229234,4,-1,-1
40,12813,1473,542,132,72,0.47950476,4,-1,-1
40,12822,121,537,116,45,0.3566945,4,-1,-1
41,12812,1915,1011,198,111,0.63172716,4,-1,-1
41,12819,1497,829,132,78,0.54704726,4,-1,-1
41,12813,1509,533,104,69,0.4798144,4,-1,-1
41,12822,135,544,88,37,0.4654628,4,-1,-1
42,12812,1953,1019,197,112,0.8051186,4,-1,-1
42,12819,1530,839,131,77,0.5509105,4,-1,-1
42,12822,142,543,85,41,0.48577794,4,-1,-1
42,12813,1528,533,103,66,0.43981278,4,-1,-1
42,12823,5,474,53,48,0.44484794,4,-1,-1
42,12824,85,412,91,45,0.3070649,4,-1,-1
43,12819,1551,844,137,78,0.72093856,4,-1,-1
43,12812,1986,1031,201,109,0.6059866,4,-1,-1
43,12813,1530,529,110,72,0.59556633,4,-1,-1
44,12812,2016,1038,210,112,0.66105163,4,-1,-1
44,12819,1576,847,142,83,0.65053004,4,-1,-1
44,12825,1543,529,116,73,0.57445574,6,-1,-1
44,12826,155,547,89,41,0.44566604,4,-1,-1
44,12827,0,489,51,56,0.39168823,4,-1,-1
45,12812,2058,1050,209,113,0.5931358,4,-1,-1
45,12819,1600,855,148,83,0.5539732,4,-1,-1
45,12827,1,489,48,61,0.40259647,4,-1,-1
45,12825,1545,531,122,65,0.33420143,6,-1,-1
45,12828,1545,531,122,65,0.4232074,4,-1,-1
46,12812,2095,1058,210,114,0.82918864,4,-1,-1
46,12819,1630,861,153,84,0.8172315,4,-1,-1
46,12828,1566,528,117,71,0.48845494,4,-1,-1
46,12827,3,487,49,65,0.44130862,4,-1,-1
46,12825,1566,528,117,71,0.33838624,6,-1,-1
46,12829,192,549,143,53,0.39440227,4,-1,-1
47,12812,2133,1068,216,121,0.78059065,4,-1,-1
47,12819,1662,871,148,81,0.5506722,4,-1,-1
47,12825,1581,528,121,70,0.5314543,6,-1,-1
47,12829,195,553,139,52,0.38669947,4,-1,-1
47,12827,4,495,53,61,0.32899237,4,-1,-1
47,12830,178,555,91,48,0.321395,4,-1,-1
48,12812,2172,1078,218,123,0.83394337,4,-1,-1
48,12819,1690,876,154,84,0.6508888,4,-1,-1
48,12825,1580,527,127,71,0.4927233,6,-1,-1
48,12829,208,552,147,56,0.46987644,4,-1,-1
48,12827,7,496,57,61,0.36756498,4,-1,-1
48,12831,1565,528,128,72,0.32491478,4,-1,-1
49,12819,1718,885,161,82,0.83541083,4,-1,-1
49,12812,2216,1088,219,124,0.76973605,4,-1,-1
49,12829,208,552,153,57,0.599017,4,-1,-1
49,12825,1608,526,112,70,0.5094363,6,-1,-1
49,12827,0,456,18,55,0.38673097,4,-1,-1
49,12831,1596,525,110,71,0.30976212,4,-1,-1
49,12832,9,507,73,53,0.31397277,4,-1,-1
50,12812,2257,1098,230,125,0.83983207,4,-1,-1
50,12829,215,558,155,55,0.5412928,4,-1,-1
50,12819,1749,892,165,88,0.53008306,4,-1,-1
50,12825,1628,528,110,64,0.45235652,6,-1,-1
50,12832,16,508,72,53,0.43458247,4,-1,-1
50,12831,1618,529,109,64,0.4279496,4,-1,-1
50,12827,0,455,13,54,0.33814442,4,-1,-1
50,12833,318,449,106,55,0.44096407,4,-1,-1
51,12812,2295,1110,231,127,0.83696926,4,-1,-1
51,12819,1781,898,166,84,0.70308405,4,-1,-1
51,12833,318,448,106,59,0.6364347,4,-1,-1
51,12825,1635,526,108,65,0.37979603,6,-1,-1
51,12831,1635,526,108,65,0.3740548,4,-1,-1
51,12832,19,507,73,56,0.3630379,4,-1,-1
52,12812,2340,1121,232,120,0.8369588,4,-1,-1
52,12819,1816,908,166,83,0.7963107,4,-1,-1
52,12832,27,514,79,51,0.4624663,4,-1,-1
52,12825,1657,529,99,55,0.41580075,6,-1,-1
52,12834,220,567,88,45,0.3712271,4,-1,-1
53,12812,2381,1133,242,125,0.7937205,4,-1,-1
53,12832,36,515,74,48,0.56741995,4,-1,-1
53,12819,1850,918,161,80,0.4557139,4,-1,-1
53,12834,229,570,84,43,0.39033598,4,-1,-1
54,12819,1885,925,168,81,0.7943859,4,-1,-1
54,12812,2426,1142,252,127,0.6938537,4,-1,-1
54,12832,41,517,73,52,0.43484294,4,-1,-1
55,12819,1919,930,171,88,0.70085585,4,-1,-1
55,12812,2474,1152,227,133,0.66651607,4,-1,-1
55,12832,52,522,72,47,0.42840046,4,-1,-1
55,12835,1684,519,99,59,0.3881183,6,-1,-1
56,12819,1953,935,179,93,0.6398563,4,-1,-1
56,12812,2518,1161,181,132,0.6247184,4,-1,-1
56,12832,51,521,81,52,0.5484841,4,-1,-1
57,12819,1988,943,182,92,0.6846705,4,-1,-1
57,12832,59,522,80,54,0.59568,4,-1,-1
57,12812,2566,1177,132,135,0.4230065,4,-1,-1
58,12819,2029,955,178,90,0.6005756,4,-1,-1
58,12832,69,526,81,54,0.47930384,4,-1,-1
58,12836,1721,510,108,64,0.55085397,6,-1,-1
59,12819,2064,963,185,93,0.8998235,4,-1,-1
59,12832,77,529,77,54,0.6760019,4,-1,-1
59,12836,1740,511,99,61,0.53635204,6,-1,-1
59,12837,318,453,98,55,0.448312,4,-1,-1
59,12838,2679,1170,18,188,0.32385743,4,-1,-1
60,12819,2104,971,183,92,0.6960511,4,-1,-1
60,12832,82,528,79,55,0.6451936,4,-1,-1
60,12837,318,453,99,55,0.6178239,4,-1,-1
60,12836,1749,510,97,60,0.46150193,6,-1,-1
60,12839,1749,510,97,60,0.31334883,4,-1,-1
61,12819,2141,980,194,97,0.88993865,4,-1,-1
61,12832,94,531,75,53,0.60036266,4,-1,-1
61,12837,317,454,100,54,0.5251529,4,-1,-1
62,12832,99,531,75,57,0.80059,4,-1,-1
62,12819,2181,988,195,97,0.74879116,4,-1,-1
62,12837,315,450,102,58,0.3361404,4,-1,-1
62,12840,1766,507,99,59,0.37579235,6,-1,-1
63,12819,2223,996,199,100,0.81825715,4,-1,-1
63,12832,103,531,79,56,0.6240578,4,-1,-1
64,12819,2265,1005,200,101,0.8175676,4,-1,-1
64,12832,113,532,78,57,0.61713606,4,-1,-1
65,12819,2311,1013,204,105,0.7677344,4,-1,-1
65,12832,122,534,75,54,0.7045665,4,-1,-1
66,12819,2355,1023,207,102,0.8047705,4,-1,-1
66,12832,127,536,75,55,0.51293224,4,-1,-1
67,12819,2403,1035,217,109,0.7956358,4,-1,-1
67,12832,130,536,85,61,0.5367979,4,-1,-1
68,12819,2456,1047,214,102,0.8107627,4,-1,-1
68,12832,139,541,77,55,0.66887176,4,-1,-1
69,12819,2504,1057,192,109,0.8311937,4,-1,-1
69,12832,144,542,80,56,0.59173197,4,-1,-1
70,12819,2557,1073,137,111,0.6138038,4,-1,-1
70,12832,146,549,80,55,0.525282,4,-1,-1
71,12832,155,547,84,62,0.6410177,4,-1,-1
71,12819,2609,1084,84,113,0.59720767,4,-1,-1
72,12832,161,552,78,58,0.72347194,4,-1,-1
73,12832,169,554,74,58,0.7289333,4,-1,-1
74,12832,167,555,82,63,0.58369106,4,-1,-1
74,12841,300,446,110,60,0.30930603,5,-1,-1
75,12832,181,557,77,60,0.7733528,4,-1,-1
76,12832,182,561,82,61,0.62899256,4,-1,-1
76,12842,243,511,76,49,0.40286237,4,-1,-1
77,12832,189,567,78,60,0.54706454,4,-1,-1
77,12842,234,509,69,51,0.36906245,4,-1,-1
78,12832,188,569,84,61,0.56179696,4,-1,-1
78,12843,296,450,113,58,0.4991264,4,-1,-1
79,12832,197,571,85,63,0.75125575,4,-1,-1
79,12843,293,447,116,62,0.5739269,4,-1,-1
80,12832,200,573,81,62,0.79835105,4,-1,-1
80,12843,288,449,113,61,0.36204016,4,-1,-1
81,12832,200,578,84,63,0.72903776,4,-1,-1
81,12844,186,506,63,45,0.45596606,4,-1,-1
82,12832,201,579,83,66,0.596117,4,-1,-1
82,12844,165,502,63,46,0.57123655,4,-1,-1
82,12845,271,450,106,59,0.33176413,4,-1,-1
83,12832,186,587,80,65,0.6804383,4,-1,-1
83,12845,251,450,108,60,0.57436484,4,-1,-1
83,12844,136,502,59,48,0.5081842,4,-1,-1
84,12832,165,589,84,72,0.5387476,4,-1,-1
84,12845,226,452,107,60,0.48535776,4,-1,-1
84,12844,102,502,61,47,0.41251823,4,-1,-1
85,12832,141,600,84,69,0.546856,4,-1,-1
85,12845,205,457,106,56,0.41066718,4,-1,-1
85,12844,62,510,63,46,0.40217748,4,-1,-1
86,12832,120,610,89,67,0.40717998,4,-1,-1
86,12846,1691,473,117,66,0.37308118,4,-1,-1
87,12832,110,617,85,64,0.6062475,4,-1,-1
87,12847,1,516,45,42,0.34337747,4,-1,-1
88,12832,99,623,78,62,0.52509785,4,-1,-1
89,12832,87,628,90,64,0.5192891,4,-1,-1
90,12832,90,629,99,66,0.51000106,4,-1,-1
92,12848,97,631,113,61,0.30446687,4,-1,-1
94,12849,825,1050,60,124,0.40144077,1,-1,-1
94,12850,123,635,103,53,0.37890095,4,-1,-1
97,12851,96,466,123,64,0.3570308,4,-1,-1
97,12852,824,1053,60,124,0.33601475,1,-1,-1
98,12853,1577,476,131,79,0.4919562,4,-1,-1
103,12854,809,1064,52,105,0.34007773,1,-1,-1
105,12855,807,1067,51,105,0.37615213,1,-1,-1
109,12856,1496,482,135,82,0.5037367,4,-1,-1
110,12856,1492,481,139,84,0.49482244,4,-1,-1
110,12857,795,1069,59,121,0.39857534,1,-1,-1
111,12857,793,1074,59,114,0.35838178,1,-1,-1
114,12858,788,1078,57,107,0.43136942,1,-1,-1
114,12859,1462,483,144,85,0.42839858,4,-1,-1
115,12859,1450,484,146,86,0.5286615,4,-1,-1
115,12860,1450,484,146,86,0.33251256,5,-1,-1
116,12859,1443,481,146,86,0.40593588,4,-1,-1
116,12861,787,1075,61,119,0.44945517,1,-1,-1
117,12861,784,1075,62,116,0.45915985,1,-1,-1
117,12862,80,465,116,63,0.4192678,4,-1,-1
118,12861,784,1080,54,116,0.6481531,1,-1,-1
118,12862,75,466,117,59,0.30608267,4,-1,-1
118,12863,1419,481,158,83,0.3062669,4,-1,-1
119,12861,769,1074,66,127,0.5605696,1,-1,-1
119,12863,1403,489,155,88,0.48034552,4,-1,-1
120,12861,748,1077,67,131,0.3638485,1,-1,-1
120,12863,1378,504,118,64,0.3444453,4,-1,-1
121,12863,1362,485,145,73,0.45642173,4,-1,-1
121,12861,736,1084,65,131,0.30642483,1,-1,-1
122,12863,1336,486,150,82,0.31917825,4,-1,-1
123,12863,1316,488,156,92,0.3517054,4,-1,-1
124,12863,1297,484,153,85,0.39233187,4,-1,-1
124,12864,699,1087,68,139,0.5274803,1,-1,-1
125,12864,698,1087,67,135,0.62310606,1,-1,-1
125,12863,1299,485,143,66,0.39441383,4,-1,-1
125,12865,741,1080,74,146,0.45263907,1,-1,-1
126,12864,697,1090,66,128,0.6318015,1,-1,-1
126,12863,1292,487,152,78,0.4352864,4,-1,-1
126,12865,745,1084,71,135,0.41325608,1,-1,-1
127,12864,699,1098,63,123,0.6327546,1,-1,-1
127,12863,1298,488,140,63,0.51622164,4,-1,-1
128,12864,699,1095,63,122,0.658197,1,-1,-1
128,12863,1293,492,117,53,0.4402347,4,-1,-1
128,12866,741,1085,74,137,0.45186582,1,-1,-1
128,12867,1277,534,63,49,0.44182658,4,-1,-1
129,12864,698,1098,59,117,0.57042223,1,-1,-1
129,12863,1295,495,116,48,0.4761504,4,-1,-1
129,12867,1269,527,68,61,0.39182755,4,-1,-1
129,12868,1369,942,128,66,0.43996236,4,-1,-1
129,12869,1582,502,53,38,0.36368245,4,-1,-1
130,12863,1285,490,124,56,0.49392134,4,-1,-1
130,12864,696,1095,61,122,0.4721343,1,-1,-1
130,12867,1257,525,90,63,0.45926985,4,-1,-1
130,12868,1387,944,144,79,0.44370022,4,-1,-1
130,12869,1583,501,53,40,0.42860964,4,-1,-1
130,12870,743,1087,71,139,0.32357043,1,-1,-1
131,12868,1426,959,147,66,0.6309543,4,-1,-1
131,12864,696,1097,60,119,0.38901177,1,-1,-1
131,12863,1271,493,123,49,0.33782375,4,-1,-1
131,12867,1243,524,78,62,0.31505325,4,-1,-1
132,12868,1455,962,161,79,0.5829012,4,-1,-1
132,12864,695,1096,62,121,0.48203442,1,-1,-1
132,12871,744,1088,69,133,0.31782857,1,-1,-1
133,12868,1487,969,153,81,0.69643104,4,-1,-1
133,12864,690,1100,56,113,0.40657994,1,-1,-1
134,12868,1519,975,164,82,0.63532484,4,-1,-1
134,12864,698,1100,58,111,0.575143,1,-1,-1
135,12868,1556,983,166,83,0.52981675,4,-1,-1
135,12864,700,1101,56,113,0.5205142,1,-1,-1
136,12868,1582,988,180,89,0.6260934,4,-1,-1
137,12868,1612,996,189,94,0.4513642,4,-1,-1
137,12872,686,1102,58,109,0.47373497,1,-1,-1
138,12868,1634,1002,196,95,0.5205038,4,-1,-1
138,12872,687,1101,56,108,0.43047744,1,-1,-1
139,12868,1677,1008,185,97,0.6619826,4,-1,-1
139,12872,682,1099,57,116,0.33752948,1,-1,-1
140,12868,1720,1020,185,95,0.7271614,4,-1,-1
141,12868,1747,1026,191,99,0.6264365,4,-1,-1
141,12873,664,1097,58,122,0.43699634,1,-1,-1
142,12868,1782,1031,191,102,0.58258474,4,-1,-1
142,12873,656,1095,62,127,0.51957905,1,-1,-1
142,12874,1092,503,174,103,0.41807488,6,-1,-1
143,12868,1820,1041,195,100,0.7135807,4,-1,-1
143,12874,1066,500,185,108,0.34257126,6,-1,-1
144,12868,1852,1052,197,93,0.62147397,4,-1,-1
144,12874,1060,502,186,105,0.31208545,6,-1,-1
144,12875,643,1105,58,108,0.39126882,1,-1,-1
145,12868,1891,1060,200,100,0.7058291,4,-1,-1
145,12875,636,1102,61,116,0.5181519,1,-1,-1
146,12868,1935,1069,202,100,0.6586252,4,-1,-1
146,12875,634,1100,63,126,0.48111436,1,-1,-1
147,12868,1982,1080,206,99,0.6027315,4,-1,-1
147,12875,634,1105,60,118,0.38318723,1,-1,-1
148,12868,2030,1090,208,102,0.83254635,4,-1,-1
148,12875,634,1104,61,119,0.3095149,1,-1,-1
148,12876,2587,988,108,90,0.43143952,4,-1,-1
148,12877,1003,540,93,77,0.40182385,4,-1,-1
148,12878,1139,923,128,93,0.34700784,4,-1,-1
148,12879,999,525,105,84,0.34378135,5,-1,-1
149,12868,2078,1101,207,105,0.8244426,4,-1,-1
149,12877,991,558,90,62,0.6352989,4,-1,-1
149,12876,2550,986,147,87,0.4683895,4,-1,-1
150,12876,2512,983,172,83,0.63247293,4,-1,-1
150,12868,2126,1111,215,109,0.5799264,4,-1,-1
150,12880,975,520,110,85,0.32523036,5,-1,-1
150,12881,631,1091,70,143,0.32044098,1,-1,-1
151,12868,2178,1122,213,109,0.8436801,4,-1,-1
151,12876,2470,980,177,83,0.55365014,4,-1,-1
151,12881,633,1096,65,133,0.3840109,1,-1,-1
151,12882,1203,936,161,106,0.6657269,4,-1,-1
152,12876,2438,973,166,83,0.68015933,4,-1,-1
152,12868,2228,1133,223,108,0.5905092,4,-1,-1
152,12882,1227,939,168,111,0.50979084,4,-1,-1
152,12881,632,1099,68,126,0.39574373,1,-1,-1
153,12868,2282,1144,220,112,0.8080656,4,-1,-1
153,12876,2400,969,164,80,0.6685528,4,-1,-1
153,12882,1261,963,168,97,0.5118477,4,-1,-1
153,12881,634,1105,62,115,0.40760028,1,-1,-1
153,12883,982,933,174,118,0.70371085,4,-1,-1
154,12883,1004,934,184,121,0.6409096,4,-1,-1
154,12868,2333,1152,230,124,0.59216267,4,-1,-1
154,12876,2367,966,159,82,0.5841963,4,-1,-1
154,12882,1288,967,171,95,0.5778334,4,-1,-1
154,12881,634,1109,58,109,0.43436137,1,-1,-1
155,12868,2381,1161,240,125,0.78686816,4,-1,-1
155,12883,1038,939,185,126,0.60360825,4,-1,-1
155,12876,2321,958,168,89,0.5994134,4,-1,-1
155,12881,634,1110,59,104,0.42106387,1,-1,-1
155,12882,1322,969,175,108,0.39443544,4,-1,-1
156,12868,2444,1177,235,125,0.8142077,4,-1,-1
156,12883,1065,944,185,123,0.78165317,4,-1,-1
156,12876,2286,953,164,82,0.6612102,4,-1,-1
156,12882,1350,975,178,106,0.58856696,4,-1,-1
156,12884,1008,1259,53,56,0.31504095,1,-1,-1
157,12876,2250,948,162,82,0.6879693,4,-1,-1
157,12868,2500,1186,201,126,0.64583784,4,-1,-1
157,12883,1088,947,192,132,0.5973675,4,-1,-1
157,12882,1386,982,181,108,0.40770873,4,-1,-1
157,12885,633,1098,69,126,0.41183358,1,-1,-1
158,12876,2215,941,166,89,0.6254814,4,-1,-1
158,12883,1126,955,191,134,0.6213536,4,-1,-1
158,12868,2554,1196,147,138,0.6009933,4,-1,-1
158,12886,877,521,220,115,0.43379948,5,-1,-1
159,12883,1163,961,196,132,0.8064453,4,-1,-1
159,12876,2177,934,169,89,0.55020887,4,-1,-1
160,12883,1200,968,201,134,0.60026795,4,-1,-1
160,12876,2145,929,162,81,0.50178194,4,-1,-1
160,12887,640,1112,59,103,0.32142863,1,-1,-1
161,12876,2122,925,155,84,0.6855969,4,-1,-1
161,12883,1227,971,203,144,0.59348553,4,-1,-1
161,12887,641,1108,58,109,0.46748406,1,-1,-1
161,12888,1498,1004,215,129,0.39428252,4,-1,-1
162,12883,1265,981,205,145,0.69094026,4,-1,-1
162,12887,696,1093,71,137,0.4451829,1,-1,-1
162,12876,2096,917,155,87,0.34978428,4,-1,-1
162,12889,640,1102,65,123,0.42769536,1,-1,-1
162,12890,825,527,233,115,0.3475646,6,-1,-1
163,12876,2053,916,165,88,0.52595925,4,-1,-1
163,12883,1302,984,214,148,0.48015743,4,-1,-1
163,12889,653,1107,62,112,0.39266667,1,-1,-1
163,12891,1578,1022,217,133,0.5746386,4,-1,-1
164,12883,1341,998,220,149,0.56202275,4,-1,-1
164,12891,1619,1030,217,135,0.49576747,4,-1,-1
164,12889,655,1108,60,111,0.36488643,1,-1,-1
164,12892,792,528,234,120,0.3069176,5,-1,-1
165,12891,1662,1042,217,131,0.58128333,4,-1,-1
165,12883,1370,1009,215,157,0.44617492,4,-1,-1
165,12889,654,1103,63,116,0.43860847,1,-1,-1
165,12892,792,535,221,120,0.37047723,5,-1,-1
165,12893,1990,902,166,92,0.35874385,4,-1,-1
166,12891,1704,1051,218,133,0.6596969,4,-1,-1
166,12893,1972,898,154,89,0.5647455,4,-1,-1
166,12883,1407,1019,222,156,0.5513417,4,-1,-1
166,12889,656,1102,61,121,0.40779004,1,-1,-1
167,12891,1747,1064,218,129,0.587495,4,-1,-1
167,12893,1935,896,154,84,0.4569332,4,-1,-1
167,12883,1452,1025,214,153,0.33074453,4,-1,-1
168,12891,1789,1070,218,131,0.66344166,4,-1,-1
168,12893,1910,887,147,85,0.53879255,4,-1,-1
168,12894,742,541,238,120,0.5102228,5,-1,-1
168,12895,1040,1251,56,70,0.33705842,1,-1,-1
168,12896,664,1110,52,99,0.30017352,1,-1,-1
169,12891,1831,1078,223,129,0.6051374,4,-1,-1
169,12894,736,542,235,120,0.5668243,5,-1,-1
169,12893,1877,881,139,83,0.40876928,4,-1,-1
170,12891,1879,1088,218,131,0.72362596,4,-1,-1
170,12894,716,542,240,122,0.66389096,5,-1,-1
170,12893,1853,884,136,77,0.54455173,4,-1,-1
170,12897,1574,1058,228,160,0.47364002,4,-1,-1
171,12894,697,546,247,123,0.70886004,5,-1,-1
171,12891,1921,1102,219,120,0.3909706,4,-1,-1
172,12894,673,548,256,121,0.5073368,5,-1,-1
172,12898,1793,877,125,66,0.3035971,4,-1,-1
173,12894,655,551,247,123,0.42504644,5,-1,-1
174,12894,654,555,244,125,0.39190266,5,-1,-1
175,12894,634,557,250,126,0.48947665,5,-1,-1
176,12894,624,558,256,125,0.46786603,5,-1,-1
177,12894,603,557,259,130,0.5127543,5,-1,-1
178,12894,578,561,269,130,0.46179852,5,-1,-1
179,12894,558,561,272,131,0.46000022,5,-1,-1
180,12899,2064,1157,265,172,0.3922434,6,-1,-1
181,12900,538,553,260,132,0.63096046,5,-1,-1
181,12901,2425,1184,260,147,0.5820054,4,-1,-1
182,12900,516,542,267,133,0.62275684,5,-1,-1
183,12900,495,536,274,130,0.7218628,5,-1,-1
183,12902,2229,1157,272,181,0.36978677,6,-1,-1
183,12903,1510,476,56,43,0.3229128,4,-1,-1
184,12900,470,525,282,132,0.6010026,5,-1,-1
185,12900,461,523,276,136,0.6378089,5,-1,-1
186,12900,438,519,278,141,0.64962584,5,-1,-1
187,12900,414,521,287,140,0.5236227,5,-1,-1
187,12904,2457,855,235,151,0.3018962,6,-1,-1
188,12900,392,525,290,143,0.5867911,5,-1,-1
188,12904,2410,848,261,158,0.30816317,6,-1,-1
189,12900,368,523,296,148,0.5915736,5,-1,-1
189,12904,2386,851,262,152,0.35005754,6,-1,-1
190,12900,344,525,300,149,0.64928365,5,-1,-1
191,12900,321,528,304,151,0.65204465,5,-1,-1
192,12900,298,531,309,150,0.5345307,5,-1,-1
192,12905,2309,847,244,137,0.50498635,5,-1,-1
193,12900,273,535,317,151,0.53936255,5,-1,-1
194,12900,232,537,328,151,0.40176618,5,-1,-1
194,12906,2244,837,247,131,0.33809617,4,-1,-1
195,12900,210,542,328,153,0.5212386,5,-1,-1
196,12900,185,546,328,157,0.55142736,5,-1,-1
197,12907,165,547,331,155,0.620636,4,-1,-1
198,12907,135,550,344,159,0.6569662,4,-1,-1
199,12907,106,551,353,165,0.53896743,4,-1,-1
200,12907,70,564,354,155,0.48437345,4,-1,-1
200,12908,2102,816,224,128,0.35104868,5,-1,-1
200,12909,2102,816,224,128,0.31856236,4,-1,-1
201,12907,38,566,366,158,0.36857066,4,-1,-1
201,12910,38,566,366,158,0.4385715,5,-1,-1
202,12907,15,569,364,161,0.46465272,4,-1,-1
202,12910,15,569,364,161,0.30777407,5,-1,-1
203,12907,6,572,341,162,0.43481034,4,-1,-1
203,12910,6,572,341,162,0.36121085,5,-1,-1
204,12910,9,580,307,160,0.49762973,5,-1,-1
204,12911,1157,884,123,91,0.39764887,4,-1,-1
205,12911,1162,895,168,89,0.5727718,4,-1,-1
205,12910,7,582,293,161,0.46312556,5,-1,-1
205,12912,1963,800,222,124,0.6032457,6,-1,-1
205,12913,7,582,293,161,0.3135068,4,-1,-1
206,12912,1941,798,218,117,0.6507295,6,-1,-1
206,12910,9,583,256,156,0.5706044,5,-1,-1
206,12911,1207,905,160,89,0.41314334,4,-1,-1
207,12912,1919,797,213,114,0.54549736,6,-1,-1
207,12911,1235,911,175,95,0.45073366,4,-1,-1
207,12910,6,584,228,159,0.43984002,5,-1,-1
207,12914,981,897,148,90,0.56888074,4,-1,-1
208,12911,1259,917,178,90,0.6269468,4,-1,-1
208,12914,1000,900,158,95,0.5856046,4,-1,-1
208,12912,1896,794,211,103,0.39103913,6,-1,-1
208,12910,4,587,195,161,0.3540373,5,-1,-1
209,12914,1032,908,157,86,0.6709687,4,-1,-1
209,12910,1,588,178,156,0.6543937,5,-1,-1
209,12911,1299,927,177,87,0.6523564,4,-1,-1
209,12912,1866,793,211,96,0.3079,6,-1,-1
210,12910,1,591,147,151,0.73164433,5,-1,-1
210,12914,1060,915,160,87,0.58091724,4,-1,-1
210,12912,1844,790,210,101,0.57258356,6,-1,-1
210,12911,1340,934,176,90,0.46831322,4,-1,-1
211,12912,1816,785,213,111,0.80954814,6,-1,-1
211,12911,1368,940,180,90,0.7135242,4,-1,-1
211,12910,-1,593,118,149,0.6757566,5,-1,-1
211,12914,1094,922,156,83,0.58922,4,-1,-1
212,12912,1796,777,208,120,0.86361283,6,-1,-1
212,12914,1122,927,157,85,0.7788888,4,-1,-1
212,12911,1411,949,185,93,0.5538538,4,-1,-1
212,12910,2,594,87,154,0.47299403,5,-1,-1
213,12911,1448,958,190,97,0.8211463,4,-1,-1
213,12912,1774,775,205,114,0.7568111,6,-1,-1
213,12910,-2,597,58,175,0.4725059,5,-1,-1
213,12914,1148,931,161,87,0.46010315,4,-1,-1
214,12914,1180,937,171,94,0.71868455,4,-1,-1
214,12912,1748,765,215,117,0.71470326,6,-1,-1
214,12911,1486,966,194,100,0.7093541,4,-1,-1
215,12911,1526,972,202,104,0.7522436,4,-1,-1
215,12914,1220,945,165,93,0.7070805,4,-1,-1
215,12912,1732,763,203,112,0.39218858,6,-1,-1
215,12915,1732,763,203,112,0.34444115,4,-1,-1
215,12916,2636,893,53,65,0.33332956,4,-1,-1
216,12911,1566,980,203,109,0.8008587,4,-1,-1
216,12916,2600,893,89,62,0.60317266,4,-1,-1
216,12914,1250,955,169,93,0.54524994,4,-1,-1
216,12912,1706,759,206,110,0.3738448,6,-1,-1
216,12915,1696,760,208,108,0.35677555,4,-1,-1
217,12914,1288,965,165,91,0.79552126,4,-1,-1
217,12911,1610,990,204,108,0.7436273,4,-1,-1
217,12912,1691,756,197,108,0.4876822,6,-1,-1
217,12916,2570,890,118,62,0.46389118,4,-1,-1
218,12911,1650,999,213,111,0.75248957,4,-1,-1
218,12914,1322,969,174,96,0.5243045,4,-1,-1
218,12916,2544,883,146,69,0.39214653,4,-1,-1
218,12917,1655,750,203,107,0.41857982,4,-1,-1
219,12914,1360,980,180,102,0.67177296,4,-1,-1
219,12911,1694,1007,214,117,0.6041582,4,-1,-1
219,12916,2510,872,174,75,0.50392014,4,-1,-1
219,12918,1625,748,217,110,0.50559664,6,-1,-1
220,12911,1742,1017,223,118,0.6586948,4,-1,-1
220,12916,2479,868,172,71,0.5588616,4,-1,-1
220,12914,1403,985,177,104,0.5129444,4,-1,-1
220,12918,1610,749,205,103,0.38035303,6,-1,-1
220,12919,1610,749,205,103,0.37951234,4,-1,-1
221,12911,1790,1029,215,118,0.734108,4,-1,-1
221,12916,2455,865,165,67,0.65655345,4,-1,-1
221,12914,1432,999,184,102,0.6430716,4,-1,-1
221,12918,1589,745,200,103,0.5875663,6,-1,-1
221,12920,1061,1180,52,75,0.3249435,1,-1,-1
222,12911,1836,1043,224,111,0.7613553,4,-1,-1
222,12914,1473,1007,184,102,0.6507553,4,-1,-1
222,12918,1567,740,202,104,0.5637852,6,-1,-1
222,12916,2431,861,164,68,0.5409227,4,-1,-1
222,12920,1064,1181,48,74,0.33138824,1,-1,-1
223,12914,1509,1016,192,107,0.6879654,4,-1,-1
223,12911,1887,1053,229,117,0.6792828,4,-1,-1
223,12918,1547,737,196,106,0.4712672,6,-1,-1
223,12920,1064,1181,50,76,0.40062928,1,-1,-1
223,12916,2397,855,164,68,0.3923893,4,-1,-1
224,12911,1933,1065,231,113,0.71759915,4,-1,-1
224,12914,1556,1027,188,105,0.5922099,4,-1,-1
224,12916,2368,854,166,70,0.57469994,4,-1,-1
224,12918,1522,736,199,108,0.50305444,6,-1,-1
224,12920,1062,1183,49,72,0.33464906,1,-1,-1
224,12921,2644,1018,52,110,0.30770028,4,-1,-1
225,12914,1597,1039,193,109,0.73998797,4,-1,-1
225,12911,1990,1076,235,121,0.73986477,4,-1,-1
225,12916,2335,851,165,67,0.5397956,4,-1,-1
225,12918,1500,735,201,106,0.38410124,6,-1,-1
225,12921,2597,1013,98,107,0.31819496,4,-1,-1
226,12916,2307,845,169,68,0.75914097,4,-1,-1
226,12911,2041,1088,236,125,0.7419267,4,-1,-1
226,12921,2543,1005,156,102,0.65794474,4,-1,-1
226,12914,1638,1047,200,109,0.49265197,4,-1,-1
226,12918,1468,735,191,96,0.33800745,6,-1,-1
227,12914,1690,1058,201,113,0.8051156,4,-1,-1
227,12911,2092,1100,244,120,0.7832148,4,-1,-1
227,12921,2499,997,201,104,0.67861915,4,-1,-1
227,12916,2280,841,166,72,0.6410346,4,-1,-1
228,12911,2146,1111,248,123,0.73001385,4,-1,-1
228,12914,1739,1068,196,110,0.6725422,4,-1,-1
228,12916,2248,838,169,72,0.5994744,4,-1,-1
228,12921,2445,988,221,99,0.5815223,4,-1,-1
228,12922,1427,729,192,103,0.32556787,6,-1,-1
229,12914,1785,1080,201,115,0.8292679,4,-1,-1
229,12911,2201,1122,255,123,0.78305227,4,-1,-1
229,12921,2395,981,214,102,0.5789022,4,-1,-1
229,12916,2219,833,170,72,0.54030806,4,-1,-1
229,12922,1423,729,185,101,0.489556,6,-1,-1
230,12911,2263,1140,257,123,0.86218894,4,-1,-1
230,12916,2200,830,160,71,0.74533385,4,-1,-1
230,12914,1837,1090,203,117,0.68717074,4,-1,-1
230,12921,2356,975,207,100,0.6567343,4,-1,-1
231,12914,1887,1104,206,114,0.8308346,4,-1,-1
231,12911,2327,1151,259,127,0.79486924,4,-1,-1
231,12921,2312,968,203,96,0.644164,4,-1,-1
231,12916,2170,826,154,70,0.6409034,4,-1,-1
231,12923,2684,902,15,89,0.42607075,4,-1,-1
232,12914,1939,1115,212,117,0.8182784,4,-1,-1
232,12911,2385,1164,266,125,0.78192157,4,-1,-1
232,12921,2269,958,202,94,0.76579535,4,-1,-1
232,12916,2145,823,161,71,0.70718795,4,-1,-1
232,12923,2646,905,52,86,0.5267785,4,-1,-1
233,12914,1986,1126,217,119,0.80400664,4,-1,-1
233,12916,2121,819,150,70,0.7738781,4,-1,-1
233,12911,2444,1182,243,119,0.70166236,4,-1,-1
233,12921,2226,950,201,91,0.58013326,4,-1,-1
233,12923,2625,905,71,79,0.538887,4,-1,-1
234,12914,2038,1138,225,125,0.8515401,4,-1,-1
234,12921,2186,945,197,96,0.70162386,4,-1,-1
234,12923,2589,903,107,78,0.69285977,4,-1,-1
234,12911,2508,1191,194,132,0.6751425,4,-1,-1
234,12916,2096,816,148,70,0.5184396,4,-1,-1
235,12921,2148,936,190,94,0.78244245,4,-1,-1
235,12914,2098,1151,230,128,0.7085211,4,-1,-1
235,12923,2557,903,141,82,0.633752,4,-1,-1
235,12916,2068,814,145,64,0.5580925,4,-1,-1
235,12911,2580,1203,120,156,0.5434007,4,-1,-1
236,12914,2149,1162,235,128,0.75943965,4,-1,-1
236,12916,2040,808,149,68,0.74598294,4,-1,-1
236,12923,2518,899,181,83,0.57211065,4,-1,-1
236,12921,2104,929,193,91,0.57081234,4,-1,-1
236,12911,2646,1208,52,158,0.4195812,4,-1,-1
237,12914,2212,1176,236,133,0.83758366,4,-1,-1
237,12921,2068,924,185,92,0.72695243,4,-1,-1
237,12916,2017,805,142,66,0.7188647,4,-1,-1
237,12923,2493,897,187,78,0.5370458,4,-1,-1
238,12914,2274,1191,240,132,0.7665098,4,-1,-1
238,12921,2028,914,181,92,0.69793487,4,-1,-1
238,12923,2465,893,185,75,0.61830443,4,-1,-1
238,12916,1994,804,140,66,0.5714088,4,-1,-1
239,12914,2334,1203,247,134,0.6898769,4,-1,-1
239,12923,2434,888,177,74,0.55408216,4,-1,-1
239,12921,1988,907,179,89,0.53573895,4,-1,-1
239,12916,1965,799,142,64,0.531369,4,-1,-1
240,12914,2394,1216,257,138,0.7821657,4,-1,-1
240,12923,2409,882,175,81,0.6970283,4,-1,-1
240,12921,1954,897,180,93,0.6534549,4,-1,-1
240,12916,1943,797,140,66,0.5830283,4,-1,-1
241,12914,2460,1229,236,145,0.6841998,4,-1,-1
241,12921,1917,892,176,91,0.6628052,4,-1,-1
241,12923,2381,879,176,81,0.60309935,4,-1,-1
241,12916,1920,792,138,66,0.5325383,4,-1,-1
241,12924,1,592,56,79,0.34870723,4,-1,-1
242,12921,1878,886,177,88,0.6852249,4,-1,-1
242,12916,1899,788,133,66,0.67253965,4,-1,-1
242,12923,2348,874,176,83,0.64022475,4,-1,-1
242,12914,2520,1240,178,143,0.4314886,4,-1,-1
243,12916,1872,784,137,68,0.7513275,4,-1,-1
243,12921,1841,879,174,89,0.6368038,4,-1,-1
243,12923,2318,871,175,80,0.5046009,4,-1,-1
243,12914,2604,1253,91,154,0.44045618,4,-1,-1
244,12916,1856,780,129,68,0.73850936,4,-1,-1
244,12921,1812,871,167,93,0.6222809,4,-1,-1
244,12923,2288,865,175,81,0.5566905,4,-1,-1
244,12914,2673,1263,25,166,0.34908777,4,-1,-1
245,12923,2262,860,176,86,0.7064886,4,-1,-1
245,12921,1772,863,168,89,0.6347205,4,-1,-1
245,12916,1838,772,126,76,0.6063448,4,-1,-1
246,12921,1736,858,169,89,0.65785706,4,-1,-1
246,12923,2236,853,174,87,0.6551007,4,-1,-1
246,12916,1813,767,125,73,0.52343464,4,-1,-1
247,12916,1796,765,120,72,0.60758746,4,-1,-1
247,12923,2201,850,177,91,0.5138014,4,-1,-1
247,12925,1708,854,162,87,0.31131476,6,-1,-1
248,12923,2182,845,169,84,0.6071085,4,-1,-1
248,12916,1773,763,118,69,0.55392003,4,-1,-1
248,12926,1673,849,158,80,0.39233613,4,-1,-1
249,12923,2159,844,167,82,0.69135153,4,-1,-1
249,12916,1741,757,120,69,0.5709679,4,-1,-1
249,12926,1648,844,152,80,0.3657581,4,-1,-1
250,12923,2136,843,160,77,0.75161093,4,-1,-1
250,12916,1716,754,129,69,0.5708447,4,-1,-1
250,12927,1611,840,152,78,0.46623498,6,-1,-1
251,12923,2114,842,154,78,0.6474901,4,-1,-1
251,12916,1701,752,129,71,0.44650257,4,-1,-1
251,12928,1584,831,151,82,0.39358446,4,-1,-1
252,12928,1548,826,149,80,0.6685675,4,-1,-1
252,12923,2086,838,156,74,0.5609701,4,-1,-1
252,12916,1676,749,126,67,0.51161546,4,-1,-1
252,12929,2239,642,93,46,0.363824,4,-1,-1
253,12923,2062,836,155,75,0.712135,4,-1,-1
253,12916,1661,747,130,69,0.6513368,4,-1,-1
253,12928,1515,825,148,78,0.5513401,4,-1,-1
253,12929,2235,639,100,53,0.3527786,4,-1,-1
254,12923,2036,835,158,75,0.58553123,4,-1,-1
254,12928,1488,818,142,75,0.43562448,4,-1,-1
254,12916,1645,742,125,74,0.39709982,4,-1,-1
255,12923,2012,833,159,78,0.5385223,4,-1,-1
255,12928,1456,816,140,72,0.36367187,4,-1,-1
256,12923,1988,826,160,82,0.5649909,4,-1,-1
256,12928,1422,812,143,67,0.5461769,4,-1,-1
257,12923,1966,830,155,75,0.51252186,4,-1,-1
258,12923,1934,830,158,70,0.53914875,4,-1,-1
258,12930,1377,816,122,56,0.3314218,4,-1,-1
259,12923,1916,829,148,73,0.5874347,4,-1,-1
260,12923,1893,825,147,74,0.6157383,4,-1,-1
261,12923,1871,827,143,62,0.52850467,4,-1,-1
262,12923,1849,822,145,68,0.49797547,4,-1,-1
262,12931,1849,822,145,68,0.32889748,6,-1,-1
263,12923,1821,818,150,70,0.38699675,4,-1,-1
