1,19461,-1,443,67,90,0.45415747,6,-1,-1
1,19462,226,681,214,104,0.42545518,4,-1,-1
2,19462,201,672,265,114,0.5112149,4,-1,-1
2,19461,-1,444,72,85,0.428764,6,-1,-1
2,19463,408,694,51,87,0.40293768,1,-1,-1
3,19461,0,445,70,82,0.41797522,6,-1,-1
4,19464,1,447,68,79,0.39623877,5,-1,-1
4,19465,286,658,254,109,0.37589586,4,-1,-1
4,19466,1,453,70,75,0.30555436,4,-1,-1
5,19464,2,448,66,77,0.44564393,5,-1,-1
6,19464,1,454,67,73,0.37836972,5,-1,-1
6,19467,1327,484,295,129,0.3826963,6,-1,-1
6,19468,2,448,65,77,0.36346605,6,-1,-1
7,19468,1,454,66,75,0.44109115,6,-1,-1
7,19469,575,663,53,81,0.31091774,1,-1,-1
8,19468,1,446,65,80,0.4662922,6,-1,-1
9,19468,1,447,64,77,0.52523625,6,-1,-1
10,19468,1,448,63,77,0.5242452,6,-1,-1
11,19468,1,446,62,81,0.48596594,6,-1,-1
11,19470,0,580,12,92,0.3351317,1,-1,-1
12,19468,1,454,63,75,0.4558576,6,-1,-1
12,19470,0,582,13,91,0.40369,1,-1,-1
12,19471,2338,1026,231,134,0.3407113,3,-1,-1
12,19472,561,621,212,95,0.33115605,4,-1,-1
12,19473,0,582,13,91,0.32722902,4,-1,-1
13,19468,1,450,61,73,0.40254647,6,-1,-1
13,19471,2335,1025,239,135,0.31790808,3,-1,-1
14,19468,1,448,61,76,0.42201003,6,-1,-1
14,19471,2332,1024,247,136,0.3083775,3,-1,-1
15,19468,1,448,62,77,0.4646876,6,-1,-1
15,19471,2343,1021,268,139,0.32706326,3,-1,-1
15,19474,651,604,198,86,0.39103392,4,-1,-1
15,19475,0,589,8,83,0.37498295,4,-1,-1
15,19476,0,589,8,83,0.30321082,5,-1,-1
16,19468,0,448,61,77,0.5021714,6,-1,-1
16,19474,668,600,206,87,0.40296602,4,-1,-1
17,19468,0,447,62,78,0.5236527,6,-1,-1
18,19468,0,445,60,80,0.5684321,6,-1,-1
18,19477,718,595,195,94,0.37436467,4,-1,-1
19,19468,0,448,65,75,0.55677956,6,-1,-1
19,19477,761,589,187,89,0.39774525,4,-1,-1
19,19478,2345,1030,221,123,0.3608472,3,-1,-1
20,19477,785,584,193,92,0.52068794,4,-1,-1
20,19468,0,447,76,77,0.47234356,6,-1,-1
20,19478,2361,1024,272,138,0.41409945,3,-1,-1
21,19468,3,449,98,70,0.52916944,6,-1,-1
21,19478,2388,1024,263,138,0.45053083,3,-1,-1
21,19477,832,584,180,89,0.37321597,4,-1,-1
22,19468,14,450,115,68,0.6617209,6,-1,-1
22,19477,872,580,185,90,0.5775922,4,-1,-1
23,19477,921,576,171,89,0.55006254,4,-1,-1
23,19468,41,451,110,65,0.5366537,6,-1,-1
23,19479,2,432,48,50,0.5766376,4,-1,-1
23,19480,2643,1080,58,107,0.4171974,1,-1,-1
23,19481,2421,1026,247,140,0.32741198,3,-1,-1
24,19468,68,450,109,62,0.5043347,6,-1,-1
24,19477,964,573,172,89,0.47506982,4,-1,-1
24,19479,15,435,45,41,0.44973952,4,-1,-1
24,19481,2440,1039,246,141,0.43976638,3,-1,-1
25,19468,105,452,103,62,0.5655849,6,-1,-1
25,19477,1004,571,177,78,0.51370233,4,-1,-1
25,19481,2479,1041,208,140,0.3451833,3,-1,-1
25,19482,43,439,49,32,0.51759064,4,-1,-1
25,19483,545,458,72,36,0.3219894,4,-1,-1
26,19468,126,452,108,60,0.58234227,6,-1,-1
26,19477,1047,566,170,85,0.5526938,4,-1,-1
26,19482,65,439,55,34,0.46398216,4,-1,-1
26,19481,2515,1044,176,144,0.39292732,3,-1,-1
27,19477,1092,565,165,84,0.6020486,4,-1,-1
27,19482,91,435,62,36,0.51919746,4,-1,-1
27,19468,153,452,106,59,0.3465565,6,-1,-1
27,19481,2554,1063,138,135,0.32355574,3,-1,-1
27,19484,153,452,106,59,0.42667723,4,-1,-1
27,19485,153,452,106,59,0.39024854,5,-1,-1
28,19484,176,450,108,60,0.55296737,4,-1,-1
28,19482,123,436,71,38,0.48109627,4,-1,-1
28,19477,1126,562,160,82,0.34302288,4,-1,-1
28,19485,176,450,108,60,0.33372185,5,-1,-1
28,19486,1,520,13,49,0.35419673,1,-1,-1
28,19487,1,520,13,49,0.32105356,4,-1,-1
29,19487,4,529,58,38,0.59533525,4,-1,-1
29,19477,1182,563,153,76,0.5359362,4,-1,-1
29,19482,152,436,60,35,0.39078933,4,-1,-1
29,19488,211,447,99,65,0.51087934,6,-1,-1
29,19489,2610,1071,73,126,0.33375874,3,-1,-1
30,19488,232,447,105,62,0.50066936,6,-1,-1
30,19487,1,495,16,52,0.49452978,4,-1,-1
30,19477,1205,557,165,82,0.48846906,4,-1,-1
30,19482,191,435,60,35,0.30423132,4,-1,-1
30,19490,36,538,68,31,0.41978744,4,-1,-1
31,19490,1,516,47,57,0.45268032,4,-1,-1
31,19477,1252,560,150,76,0.44001195,4,-1,-1
31,19482,197,432,56,35,0.42359704,4,-1,-1
31,19491,257,447,106,61,0.4837295,4,-1,-1
31,19492,257,447,106,61,0.42283252,5,-1,-1
31,19493,66,538,72,33,0.36594,4,-1,-1
31,19494,2638,1062,51,115,0.30158386,1,-1,-1
32,19477,1290,549,153,80,0.5851844,4,-1,-1
32,19490,17,527,65,41,0.5160115,4,-1,-1
32,19491,230,431,62,39,0.47705704,4,-1,-1
32,19493,98,539,80,32,0.40434825,4,-1,-1
32,19492,277,446,111,62,0.31409842,5,-1,-1
32,19495,277,446,111,62,0.48320407,6,-1,-1
32,19496,1601,941,171,95,0.39310637,4,-1,-1
33,19495,318,448,95,61,0.47556743,6,-1,-1
33,19490,48,528,81,40,0.4554,4,-1,-1
33,19477,1321,551,148,76,0.44574857,4,-1,-1
33,19491,252,437,59,38,0.42853335,4,-1,-1
33,19493,138,534,72,30,0.33310282,4,-1,-1
33,19497,53,419,84,38,0.49534714,4,-1,-1
33,19498,27,489,65,46,0.4277004,4,-1,-1
33,19499,306,448,102,58,0.33865884,4,-1,-1
34,19497,77,416,86,41,0.66469026,4,-1,-1
34,19477,1363,550,144,74,0.6603233,4,-1,-1
34,19491,276,431,59,37,0.57706624,4,-1,-1
34,19498,51,482,59,41,0.5145986,4,-1,-1
34,19490,84,530,75,37,0.43202114,4,-1,-1
34,19499,323,447,107,59,0.3931633,4,-1,-1
34,19495,337,447,100,62,0.36054957,6,-1,-1
34,19493,166,537,65,35,0.3032654,4,-1,-1
34,19500,1692,960,175,99,0.40331587,4,-1,-1
34,19501,323,447,107,59,0.36080265,5,-1,-1
35,19498,55,483,52,37,0.6367169,4,-1,-1
35,19495,340,446,96,63,0.6348392,6,-1,-1
35,19490,102,530,61,39,0.55298686,4,-1,-1
35,19491,279,430,53,37,0.46739328,4,-1,-1
35,19477,1386,547,147,78,0.3862906,4,-1,-1
36,19498,51,480,52,38,0.69915855,4,-1,-1
36,19495,344,447,92,61,0.67417747,6,-1,-1
36,19477,1400,545,142,78,0.62926835,4,-1,-1
36,19491,281,432,52,36,0.5104173,4,-1,-1
36,19490,114,530,58,40,0.43435842,4,-1,-1
36,19502,90,419,86,38,0.57940346,4,-1,-1
36,19503,198,537,65,37,0.45299968,4,-1,-1
36,19504,1762,977,182,100,0.34071845,4,-1,-1
37,19498,46,478,52,39,0.7861511,4,-1,-1
37,19495,343,447,93,62,0.6736872,6,-1,-1
37,19490,120,536,66,39,0.65711117,4,-1,-1
37,19502,95,420,81,36,0.6021114,4,-1,-1
37,19477,1423,545,140,75,0.5864742,4,-1,-1
37,19491,281,431,52,36,0.569084,4,-1,-1
37,19503,205,538,62,38,0.4670994,4,-1,-1
37,19505,0,496,7,42,0.35634604,4,-1,-1
38,19490,128,536,61,41,0.71934426,4,-1,-1
38,19495,341,448,94,60,0.65479416,6,-1,-1
38,19503,213,538,64,41,0.6361284,4,-1,-1
38,19477,1427,543,153,76,0.55620396,4,-1,-1
38,19498,37,478,58,40,0.55339795,4,-1,-1
38,19491,281,431,50,36,0.550469,4,-1,-1
38,19502,93,420,81,37,0.47301516,4,-1,-1
38,19505,1,497,8,40,0.4058717,4,-1,-1
39,19490,134,537,65,42,0.6380007,4,-1,-1
39,19498,33,479,51,36,0.63350064,4,-1,-1
39,19505,3,495,14,40,0.6023097,4,-1,-1
39,19495,339,447,98,60,0.6016532,6,-1,-1
39,19503,216,540,69,40,0.58902997,4,-1,-1
39,19491,283,430,51,37,0.56598717,4,-1,-1
39,19477,1450,540,143,75,0.49909917,4,-1,-1
39,19502,91,420,85,38,0.4853312,4,-1,-1
40,19490,142,539,67,41,0.7950959,4,-1,-1
40,19498,25,479,53,35,0.5918305,4,-1,-1
40,19491,280,431,52,36,0.55968493,4,-1,-1
40,19505,2,495,19,40,0.55601037,4,-1,-1
40,19495,339,449,99,56,0.55103207,6,-1,-1
40,19502,92,420,83,38,0.4703877,4,-1,-1
40,19503,228,544,58,38,0.42585123,4,-1,-1
40,19477,1467,542,141,68,0.4243243,4,-1,-1
40,19506,1469,828,133,67,0.41113904,4,-1,-1
40,19507,1467,542,141,68,0.35690328,6,-1,-1
40,19508,1889,1006,191,103,0.32654914,4,-1,-1
40,19509,332,449,96,53,0.30099398,4,-1,-1
41,19490,149,542,65,42,0.7659686,4,-1,-1
41,19505,0,496,31,43,0.75580883,4,-1,-1
41,19503,235,546,67,41,0.6720986,4,-1,-1
41,19495,339,448,98,57,0.5757253,6,-1,-1
41,19491,279,431,56,35,0.55652714,4,-1,-1
41,19477,1488,543,141,66,0.5067628,4,-1,-1
41,19502,91,419,86,39,0.4846029,4,-1,-1
41,19508,1925,1016,196,104,0.47345942,4,-1,-1
41,19498,20,478,51,36,0.4670506,4,-1,-1
41,19506,1497,832,134,67,0.42801845,4,-1,-1
42,19490,152,543,71,43,0.61904854,4,-1,-1
42,19505,0,496,35,44,0.61800534,4,-1,-1
42,19502,91,419,86,39,0.58122927,4,-1,-1
42,19508,1955,1022,198,105,0.54361564,4,-1,-1
42,19503,237,545,69,42,0.5192109,4,-1,-1
42,19495,340,450,96,56,0.51666814,6,-1,-1
42,19506,1520,838,139,71,0.48153085,4,-1,-1
42,19491,278,431,59,36,0.4309621,4,-1,-1
42,19477,1498,541,139,68,0.3544167,4,-1,-1
42,19510,332,451,96,52,0.35969844,4,-1,-1
43,19477,1514,534,141,69,0.58663213,4,-1,-1
43,19502,90,417,88,41,0.5789176,4,-1,-1
43,19506,1550,847,138,69,0.5381612,4,-1,-1
43,19508,1991,1034,202,105,0.53425777,4,-1,-1
43,19490,162,546,69,42,0.5115743,4,-1,-1
43,19495,339,448,95,59,0.47783753,6,-1,-1
43,19511,4,473,56,47,0.679091,4,-1,-1
43,19512,321,420,23,39,0.3345633,1,-1,-1
43,19513,1923,449,57,53,0.32681167,5,-1,-1
44,19511,-1,496,55,52,0.6576386,4,-1,-1
44,19490,170,548,69,43,0.5905965,4,-1,-1
44,19495,339,447,96,61,0.5888586,6,-1,-1
44,19508,2028,1042,204,105,0.57202685,4,-1,-1
44,19506,1572,851,147,71,0.54967594,4,-1,-1
44,19477,1534,533,134,68,0.5357668,4,-1,-1
44,19513,1923,448,56,54,0.51410383,5,-1,-1
44,19512,321,422,24,38,0.3061359,1,-1,-1
44,19514,258,555,63,39,0.33722392,4,-1,-1
45,19511,1,501,55,51,0.65785843,4,-1,-1
45,19506,1602,858,147,73,0.614137,4,-1,-1
45,19477,1541,532,139,69,0.5857751,4,-1,-1
45,19513,1922,447,54,54,0.47740927,5,-1,-1
45,19495,338,447,96,62,0.43059376,6,-1,-1
45,19508,2062,1052,202,109,0.42834434,4,-1,-1
45,19490,174,548,68,45,0.3903609,4,-1,-1
45,19512,320,429,24,38,0.32765028,1,-1,-1
46,19506,1627,868,155,70,0.6975739,4,-1,-1
46,19477,1557,531,135,67,0.65813136,4,-1,-1
46,19511,3,502,58,50,0.64043146,4,-1,-1
46,19508,2101,1059,207,113,0.5903347,4,-1,-1
46,19513,1920,448,55,55,0.4437168,5,-1,-1
46,19515,327,448,104,59,0.39022735,4,-1,-1
46,19516,277,432,57,38,0.32221082,4,-1,-1
46,19517,327,448,104,59,0.30209845,5,-1,-1
47,19506,1654,875,156,69,0.5583886,4,-1,-1
47,19477,1576,530,132,68,0.54383045,4,-1,-1
47,19511,2,503,71,52,0.51262516,4,-1,-1
47,19508,2134,1069,220,123,0.50655067,4,-1,-1
47,19513,1919,446,55,55,0.47383055,5,-1,-1
47,19515,326,449,103,57,0.46316633,4,-1,-1
47,19516,278,431,54,36,0.3901664,4,-1,-1
47,19517,326,449,103,57,0.3469572,5,-1,-1
47,19518,194,555,60,44,0.44465977,4,-1,-1
47,19519,315,436,31,37,0.32477108,1,-1,-1
48,19477,1584,527,133,67,0.66901135,4,-1,-1
48,19506,1688,882,157,72,0.5628253,4,-1,-1
48,19508,2172,1080,223,120,0.53075266,4,-1,-1
48,19511,0,472,27,46,0.4849348,4,-1,-1
48,19515,326,449,97,57,0.47896937,4,-1,-1
48,19513,1916,447,59,55,0.38142058,5,-1,-1
48,19516,280,434,51,36,0.37760866,4,-1,-1
48,19517,326,449,97,57,0.33232024,5,-1,-1
48,19519,315,437,30,36,0.32289103,1,-1,-1
48,19520,8,508,72,48,0.45813704,4,-1,-1
48,19521,1916,447,59,55,0.30799308,4,-1,-1
49,19506,1717,889,158,72,0.7462294,4,-1,-1
49,19520,17,512,67,45,0.7248484,4,-1,-1
49,19511,1,471,21,42,0.54865104,4,-1,-1
49,19508,2214,1088,224,124,0.49899375,4,-1,-1
49,19516,282,438,47,35,0.38885438,4,-1,-1
49,19519,311,439,39,34,0.34847456,1,-1,-1
49,19515,327,451,94,55,0.33028477,4,-1,-1
49,19517,327,451,94,55,0.31706488,5,-1,-1
49,19522,209,560,69,43,0.771065,4,-1,-1
49,19523,327,451,94,55,0.34883812,6,-1,-1
49,19524,1604,522,128,69,0.33904973,6,-1,-1
50,19520,25,513,65,47,0.735063,4,-1,-1
50,19511,1,470,16,43,0.53778774,4,-1,-1
50,19523,327,452,95,54,0.44587943,6,-1,-1
50,19508,2249,1096,241,128,0.4224049,4,-1,-1
50,19506,1742,894,165,76,0.41135573,4,-1,-1
50,19516,282,440,47,33,0.3941102,4,-1,-1
50,19522,215,565,71,44,0.38368222,4,-1,-1
50,19515,327,452,95,54,0.30242643,4,-1,-1
50,19525,79,421,80,37,0.58232015,4,-1,-1
50,19526,1624,527,119,64,0.5218285,4,-1,-1
50,19527,1912,444,62,55,0.3070111,5,-1,-1
51,19522,223,565,72,44,0.6586175,4,-1,-1
51,19506,1781,901,166,81,0.64534664,4,-1,-1
51,19520,35,514,64,46,0.6274976,4,-1,-1
51,19525,80,421,82,38,0.56822616,4,-1,-1
51,19523,325,452,100,53,0.40877852,6,-1,-1
51,19511,0,472,8,44,0.36873293,4,-1,-1
51,19526,1637,521,115,66,0.33686957,4,-1,-1
51,19516,281,439,47,33,0.32983637,4,-1,-1
51,19515,325,452,100,53,0.3076553,4,-1,-1
51,19528,530,562,66,48,0.5126777,4,-1,-1
51,19529,325,420,16,35,0.36798853,1,-1,-1
51,19530,2295,1107,234,134,0.3295622,5,-1,-1
52,19520,41,517,63,46,0.7585616,4,-1,-1
52,19506,1815,911,164,75,0.6416266,4,-1,-1
52,19522,232,568,67,42,0.55981594,4,-1,-1
52,19529,324,420,17,35,0.4691128,1,-1,-1
52,19528,516,559,64,49,0.462545,4,-1,-1
52,19523,327,452,95,53,0.43553314,6,-1,-1
52,19530,2334,1117,245,129,0.33545572,5,-1,-1
52,19525,80,421,79,38,0.31451264,4,-1,-1
52,19531,1905,447,66,58,0.43330163,5,-1,-1
52,19532,1644,516,123,67,0.37246627,6,-1,-1
53,19520,47,519,64,47,0.74859655,4,-1,-1
53,19506,1840,918,172,80,0.5351605,4,-1,-1
53,19522,235,569,76,45,0.4361251,4,-1,-1
53,19523,326,453,94,54,0.4244698,6,-1,-1
53,19529,325,422,18,35,0.391754,1,-1,-1
53,19528,502,555,67,48,0.31420478,4,-1,-1
53,19525,82,422,75,38,0.30824316,4,-1,-1
53,19533,2388,1129,248,136,0.47354236,4,-1,-1
53,19534,326,453,94,54,0.3506023,4,-1,-1
54,19506,1880,926,170,79,0.7067212,4,-1,-1
54,19523,326,450,95,59,0.64102703,6,-1,-1
54,19520,55,520,66,48,0.59867394,4,-1,-1
54,19533,2431,1139,250,132,0.57351744,4,-1,-1
54,19528,489,555,68,46,0.5523344,4,-1,-1
54,19522,245,573,75,45,0.475301,4,-1,-1
54,19525,79,421,79,37,0.41964972,4,-1,-1
54,19535,1670,516,124,63,0.4476107,4,-1,-1
54,19536,334,579,87,45,0.43566456,4,-1,-1
54,19537,314,436,27,33,0.32264093,1,-1,-1
54,19538,283,439,45,34,0.30215865,4,-1,-1
55,19520,59,522,68,48,0.75546485,4,-1,-1
55,19523,325,448,94,61,0.6635945,6,-1,-1
55,19533,2471,1147,232,140,0.5985339,4,-1,-1
55,19506,1917,931,171,84,0.5797153,4,-1,-1
55,19522,258,574,69,46,0.55591923,4,-1,-1
55,19536,353,579,79,48,0.49369094,4,-1,-1
55,19538,283,440,44,35,0.4279392,4,-1,-1
55,19537,313,437,26,33,0.36614344,1,-1,-1
55,19539,1675,510,127,70,0.30880755,5,-1,-1
56,19523,324,449,96,60,0.7073402,6,-1,-1
56,19520,63,523,70,49,0.67419857,4,-1,-1
56,19522,258,574,73,47,0.5873448,4,-1,-1
56,19536,352,582,90,47,0.5420893,4,-1,-1
56,19506,1955,941,176,86,0.5388573,4,-1,-1
56,19538,280,438,50,36,0.5058198,4,-1,-1
56,19533,2519,1162,179,150,0.45854783,4,-1,-1
56,19540,1891,452,70,51,0.36308616,4,-1,-1
56,19541,76,422,82,38,0.3618393,4,-1,-1
56,19542,462,554,73,44,0.33520445,4,-1,-1
56,19543,1701,514,113,64,0.3005,4,-1,-1
57,19523,323,448,96,60,0.71275395,6,-1,-1
57,19522,275,578,65,46,0.7048576,4,-1,-1
57,19538,280,437,46,36,0.574499,4,-1,-1
57,19543,1714,512,116,63,0.5362455,4,-1,-1
57,19506,1983,950,184,85,0.49790537,4,-1,-1
57,19520,74,530,69,47,0.49444875,4,-1,-1
57,19533,2579,1172,121,177,0.46275684,4,-1,-1
57,19541,77,422,79,37,0.32270116,4,-1,-1
58,19523,320,448,97,61,0.6981009,6,-1,-1
58,19522,278,579,68,46,0.6928044,4,-1,-1
58,19520,78,530,71,49,0.6438817,4,-1,-1
58,19506,2022,958,186,88,0.54572004,4,-1,-1
58,19538,278,438,47,37,0.54260296,4,-1,-1
58,19543,1714,511,120,65,0.51122457,4,-1,-1
58,19541,77,421,80,36,0.50884897,4,-1,-1
58,19533,2627,1170,73,190,0.3905486,4,-1,-1
58,19544,1889,452,71,56,0.3847796,4,-1,-1
59,19520,84,531,71,50,0.7458554,4,-1,-1
59,19506,2057,967,193,88,0.60254425,4,-1,-1
59,19523,321,449,99,60,0.59639883,6,-1,-1
59,19541,77,421,81,37,0.53200406,4,-1,-1
59,19522,290,583,67,48,0.5284548,4,-1,-1
59,19538,277,437,46,37,0.49806547,4,-1,-1
59,19533,2672,1176,28,259,0.3409877,4,-1,-1
59,19545,1335,433,67,36,0.37118638,5,-1,-1
59,19546,1736,510,107,67,0.332413,6,-1,-1
60,19522,293,585,72,51,0.6739091,4,-1,-1
60,19523,321,450,98,58,0.61287653,6,-1,-1
60,19520,90,534,70,50,0.5693568,4,-1,-1
60,19541,78,422,79,37,0.5071374,4,-1,-1
60,19506,2099,975,193,94,0.50068974,4,-1,-1
60,19538,277,437,46,37,0.45279866,4,-1,-1
60,19545,1336,433,73,33,0.3571979,5,-1,-1
60,19547,404,574,75,60,0.490171,4,-1,-1
60,19548,1336,433,73,33,0.43371218,4,-1,-1
60,19549,426,544,61,51,0.37730524,4,-1,-1
60,19550,1882,452,78,58,0.36295357,5,-1,-1
60,19551,1745,509,112,63,0.32876033,5,-1,-1
61,19506,2137,984,199,92,0.66034126,4,-1,-1
61,19523,322,451,97,57,0.614652,6,-1,-1
61,19522,298,586,74,55,0.55406535,4,-1,-1
61,19545,1335,433,66,36,0.45483345,5,-1,-1
61,19520,100,536,66,51,0.45347032,4,-1,-1
61,19547,397,588,88,48,0.42190105,4,-1,-1
61,19538,277,439,46,36,0.41953832,4,-1,-1
61,19541,76,422,82,36,0.38616297,4,-1,-1
61,19548,1335,433,66,36,0.3685909,4,-1,-1
61,19551,1765,509,103,61,0.36478856,5,-1,-1
61,19549,411,540,60,45,0.35616115,4,-1,-1
61,19552,100,536,66,51,0.54735374,5,-1,-1
61,19553,1765,509,103,61,0.30561516,4,-1,-1
62,19520,105,536,70,51,0.70260257,4,-1,-1
62,19549,401,536,64,48,0.6863613,4,-1,-1
62,19523,323,450,97,55,0.5446795,6,-1,-1
62,19506,2173,988,210,97,0.5256083,4,-1,-1
62,19522,302,584,70,56,0.49828696,4,-1,-1
62,19541,76,423,80,36,0.35977077,4,-1,-1
62,19552,105,536,70,51,0.32436955,5,-1,-1
62,19538,269,438,47,35,0.3092127,4,-1,-1
62,19551,1765,505,114,62,0.30030158,5,-1,-1
62,19554,1860,451,92,59,0.43655425,5,-1,-1
63,19522,310,583,76,52,0.7265242,4,-1,-1
63,19523,327,447,94,59,0.66541356,6,-1,-1
63,19506,2215,995,217,107,0.6257236,4,-1,-1
63,19520,109,536,74,52,0.5426233,4,-1,-1
63,19549,392,535,60,41,0.41281724,4,-1,-1
63,19554,1863,453,89,56,0.34166107,5,-1,-1
64,19520,121,537,68,51,0.7383338,4,-1,-1
64,19506,2255,1004,219,104,0.5866688,4,-1,-1
64,19522,320,586,71,50,0.55787885,4,-1,-1
64,19554,1854,452,94,60,0.49159214,5,-1,-1
64,19523,327,442,93,65,0.439343,6,-1,-1
64,19549,383,534,61,41,0.43741086,4,-1,-1
64,19555,268,434,49,34,0.5130508,4,-1,-1
64,19556,327,442,93,65,0.43559083,9,-1,-1
64,19557,1800,497,104,60,0.3296084,5,-1,-1
65,19520,126,539,71,52,0.8160321,4,-1,-1
65,19506,2302,1013,221,112,0.65436876,4,-1,-1
65,19554,1847,451,103,60,0.5325279,5,-1,-1
65,19522,316,586,82,51,0.51976126,4,-1,-1
65,19556,322,440,98,66,0.5146524,9,-1,-1
65,19555,268,431,50,34,0.49989238,4,-1,-1
65,19549,371,527,60,43,0.4674642,4,-1,-1
65,19523,322,440,98,66,0.42292643,6,-1,-1
66,19522,339,586,71,51,0.6391612,4,-1,-1
66,19520,130,539,75,52,0.5948886,4,-1,-1
66,19506,2347,1025,220,107,0.5927755,4,-1,-1
66,19549,367,527,55,41,0.544073,4,-1,-1
66,19523,320,441,99,62,0.48062044,6,-1,-1
66,19555,269,430,50,36,0.4413206,4,-1,-1
66,19554,1845,450,104,62,0.4391517,5,-1,-1
66,19556,320,441,99,62,0.38489386,9,-1,-1
66,19558,72,415,85,38,0.43241116,4,-1,-1
67,19520,136,541,75,52,0.7186216,4,-1,-1
67,19506,2400,1035,225,112,0.67544496,4,-1,-1
67,19523,318,441,100,63,0.50763094,6,-1,-1
67,19522,345,588,68,50,0.47181764,4,-1,-1
67,19549,356,523,58,44,0.45502502,4,-1,-1
67,19555,269,432,50,36,0.44631866,4,-1,-1
67,19554,1848,451,99,64,0.41399744,5,-1,-1
67,19556,318,441,100,63,0.38589284,9,-1,-1
67,19558,72,415,84,37,0.33395627,4,-1,-1
68,19520,143,544,73,51,0.73647827,4,-1,-1
68,19549,340,525,60,42,0.72859675,4,-1,-1
68,19506,2447,1044,225,112,0.5876909,4,-1,-1
68,19555,268,433,47,34,0.55882233,4,-1,-1
68,19522,345,594,82,48,0.54516125,4,-1,-1
68,19523,318,443,99,60,0.4950542,6,-1,-1
68,19556,318,443,99,60,0.382302,9,-1,-1
68,19554,1834,453,104,59,0.36609834,5,-1,-1
69,19506,2499,1059,199,112,0.66270983,4,-1,-1
69,19549,324,522,64,43,0.64961344,4,-1,-1
69,19522,349,594,81,47,0.56246966,4,-1,-1
69,19555,267,433,49,35,0.50759137,4,-1,-1
69,19520,151,547,74,53,0.4935085,4,-1,-1
69,19556,317,445,99,58,0.35261938,9,-1,-1
69,19523,317,445,99,58,0.30743954,6,-1,-1
69,19559,151,547,74,53,0.3775179,5,-1,-1
69,19560,310,447,98,54,0.30991915,4,-1,-1
70,19549,321,521,58,44,0.7181266,4,-1,-1
70,19555,263,431,50,35,0.60141295,4,-1,-1
70,19520,156,550,74,53,0.5643317,4,-1,-1
70,19506,2550,1070,146,117,0.48037776,4,-1,-1
70,19522,350,595,80,45,0.45428005,4,-1,-1
70,19523,316,445,100,60,0.38302362,6,-1,-1
71,19555,263,432,49,33,0.61152905,4,-1,-1
71,19520,166,552,69,54,0.59661394,4,-1,-1
71,19549,307,519,57,43,0.5789059,4,-1,-1
71,19506,2604,1081,94,144,0.39152986,4,-1,-1
71,19561,166,552,69,54,0.5217925,5,-1,-1
71,19562,310,449,96,52,0.37303612,4,-1,-1
72,19549,300,518,52,44,0.6839997,4,-1,-1
72,19520,168,554,72,56,0.67282647,4,-1,-1
72,19555,261,432,49,36,0.50810826,4,-1,-1
72,19561,168,554,72,56,0.40290156,5,-1,-1
72,19562,319,449,95,55,0.33076915,4,-1,-1
72,19563,319,449,95,55,0.37038597,6,-1,-1
73,19549,283,518,60,42,0.7166082,4,-1,-1
73,19520,173,557,74,55,0.6185073,4,-1,-1
73,19563,321,447,93,61,0.42111203,6,-1,-1
73,19555,263,434,46,34,0.3972139,4,-1,-1
73,19564,321,447,93,61,0.35862324,9,-1,-1
73,19565,1,634,8,59,0.31378394,4,-1,-1
74,19520,175,559,78,56,0.633911,4,-1,-1
74,19549,280,517,50,40,0.55286705,4,-1,-1
74,19555,262,432,48,33,0.48071063,4,-1,-1
74,19564,303,450,108,57,0.35758373,9,-1,-1
75,19520,182,561,77,55,0.82171965,4,-1,-1
75,19555,258,435,46,33,0.53532356,4,-1,-1
75,19549,262,518,57,38,0.4472495,4,-1,-1
75,19564,304,448,105,59,0.38365722,9,-1,-1
75,19566,315,448,100,61,0.32690194,6,-1,-1
75,19567,1827,455,77,59,0.32389984,5,-1,-1
76,19520,185,564,78,56,0.57386404,4,-1,-1
76,19566,304,448,105,60,0.4173262,6,-1,-1
76,19549,249,514,61,42,0.3855287,4,-1,-1
76,19567,1825,453,75,64,0.37193114,5,-1,-1
76,19555,258,435,45,33,0.3343545,4,-1,-1
76,19568,301,422,19,35,0.46345502,1,-1,-1
77,19520,194,567,75,58,0.59304655,4,-1,-1
77,19566,299,449,111,58,0.5301631,6,-1,-1
77,19555,258,434,50,33,0.429913,4,-1,-1
77,19549,241,513,60,41,0.4006967,4,-1,-1
77,19569,299,449,111,58,0.4942192,9,-1,-1
77,19570,293,433,29,33,0.42046273,1,-1,-1
78,19520,196,570,78,57,0.5765165,4,-1,-1
78,19566,301,447,106,59,0.5508089,6,-1,-1
78,19555,256,434,48,35,0.5008201,4,-1,-1
78,19569,301,447,106,59,0.41488472,9,-1,-1
78,19571,1820,453,84,64,0.32192296,5,-1,-1
79,19520,205,573,76,59,0.88027805,4,-1,-1
79,19566,300,450,103,57,0.53498703,6,-1,-1
79,19569,300,450,103,57,0.31826675,9,-1,-1
79,19572,297,422,19,36,0.47443426,1,-1,-1
79,19573,297,458,22,38,0.31003225,1,-1,-1
80,19520,206,576,77,59,0.89478266,4,-1,-1
80,19566,297,446,103,62,0.50971663,6,-1,-1
80,19569,297,446,103,62,0.3626044,9,-1,-1
80,19574,244,432,46,34,0.3759827,4,-1,-1
81,19520,204,581,81,60,0.78938156,4,-1,-1
81,19566,293,446,102,66,0.44298062,6,-1,-1
81,19575,188,507,59,42,0.53376085,4,-1,-1
81,19576,283,420,21,37,0.47208953,1,-1,-1
81,19577,1964,501,92,49,0.3553796,6,-1,-1
81,19578,1809,456,103,70,0.3262869,6,-1,-1
82,19566,278,446,104,64,0.6427639,6,-1,-1
82,19520,205,583,78,61,0.6019365,4,-1,-1
82,19575,169,504,58,44,0.55996317,4,-1,-1
82,19579,0,638,6,61,0.32840163,4,-1,-1
83,19520,192,587,76,63,0.6739235,4,-1,-1
83,19575,145,504,56,44,0.54094553,4,-1,-1
83,19566,261,448,103,64,0.31747615,6,-1,-1
83,19580,222,437,47,34,0.48408067,4,-1,-1
83,19581,249,434,37,34,0.46129474,1,-1,-1
83,19582,261,448,103,64,0.41743115,9,-1,-1
83,19583,1781,456,103,71,0.35942465,5,-1,-1
83,19584,261,448,103,64,0.35726568,5,-1,-1
84,19575,107,504,57,44,0.66724086,4,-1,-1
84,19520,174,592,82,68,0.6142589,4,-1,-1
84,19566,238,451,104,63,0.5967653,6,-1,-1
84,19580,179,437,54,36,0.38822567,4,-1,-1
84,19583,1764,461,99,68,0.37495732,5,-1,-1
84,19582,238,451,104,63,0.30732962,9,-1,-1
84,19585,671,556,68,49,0.31882095,4,-1,-1
85,19520,150,600,86,68,0.54688567,4,-1,-1
85,19580,149,439,57,39,0.5407086,4,-1,-1
85,19575,69,510,55,45,0.5141819,4,-1,-1
85,19566,210,453,101,65,0.5126847,6,-1,-1
85,19585,646,559,59,53,0.47883502,4,-1,-1
85,19583,1723,462,106,72,0.33585498,5,-1,-1
86,19575,30,517,52,40,0.78677386,4,-1,-1
86,19520,131,612,87,65,0.69702303,4,-1,-1
86,19580,130,445,56,35,0.4738717,4,-1,-1
86,19566,196,462,92,60,0.45030165,6,-1,-1
86,19585,623,566,63,53,0.3493039,4,-1,-1
86,19586,1699,465,108,76,0.40247548,6,-1,-1
86,19587,1,435,17,43,0.3788899,4,-1,-1
87,19520,110,614,91,68,0.81611353,4,-1,-1
87,19575,4,514,43,44,0.67362636,4,-1,-1
87,19586,1673,464,116,76,0.54356825,6,-1,-1
87,19588,152,465,106,58,0.3701311,9,-1,-1
88,19520,100,620,86,67,0.6991871,4,-1,-1
88,19575,2,514,13,43,0.53009695,4,-1,-1
88,19586,1676,470,101,72,0.39362046,6,-1,-1
88,19588,131,466,107,63,0.38948405,9,-1,-1
88,19589,577,573,65,54,0.60932624,4,-1,-1
88,19590,79,453,65,36,0.3872246,4,-1,-1
88,19591,131,466,107,63,0.3162334,4,-1,-1
88,19592,1646,469,84,64,0.3138466,5,-1,-1
89,19520,91,627,90,67,0.59154147,4,-1,-1
89,19589,570,575,60,53,0.51145923,4,-1,-1
89,19590,64,450,52,37,0.39285067,4,-1,-1
89,19588,121,461,105,71,0.38624913,9,-1,-1
89,19586,1659,471,102,69,0.38290483,6,-1,-1
89,19593,121,461,105,71,0.3400945,6,-1,-1
90,19520,93,630,100,67,0.76134735,4,-1,-1
90,19590,64,452,49,36,0.45838872,4,-1,-1
90,19586,1666,473,90,68,0.4191222,6,-1,-1
90,19589,571,577,57,48,0.41667086,4,-1,-1
90,19588,109,466,109,66,0.34163043,9,-1,-1
90,19594,109,466,109,66,0.40008035,5,-1,-1
91,19520,98,631,96,64,0.5476486,4,-1,-1
91,19590,58,453,48,35,0.4814048,4,-1,-1
91,19589,555,576,66,52,0.46745923,4,-1,-1
91,19586,1660,478,89,68,0.43175244,6,-1,-1
91,19588,110,466,101,63,0.32092652,9,-1,-1
91,19594,110,466,101,63,0.31018323,5,-1,-1
91,19595,110,466,101,63,0.3181266,6,-1,-1
92,19520,111,636,95,56,0.7688226,4,-1,-1
92,19588,109,466,103,63,0.56628245,9,-1,-1
92,19590,58,454,47,34,0.5149152,4,-1,-1
92,19586,1651,472,89,70,0.3048176,6,-1,-1
92,19595,109,466,103,63,0.30446678,6,-1,-1
92,19596,362,395,72,37,0.3699052,4,-1,-1
92,19597,1615,478,65,57,0.33989698,5,-1,-1
93,19520,120,639,91,54,0.7221882,4,-1,-1
93,19590,55,453,51,34,0.5531938,4,-1,-1
93,19596,356,394,79,42,0.4175478,4,-1,-1
93,19586,1643,470,95,73,0.37271446,6,-1,-1
93,19597,1609,475,76,62,0.34728184,5,-1,-1
93,19598,106,468,106,61,0.4494461,5,-1,-1
94,19520,130,640,90,52,0.7739242,4,-1,-1
94,19590,57,452,47,36,0.5552014,4,-1,-1
94,19598,106,467,107,64,0.35501656,5,-1,-1
94,19586,1638,469,94,74,0.336215,6,-1,-1
94,19597,1638,469,94,74,0.3341236,5,-1,-1
94,19599,106,467,107,64,0.45510036,9,-1,-1
94,19600,1601,472,91,65,0.30341807,5,-1,-1
95,19520,140,646,87,47,0.80993474,4,-1,-1
95,19590,56,452,46,37,0.5735392,4,-1,-1
95,19586,1617,473,107,78,0.3829097,6,-1,-1
95,19598,108,466,104,65,0.3637601,5,-1,-1
95,19601,550,578,69,55,0.64034414,4,-1,-1
95,19602,2,657,7,58,0.3369948,4,-1,-1
96,19520,142,644,88,49,0.73753554,4,-1,-1
96,19590,53,452,50,36,0.5404057,4,-1,-1
96,19601,551,575,64,55,0.4671827,4,-1,-1
96,19598,104,465,103,65,0.32259178,5,-1,-1
96,19586,1621,476,96,74,0.31722653,6,-1,-1
96,19603,1593,475,73,63,0.33786786,5,-1,-1
96,19604,104,465,103,65,0.30124334,6,-1,-1
97,19520,158,648,89,53,0.5754952,4,-1,-1
97,19598,106,469,102,62,0.46566322,5,-1,-1
97,19590,54,452,50,34,0.45857522,4,-1,-1
97,19586,1621,473,93,79,0.41047138,6,-1,-1
98,19598,102,470,104,61,0.5158152,5,-1,-1
98,19586,1613,473,101,80,0.4454293,6,-1,-1
98,19590,51,452,52,34,0.44085804,4,-1,-1
98,19605,551,581,66,54,0.45152137,4,-1,-1
99,19605,553,579,64,53,0.5539056,4,-1,-1
99,19586,1586,473,121,81,0.5420223,6,-1,-1
99,19590,52,452,51,35,0.5005207,4,-1,-1
99,19598,103,470,103,60,0.34154904,5,-1,-1
99,19606,103,470,103,60,0.48471412,4,-1,-1
99,19607,977,445,66,38,0.31822655,4,-1,-1
100,19586,1599,477,101,78,0.63430774,6,-1,-1
100,19590,51,452,50,35,0.45292947,4,-1,-1
100,19598,102,467,104,63,0.3426087,5,-1,-1
100,19608,102,467,104,63,0.35165507,6,-1,-1
100,19609,1566,485,76,63,0.30755615,5,-1,-1
100,19610,1566,485,76,63,0.30241266,4,-1,-1
101,19586,1597,476,103,78,0.644634,6,-1,-1
101,19590,51,453,53,34,0.50717384,4,-1,-1
101,19598,102,468,103,63,0.39551854,5,-1,-1
102,19586,1587,480,109,74,0.5982675,6,-1,-1
102,19590,50,451,52,36,0.38964942,4,-1,-1
102,19598,93,468,106,61,0.38076994,5,-1,-1
102,19611,1551,495,70,56,0.33761257,4,-1,-1
103,19586,1580,482,98,74,0.5713973,6,-1,-1
103,19590,47,451,49,36,0.509225,4,-1,-1
103,19598,100,470,104,62,0.36473623,5,-1,-1
103,19612,94,471,104,59,0.49573088,4,-1,-1
103,19613,544,578,68,53,0.48861405,4,-1,-1
104,19590,46,452,50,35,0.50664127,4,-1,-1
104,19586,1564,478,114,80,0.44185787,6,-1,-1
104,19598,100,471,105,61,0.4395058,5,-1,-1
104,19612,93,472,105,58,0.40346527,4,-1,-1
105,19586,1544,479,126,80,0.47691128,6,-1,-1
105,19590,47,451,50,36,0.43796164,4,-1,-1
105,19598,100,468,105,65,0.4120785,5,-1,-1
105,19612,93,469,105,61,0.36412773,4,-1,-1
105,19614,547,580,65,53,0.39561042,4,-1,-1
106,19586,1550,479,112,81,0.5737348,6,-1,-1
106,19590,48,452,47,34,0.50264704,4,-1,-1
106,19614,546,582,64,52,0.39309365,4,-1,-1
106,19598,102,466,101,68,0.3874358,5,-1,-1
106,19612,94,468,103,61,0.32568273,4,-1,-1
106,19615,827,544,32,51,0.43261692,1,-1,-1
107,19590,48,453,47,34,0.46115708,4,-1,-1
107,19586,1537,484,120,78,0.4329284,6,-1,-1
107,19598,100,466,106,69,0.39968866,5,-1,-1
107,19615,824,542,34,55,0.34178185,1,-1,-1
107,19612,91,468,109,63,0.3027645,4,-1,-1
108,19586,1512,482,138,81,0.43524376,6,-1,-1
108,19590,48,453,47,35,0.42422783,4,-1,-1
108,19598,90,467,111,64,0.40403077,5,-1,-1
109,19598,90,468,107,64,0.46090943,5,-1,-1
109,19590,44,451,48,36,0.42231804,4,-1,-1
109,19586,1510,478,132,89,0.3065283,6,-1,-1
109,19616,533,580,75,52,0.43681884,4,-1,-1
110,19598,90,469,107,62,0.4394592,5,-1,-1
110,19586,1519,481,118,83,0.38581198,6,-1,-1
110,19616,533,578,75,52,0.38142437,4,-1,-1
110,19590,43,451,48,36,0.35809857,4,-1,-1
110,19617,90,469,107,62,0.33592078,4,-1,-1
110,19618,1519,481,118,83,0.3038817,9,-1,-1
111,19590,44,451,48,35,0.43945763,4,-1,-1
111,19617,89,469,105,61,0.40965176,4,-1,-1
111,19586,1502,479,126,88,0.38975224,6,-1,-1
111,19618,1502,479,126,88,0.38302946,9,-1,-1
111,19598,89,469,105,61,0.38062248,5,-1,-1
111,19616,534,580,73,52,0.3365735,4,-1,-1
111,19619,1489,507,67,56,0.30426148,4,-1,-1
112,19590,45,451,48,36,0.46217135,4,-1,-1
112,19617,88,469,107,61,0.42453364,4,-1,-1
112,19586,1502,486,119,81,0.40867743,6,-1,-1
112,19598,88,469,107,61,0.40222484,5,-1,-1
113,19598,90,469,102,59,0.4096829,5,-1,-1
113,19590,44,451,48,37,0.40892917,4,-1,-1
113,19617,90,469,102,59,0.33166203,4,-1,-1
113,19620,1510,508,96,57,0.48745027,4,-1,-1
113,19621,1476,511,82,53,0.33750764,4,-1,-1
113,19622,536,579,67,53,0.3039295,4,-1,-1
113,19623,821,543,34,53,0.30092612,1,-1,-1
114,19598,90,469,100,59,0.48004964,5,-1,-1
114,19622,535,581,68,51,0.4367092,4,-1,-1
114,19617,90,469,100,59,0.3609205,4,-1,-1
114,19623,821,544,34,52,0.34424922,1,-1,-1
114,19590,44,451,49,38,0.33884025,4,-1,-1
114,19624,1462,482,148,89,0.37005675,6,-1,-1
115,19598,87,467,106,62,0.44771707,5,-1,-1
115,19624,1476,479,126,91,0.37888563,6,-1,-1
115,19617,87,467,106,62,0.34685743,4,-1,-1
115,19622,531,580,74,55,0.3005184,4,-1,-1
115,19625,83,431,23,41,0.3282232,1,-1,-1
116,19622,533,581,70,50,0.58349407,4,-1,-1
116,19598,85,467,108,64,0.5160111,5,-1,-1
116,19617,85,467,108,64,0.35489383,4,-1,-1
116,19625,83,432,24,40,0.3282991,1,-1,-1
117,19622,533,579,70,52,0.512889,4,-1,-1
117,19598,85,469,109,61,0.45101774,5,-1,-1
117,19617,85,469,109,61,0.4326113,4,-1,-1
117,19626,1450,482,142,90,0.4303235,6,-1,-1
118,19598,83,466,107,64,0.53443825,5,-1,-1
118,19622,529,581,71,54,0.50422066,4,-1,-1
118,19626,1427,494,144,82,0.39836985,6,-1,-1
119,19622,512,580,72,55,0.5472733,4,-1,-1
119,19598,72,466,99,63,0.30639642,5,-1,-1
119,19627,25,448,48,40,0.41449666,4,-1,-1
120,19628,67,465,94,67,0.38201964,6,-1,-1
120,19629,1403,482,141,91,0.30412722,9,-1,-1
121,19628,14,465,115,71,0.57596177,6,-1,-1
121,19630,1397,490,115,86,0.30554482,6,-1,-1
122,19631,1334,482,153,91,0.35139424,9,-1,-1
122,19632,4,465,101,71,0.34060258,5,-1,-1
122,19633,4,465,101,71,0.32391226,4,-1,-1
123,19633,4,466,88,72,0.5204698,4,-1,-1
123,19632,4,466,88,72,0.32358432,5,-1,-1
123,19634,1314,488,158,93,0.4706974,6,-1,-1
124,19632,4,465,84,73,0.46357292,5,-1,-1
124,19634,1309,488,153,94,0.39847454,6,-1,-1
125,19632,3,467,85,71,0.38909304,5,-1,-1
125,19634,1311,488,150,93,0.36780816,6,-1,-1
125,19635,3,467,85,71,0.40431532,4,-1,-1
125,19636,454,472,81,44,0.3123891,4,-1,-1
126,19634,1291,490,156,94,0.5021666,6,-1,-1
126,19632,3,465,85,73,0.40630984,5,-1,-1
126,19635,3,465,85,73,0.32472548,4,-1,-1
126,19637,1291,490,156,94,0.3122445,9,-1,-1
127,19634,1289,491,152,95,0.54363024,6,-1,-1
127,19632,3,465,86,74,0.3881636,5,-1,-1
128,19634,1275,490,154,100,0.47571057,6,-1,-1
128,19632,3,465,86,76,0.39856717,5,-1,-1
128,19638,0,465,78,75,0.3591062,4,-1,-1
129,19632,0,463,78,77,0.3451452,5,-1,-1
129,19634,1270,492,153,99,0.3298031,6,-1,-1
129,19639,2,464,87,77,0.3386699,6,-1,-1
130,19634,1249,493,163,99,0.49223697,6,-1,-1
130,19639,3,466,84,77,0.3715888,6,-1,-1
130,19632,1,465,77,78,0.33981314,5,-1,-1
131,19634,1251,494,152,101,0.453067,6,-1,-1
131,19632,2,466,75,76,0.36655384,5,-1,-1
131,19639,4,467,83,75,0.307541,6,-1,-1
132,19634,1250,493,154,100,0.44280764,6,-1,-1
132,19639,3,467,84,76,0.37662882,6,-1,-1
132,19632,2,466,76,76,0.3176335,5,-1,-1
133,19634,1224,494,166,101,0.5270876,6,-1,-1
133,19632,2,465,75,77,0.3656422,5,-1,-1
133,19639,2,465,75,77,0.3370258,6,-1,-1
134,19634,1221,495,168,99,0.48191524,6,-1,-1
134,19639,1,463,77,80,0.39708546,6,-1,-1
134,19632,1,463,77,80,0.33482555,5,-1,-1
135,19634,1196,495,184,102,0.40255496,6,-1,-1
135,19639,1,463,75,81,0.3796018,6,-1,-1
135,19632,1,463,75,81,0.36466828,5,-1,-1
135,19640,1559,980,164,93,0.40380353,4,-1,-1
135,19641,1196,495,184,102,0.3057184,9,-1,-1
136,19640,1582,986,180,97,0.4824466,4,-1,-1
136,19641,1204,496,163,101,0.37934604,9,-1,-1
136,19634,1204,496,163,101,0.37292203,6,-1,-1
136,19639,1,463,76,79,0.35169163,6,-1,-1
136,19632,1,463,76,79,0.34264424,5,-1,-1
136,19642,1,463,76,79,0.3185904,4,-1,-1
137,19640,1619,1001,177,92,0.56503016,4,-1,-1
137,19641,1181,496,172,102,0.5352243,9,-1,-1
137,19642,0,465,74,76,0.4049979,4,-1,-1
137,19639,0,465,74,76,0.38962784,6,-1,-1
137,19632,0,465,74,76,0.35022244,5,-1,-1
138,19639,-1,464,71,81,0.6435924,6,-1,-1
138,19641,1155,498,179,101,0.4810722,9,-1,-1
138,19640,1643,1005,188,99,0.3367802,4,-1,-1
138,19643,1,633,46,79,0.34841278,4,-1,-1
139,19639,1,466,60,77,0.53118396,6,-1,-1
139,19641,1147,498,181,102,0.5119462,9,-1,-1
139,19640,1684,1010,183,97,0.4035617,4,-1,-1
140,19640,1725,1019,178,98,0.5141684,4,-1,-1
140,19639,0,466,53,79,0.49996054,6,-1,-1
140,19641,1126,498,188,100,0.437697,9,-1,-1
140,19644,2,630,28,84,0.34374318,4,-1,-1
141,19640,1747,1024,193,102,0.49727014,4,-1,-1
141,19641,1108,504,188,100,0.4443162,9,-1,-1
142,19640,1785,1035,194,103,0.56255853,4,-1,-1
142,19641,1094,504,180,103,0.47729182,9,-1,-1
143,19640,1825,1043,190,99,0.67648184,4,-1,-1
143,19641,1081,503,186,104,0.48695272,9,-1,-1
144,19641,1063,502,191,107,0.53604007,9,-1,-1
144,19640,1863,1050,190,99,0.53087854,4,-1,-1
145,19641,1042,505,192,102,0.61728644,9,-1,-1
145,19640,1893,1057,200,107,0.5264457,4,-1,-1
145,19645,1552,478,71,40,0.33233437,4,-1,-1
146,19641,1020,505,200,105,0.65091497,9,-1,-1
146,19640,1934,1066,201,105,0.5526636,4,-1,-1
146,19646,2670,995,26,110,0.3852343,4,-1,-1
147,19641,1009,504,201,108,0.66737425,9,-1,-1
147,19640,1981,1077,213,114,0.5637381,4,-1,-1
147,19646,2630,979,69,101,0.55782694,4,-1,-1
148,19641,992,505,210,111,0.6557025,9,-1,-1
148,19646,2589,978,110,102,0.65041035,4,-1,-1
148,19640,2027,1083,212,119,0.4840615,4,-1,-1
148,19647,2027,1083,212,119,0.34173056,5,-1,-1
149,19646,2549,976,148,102,0.67434955,4,-1,-1
149,19641,987,508,204,108,0.6533712,9,-1,-1
149,19640,2074,1091,210,127,0.45223436,4,-1,-1
149,19647,2074,1091,210,127,0.3793567,5,-1,-1
150,19641,969,510,213,107,0.7416274,9,-1,-1
150,19646,2513,975,171,95,0.5614413,4,-1,-1
150,19640,2114,1096,224,132,0.44160432,4,-1,-1
150,19647,2125,1097,220,132,0.41288128,5,-1,-1
151,19641,965,509,202,110,0.70302135,9,-1,-1
151,19646,2473,968,179,91,0.62212735,4,-1,-1
151,19640,2170,1112,228,128,0.6179674,4,-1,-1
152,19641,951,510,209,111,0.7833649,9,-1,-1
152,19646,2431,968,180,87,0.5601555,4,-1,-1
152,19640,2228,1130,230,126,0.3891581,4,-1,-1
152,19648,2228,1120,228,130,0.349593,5,-1,-1
153,19641,945,511,202,111,0.72491676,9,-1,-1
153,19648,2273,1134,237,131,0.5698863,5,-1,-1
153,19646,2397,963,195,92,0.4873171,4,-1,-1
153,19640,2273,1134,237,131,0.3250075,4,-1,-1
154,19641,931,514,204,109,0.60254484,9,-1,-1
154,19640,2336,1152,230,126,0.4695319,4,-1,-1
154,19646,2364,963,182,89,0.35570753,4,-1,-1
155,19641,919,514,211,110,0.59511703,9,-1,-1
155,19640,2381,1157,242,130,0.5342673,4,-1,-1
156,19640,2440,1173,248,133,0.68651825,4,-1,-1
156,19641,905,522,216,111,0.46054652,9,-1,-1
156,19649,2286,948,172,90,0.4870628,4,-1,-1
157,19640,2501,1180,203,136,0.5932982,4,-1,-1
157,19649,2259,945,168,87,0.5544395,4,-1,-1
157,19641,894,520,217,114,0.43895522,9,-1,-1
158,19641,882,522,218,116,0.58631957,9,-1,-1
158,19640,2559,1194,141,141,0.5436282,4,-1,-1
158,19649,2221,942,170,87,0.50911933,4,-1,-1
159,19641,868,519,225,123,0.5160942,9,-1,-1
159,19640,2626,1209,74,151,0.4745143,4,-1,-1
159,19649,2196,936,163,89,0.43653733,4,-1,-1
159,19650,1166,964,185,128,0.49490687,4,-1,-1
159,19651,671,557,33,49,0.44819108,1,-1,-1
160,19651,671,553,33,51,0.5811097,1,-1,-1
160,19641,858,522,219,121,0.54772156,9,-1,-1
160,19650,1195,972,193,131,0.49656266,4,-1,-1
160,19649,2162,931,157,80,0.37223727,4,-1,-1
160,19652,1486,1011,187,116,0.5784573,4,-1,-1
161,19651,670,552,33,51,0.6137153,1,-1,-1
161,19641,849,522,218,123,0.580709,9,-1,-1
161,19652,1522,1017,193,118,0.4843681,4,-1,-1
161,19649,2137,929,155,83,0.4427585,4,-1,-1
161,19653,1548,482,63,43,0.3094488,4,-1,-1
162,19641,836,524,221,121,0.7962631,9,-1,-1
162,19651,670,552,32,49,0.56116545,1,-1,-1
162,19654,1267,988,197,141,0.39705244,4,-1,-1
163,19641,823,526,217,119,0.667928,9,-1,-1
163,19654,1304,995,207,147,0.43334883,4,-1,-1
163,19651,671,543,33,53,0.41791546,1,-1,-1
163,19655,1591,1034,197,119,0.6112015,4,-1,-1
163,19656,2076,922,151,81,0.43551618,4,-1,-1
163,19657,1304,995,207,147,0.4305136,5,-1,-1
164,19641,813,527,224,121,0.80254686,9,-1,-1
164,19655,1633,1040,193,118,0.5670584,4,-1,-1
164,19654,1335,1003,211,151,0.55159307,4,-1,-1
164,19656,2042,917,142,84,0.39978164,4,-1,-1
164,19651,671,543,32,53,0.38220146,1,-1,-1
165,19655,1672,1051,197,121,0.6223062,4,-1,-1
165,19641,794,530,231,120,0.6196118,9,-1,-1
165,19654,1374,1011,218,159,0.5874204,4,-1,-1
165,19656,2000,909,153,83,0.33273548,4,-1,-1
166,19641,778,533,237,116,0.5737804,9,-1,-1
166,19655,1712,1061,200,117,0.5737198,4,-1,-1
166,19656,1978,903,143,84,0.5273623,4,-1,-1
166,19654,1413,1020,217,161,0.4668863,4,-1,-1
166,19658,1551,486,70,38,0.43067864,4,-1,-1
166,19659,1413,1020,217,161,0.42265227,5,-1,-1
166,19660,487,451,102,53,0.35754928,5,-1,-1
167,19641,761,536,240,121,0.6531727,9,-1,-1
167,19659,1453,1031,225,159,0.6372085,5,-1,-1
167,19655,1751,1069,207,124,0.55262333,4,-1,-1
167,19656,1943,900,141,83,0.3454962,4,-1,-1
167,19661,670,547,31,57,0.3151078,1,-1,-1
168,19659,1497,1037,218,162,0.77030945,5,-1,-1
168,19641,747,539,243,123,0.64487916,9,-1,-1
168,19655,1794,1077,205,123,0.5813112,4,-1,-1
168,19661,669,549,33,58,0.5014882,1,-1,-1
169,19659,1530,1044,236,172,0.76636386,5,-1,-1
169,19641,737,539,239,123,0.74996525,9,-1,-1
169,19655,1840,1085,210,131,0.53134936,4,-1,-1
169,19661,670,553,31,57,0.51646715,1,-1,-1
169,19662,1839,1079,208,130,0.3439864,5,-1,-1
170,19659,1578,1056,230,169,0.7974308,5,-1,-1
170,19641,720,539,250,128,0.7027433,9,-1,-1
170,19662,1883,1090,212,132,0.51033646,5,-1,-1
170,19655,1883,1090,212,132,0.4814761,4,-1,-1
170,19663,447,454,151,76,0.3241728,6,-1,-1
171,19659,1616,1067,245,170,0.7213587,5,-1,-1
171,19641,701,542,250,129,0.60358715,9,-1,-1
171,19662,1921,1095,224,137,0.5229336,5,-1,-1
172,19659,1675,1078,232,167,0.7911703,5,-1,-1
172,19641,691,543,246,127,0.7074953,9,-1,-1
172,19662,1969,1106,236,142,0.5779664,5,-1,-1
172,19664,1533,482,65,42,0.33825284,4,-1,-1
172,19665,431,453,132,60,0.33055064,6,-1,-1
173,19659,1721,1086,238,176,0.7743061,5,-1,-1
173,19641,672,545,254,129,0.76115066,9,-1,-1
173,19662,2015,1112,235,147,0.6095836,5,-1,-1
174,19659,1775,1097,243,173,0.74187225,5,-1,-1
174,19662,2060,1119,245,157,0.7038484,5,-1,-1
174,19641,654,547,256,131,0.55050355,9,-1,-1
175,19659,1817,1105,251,178,0.71099025,5,-1,-1
175,19641,643,548,259,128,0.6496896,9,-1,-1
175,19662,2116,1128,244,156,0.6294309,5,-1,-1
176,19659,1871,1116,263,177,0.5461742,5,-1,-1
176,19662,2161,1137,247,158,0.5381217,5,-1,-1
176,19641,624,552,263,132,0.49390784,9,-1,-1
176,19666,624,552,263,132,0.4268593,5,-1,-1
176,19667,1866,1117,253,176,0.33396208,4,-1,-1
176,19668,1682,848,141,73,0.30666095,3,-1,-1
177,19659,1915,1122,264,190,0.7673631,5,-1,-1
177,19662,2208,1151,248,147,0.6472813,5,-1,-1
177,19641,615,555,261,128,0.49454007,9,-1,-1
177,19668,1661,844,132,69,0.39921024,3,-1,-1
177,19666,609,555,263,131,0.35346547,5,-1,-1
178,19659,1966,1133,262,187,0.7115723,5,-1,-1
178,19641,590,554,272,134,0.68514234,9,-1,-1
178,19662,2266,1159,248,155,0.63079506,5,-1,-1
178,19668,1623,842,136,71,0.4387273,3,-1,-1
179,19641,575,558,270,133,0.7444342,9,-1,-1
179,19659,2016,1145,276,188,0.7232272,5,-1,-1
179,19662,2309,1168,256,154,0.51929206,5,-1,-1
180,19659,2065,1147,275,194,0.78001755,5,-1,-1
180,19641,558,555,271,135,0.7517159,9,-1,-1
180,19669,2369,1182,260,150,0.5688829,4,-1,-1
180,19670,2679,928,15,126,0.46887138,4,-1,-1
180,19671,390,448,121,61,0.39808008,6,-1,-1
181,19659,2119,1147,278,200,0.7405769,5,-1,-1
181,19669,2428,1181,260,154,0.5943443,4,-1,-1
181,19641,529,544,286,136,0.5394394,9,-1,-1
181,19670,2642,909,52,154,0.48642373,4,-1,-1
182,19659,2166,1150,285,198,0.771085,5,-1,-1
182,19641,521,535,283,143,0.6796709,9,-1,-1
182,19669,2487,1179,218,168,0.5908017,4,-1,-1
182,19670,2605,892,88,155,0.4014821,4,-1,-1
183,19659,2229,1151,279,198,0.73449975,5,-1,-1
183,19641,503,532,279,134,0.67279637,9,-1,-1
183,19669,2539,1175,163,175,0.4984559,4,-1,-1
183,19670,2580,891,118,152,0.4199563,4,-1,-1
184,19641,477,520,286,140,0.6858066,9,-1,-1
184,19659,2282,1149,292,201,0.6192117,5,-1,-1
184,19670,2547,879,149,163,0.46694526,4,-1,-1
184,19669,2599,1172,103,176,0.30065694,4,-1,-1
185,19641,454,518,294,140,0.7825797,9,-1,-1
185,19659,2344,1157,304,209,0.7686706,5,-1,-1
185,19672,2510,867,189,155,0.6473554,5,-1,-1
186,19659,2399,1158,289,221,0.75473773,5,-1,-1
186,19641,435,518,296,142,0.6491631,9,-1,-1
186,19672,2482,858,211,169,0.6200252,5,-1,-1
186,19673,435,518,296,142,0.3700403,5,-1,-1
186,19674,372,469,37,72,0.36490682,1,-1,-1
186,19675,356,396,108,64,0.3638692,5,-1,-1
187,19641,408,519,301,144,0.735111,9,-1,-1
187,19659,2462,1174,238,218,0.69452137,5,-1,-1
187,19672,2446,852,239,153,0.60296375,5,-1,-1
187,19676,382,531,36,66,0.49927327,1,-1,-1
188,19672,2421,850,267,154,0.68127584,5,-1,-1
188,19659,2534,1182,170,244,0.5177753,5,-1,-1
188,19641,389,524,305,147,0.51576716,9,-1,-1
188,19676,367,525,41,79,0.42482522,1,-1,-1
188,19677,392,519,301,146,0.35650134,5,-1,-1
188,19678,345,391,105,59,0.33384502,5,-1,-1
189,19672,2388,847,269,157,0.7242053,5,-1,-1
189,19641,364,525,305,148,0.6846471,9,-1,-1
189,19659,2586,1190,116,235,0.41401902,5,-1,-1
189,19679,2586,1190,116,235,0.31649935,4,-1,-1
190,19672,2358,844,275,153,0.67168146,5,-1,-1
190,19641,343,526,306,149,0.52615994,9,-1,-1
190,19680,343,526,306,149,0.5834483,5,-1,-1
191,19680,319,528,314,153,0.582112,5,-1,-1
191,19641,319,528,314,153,0.5113717,9,-1,-1
191,19672,2329,835,256,147,0.50752527,5,-1,-1
192,19680,295,530,317,153,0.62741834,5,-1,-1
192,19672,2305,834,255,146,0.5923658,5,-1,-1
192,19641,295,530,317,153,0.38506782,9,-1,-1
193,19672,2272,834,242,142,0.5978459,5,-1,-1
193,19641,266,536,326,151,0.59521884,9,-1,-1
194,19672,2249,835,242,139,0.4674995,5,-1,-1
194,19641,240,542,331,150,0.45165578,9,-1,-1
194,19681,658,483,36,72,0.38415468,1,-1,-1
194,19682,233,541,334,154,0.3603131,5,-1,-1
195,19682,211,545,332,153,0.60878944,5,-1,-1
195,19681,657,483,36,68,0.51475966,1,-1,-1
195,19641,220,546,327,148,0.4128326,9,-1,-1
196,19682,187,550,330,152,0.73682874,5,-1,-1
196,19681,656,485,34,66,0.5714604,1,-1,-1
197,19682,164,550,331,155,0.80351293,5,-1,-1
197,19681,655,486,34,65,0.6050292,1,-1,-1
198,19682,134,557,341,154,0.6727453,5,-1,-1
198,19681,654,488,33,63,0.6072891,1,-1,-1
198,19683,2147,821,234,128,0.44060972,5,-1,-1
199,19681,656,488,32,61,0.58439636,1,-1,-1
199,19683,2123,818,233,132,0.4348004,5,-1,-1
199,19682,107,555,348,158,0.43458092,5,-1,-1
199,19684,102,559,353,160,0.48950836,9,-1,-1
200,19682,67,558,362,166,0.64117336,5,-1,-1
200,19681,656,488,31,60,0.5312439,1,-1,-1
200,19683,2102,815,227,131,0.4145527,5,-1,-1
201,19682,42,562,364,166,0.6887209,5,-1,-1
201,19681,656,489,30,56,0.48258895,1,-1,-1
201,19683,2077,812,234,135,0.45459053,5,-1,-1
201,19685,42,562,364,166,0.33846945,4,-1,-1
202,19682,8,561,376,171,0.4295765,5,-1,-1
202,19686,8,561,376,171,0.36479282,9,-1,-1
203,19682,2,564,348,174,0.49749744,5,-1,-1
203,19686,2,564,348,174,0.31941468,9,-1,-1
203,19687,656,489,30,53,0.34192967,1,-1,-1
203,19688,2023,801,220,129,0.32074654,5,-1,-1
204,19682,5,567,319,174,0.70368546,5,-1,-1
205,19682,4,569,298,173,0.6132087,5,-1,-1
205,19689,657,493,32,53,0.4415768,1,-1,-1
205,19690,4,573,297,175,0.38881528,9,-1,-1
206,19682,5,578,266,170,0.8133323,5,-1,-1
206,19689,656,494,33,53,0.47664094,1,-1,-1
207,19682,4,578,238,173,0.7002309,5,-1,-1
207,19689,656,495,32,51,0.34523493,1,-1,-1
207,19691,4,578,238,173,0.32260886,9,-1,-1
208,19682,1,585,215,162,0.70969856,5,-1,-1
208,19692,1902,790,205,122,0.34304526,6,-1,-1
209,19682,3,591,177,160,0.7824564,5,-1,-1
209,19692,1877,785,206,112,0.35166916,6,-1,-1
209,19693,3,591,177,160,0.35839412,4,-1,-1
210,19693,3,593,150,156,0.57090074,4,-1,-1
210,19682,3,593,150,156,0.5140188,5,-1,-1
211,19693,3,599,111,140,0.573252,4,-1,-1
211,19682,3,599,111,140,0.42036277,5,-1,-1
211,19694,1367,936,187,103,0.50643384,4,-1,-1
211,19695,1825,780,201,116,0.38974762,6,-1,-1
211,19696,1528,421,68,39,0.31380075,4,-1,-1
212,19695,1802,776,201,116,0.6016063,6,-1,-1
212,19694,1407,950,192,102,0.5185481,4,-1,-1
212,19682,5,602,80,144,0.4706758,5,-1,-1
212,19693,3,602,75,143,0.36255777,4,-1,-1
212,19697,1121,922,165,98,0.3429453,4,-1,-1
213,19694,1446,957,195,102,0.69086295,4,-1,-1
213,19682,1,603,54,164,0.55989337,5,-1,-1
213,19695,1774,772,205,114,0.4220967,6,-1,-1
213,19693,0,597,54,158,0.33167997,4,-1,-1
213,19698,2693,858,1,130,0.4087129,4,-1,-1
214,19694,1487,967,197,99,0.60356134,4,-1,-1
214,19682,2,638,13,143,0.32326472,5,-1,-1
214,19699,1184,939,172,97,0.60028255,4,-1,-1
214,19700,1753,769,198,106,0.4563155,5,-1,-1
214,19701,2666,873,29,106,0.36117133,4,-1,-1
215,19694,1526,978,204,102,0.71275586,4,-1,-1
215,19699,1215,948,173,92,0.55682254,4,-1,-1
215,19701,2632,873,66,101,0.49544796,4,-1,-1
216,19694,1569,988,200,97,0.62326247,4,-1,-1
216,19699,1248,954,175,99,0.5720887,4,-1,-1
216,19701,2596,875,105,97,0.559837,4,-1,-1
217,19699,1284,962,176,94,0.72421557,4,-1,-1
217,19694,1614,995,204,104,0.66694075,4,-1,-1
217,19701,2577,873,122,100,0.508589,4,-1,-1
217,19702,1681,758,196,107,0.36077777,6,-1,-1
218,19699,1324,973,173,97,0.5724349,4,-1,-1
218,19701,2540,870,157,95,0.5333143,4,-1,-1
218,19694,1651,1003,209,103,0.50863236,4,-1,-1
219,19699,1361,981,179,94,0.6983789,4,-1,-1
219,19701,2509,864,178,89,0.5524593,4,-1,-1
219,19694,1702,1016,214,106,0.5122892,4,-1,-1
220,19694,1744,1024,218,106,0.5361315,4,-1,-1
220,19701,2472,861,188,88,0.47794795,4,-1,-1
220,19699,1402,992,178,102,0.46363458,4,-1,-1
221,19699,1432,998,185,101,0.62534064,4,-1,-1
221,19694,1792,1036,215,107,0.6221183,4,-1,-1
221,19701,2443,858,195,89,0.6058645,4,-1,-1
222,19701,2420,857,189,86,0.6423017,4,-1,-1
222,19694,1836,1045,224,106,0.5804286,4,-1,-1
222,19699,1471,1009,186,101,0.48770222,4,-1,-1
222,19703,1570,739,189,108,0.34228835,6,-1,-1
222,19704,405,417,66,45,0.33067787,4,-1,-1
222,19705,353,537,72,52,0.32716325,4,-1,-1
222,19706,405,417,66,45,0.31123865,5,-1,-1
223,19694,1886,1057,234,114,0.69153345,4,-1,-1
223,19699,1513,1019,189,100,0.6533104,4,-1,-1
223,19701,2398,855,184,83,0.51393706,4,-1,-1
223,19705,352,538,74,52,0.38702345,4,-1,-1
223,19707,2695,990,0,127,0.37930137,4,-1,-1
224,19699,1553,1028,191,100,0.6249834,4,-1,-1
224,19694,1934,1065,235,114,0.58624077,4,-1,-1
224,19701,2362,848,178,82,0.5449154,4,-1,-1
224,19705,354,538,73,51,0.34000656,4,-1,-1
224,19708,2641,1023,58,105,0.546901,4,-1,-1
225,19694,1989,1079,242,117,0.6813216,4,-1,-1
225,19699,1596,1039,196,101,0.66104734,4,-1,-1
225,19708,2596,1016,106,107,0.60923254,4,-1,-1
225,19701,2337,844,179,83,0.55630213,4,-1,-1
225,19709,383,417,68,42,0.4628007,4,-1,-1
226,19708,2549,1001,151,111,0.6538615,4,-1,-1
226,19701,2305,840,178,85,0.64160794,4,-1,-1
226,19699,1641,1051,192,100,0.5462189,4,-1,-1
226,19709,382,418,68,43,0.4776599,4,-1,-1
226,19694,2039,1089,246,124,0.3953048,4,-1,-1
226,19710,2039,1089,246,124,0.54735327,5,-1,-1
227,19708,2503,994,199,109,0.7478676,4,-1,-1
227,19694,2093,1098,252,122,0.65327597,4,-1,-1
227,19701,2278,838,180,85,0.6493888,4,-1,-1
227,19699,1688,1061,201,103,0.57666945,4,-1,-1
227,19709,382,417,65,42,0.50297993,4,-1,-1
228,19708,2454,982,213,108,0.65146047,4,-1,-1
228,19694,2152,1113,252,121,0.6020313,4,-1,-1
228,19701,2256,835,171,82,0.5551649,4,-1,-1
228,19699,1735,1071,198,102,0.4951544,4,-1,-1
228,19709,380,417,65,43,0.37996346,4,-1,-1
229,19708,2411,980,209,103,0.70444643,4,-1,-1
229,19694,2203,1122,257,123,0.6757741,4,-1,-1
229,19699,1779,1080,207,110,0.6412111,4,-1,-1
229,19701,2223,833,174,82,0.43905434,4,-1,-1
229,19709,376,418,67,41,0.4255318,4,-1,-1
230,19694,2264,1136,262,123,0.7079358,4,-1,-1
230,19708,2365,972,208,106,0.58068275,4,-1,-1
230,19699,1828,1094,219,113,0.4753709,4,-1,-1
230,19709,358,419,72,41,0.41969943,4,-1,-1
230,19701,2199,828,173,77,0.41441923,4,-1,-1
231,19694,2325,1155,264,117,0.64502233,4,-1,-1
231,19699,1872,1104,225,113,0.629608,4,-1,-1
231,19708,2315,960,201,106,0.6224791,4,-1,-1
231,19701,2174,824,169,81,0.53826773,4,-1,-1
231,19711,2685,909,12,79,0.43833882,4,-1,-1
232,19694,2386,1162,270,127,0.74364954,4,-1,-1
232,19708,2271,952,204,104,0.64046985,4,-1,-1
232,19701,2139,819,172,80,0.6093844,4,-1,-1
232,19699,1931,1115,226,119,0.5906672,4,-1,-1
232,19711,2644,904,57,84,0.55322313,4,-1,-1
233,19699,1978,1123,231,123,0.6755328,4,-1,-1
233,19694,2449,1177,260,128,0.6400168,4,-1,-1
233,19701,2114,816,176,79,0.6279784,4,-1,-1
233,19708,2231,941,197,103,0.61251575,4,-1,-1
233,19711,2618,900,83,84,0.55781484,4,-1,-1
233,19712,2449,1177,260,128,0.30832294,5,-1,-1
234,19699,2036,1134,234,129,0.70550495,4,-1,-1
234,19711,2588,898,115,89,0.6854903,4,-1,-1
234,19708,2192,937,191,104,0.6331075,4,-1,-1
234,19694,2515,1190,188,135,0.5708829,4,-1,-1
234,19701,2095,816,160,76,0.52786124,4,-1,-1
235,19699,2093,1152,242,125,0.6423034,4,-1,-1
235,19708,2151,931,189,103,0.60771286,4,-1,-1
235,19711,2558,895,144,94,0.5912496,4,-1,-1
235,19694,2580,1201,124,133,0.4983474,4,-1,-1
235,19701,2069,808,161,75,0.43853188,4,-1,-1
236,19699,2145,1163,247,127,0.66883427,4,-1,-1
236,19708,2109,923,189,99,0.6119165,4,-1,-1
236,19701,2036,804,166,78,0.58532685,4,-1,-1
236,19711,2518,894,181,93,0.570763,4,-1,-1
236,19694,2664,1213,32,184,0.3162656,4,-1,-1
237,19699,2206,1176,251,132,0.68170226,4,-1,-1
237,19701,2015,802,158,79,0.6447996,4,-1,-1
237,19708,2068,917,189,98,0.5901153,4,-1,-1
237,19711,2494,888,185,85,0.5136891,4,-1,-1
238,19699,2268,1194,252,129,0.67816055,4,-1,-1
238,19701,1988,800,160,76,0.676637,4,-1,-1
238,19711,2462,883,196,89,0.58645594,4,-1,-1
238,19708,2038,912,181,96,0.5556225,4,-1,-1
239,19699,2333,1203,251,134,0.617472,4,-1,-1
239,19711,2438,880,195,90,0.5850094,4,-1,-1
239,19708,2000,905,174,93,0.56320906,4,-1,-1
239,19701,1971,797,149,76,0.5398858,4,-1,-1
239,19713,1,597,34,62,0.42061248,4,-1,-1
240,19708,1959,898,177,97,0.6819627,4,-1,-1
240,19699,2392,1220,263,138,0.6064951,4,-1,-1
240,19711,2401,877,199,89,0.54458356,4,-1,-1
240,19713,0,601,53,59,0.5157658,4,-1,-1
240,19701,1950,794,145,77,0.46704394,4,-1,-1
241,19699,2458,1235,246,139,0.7043895,4,-1,-1
241,19708,1921,893,177,92,0.6060124,4,-1,-1
241,19711,2377,876,196,87,0.596869,4,-1,-1
241,19713,0,605,64,71,0.56936705,4,-1,-1
241,19701,1912,787,162,77,0.42216948,4,-1,-1
242,19708,1883,884,174,92,0.5679304,4,-1,-1
242,19699,2537,1247,164,158,0.56030506,4,-1,-1
242,19713,0,600,67,66,0.54822594,4,-1,-1
242,19711,2357,872,189,91,0.530566,4,-1,-1
242,19701,1894,786,152,75,0.47410944,4,-1,-1
243,19708,1852,878,172,95,0.53703463,4,-1,-1
243,19711,2324,864,183,89,0.5083638,4,-1,-1
243,19713,0,601,72,64,0.49264213,4,-1,-1
243,19699,2597,1263,109,171,0.45625046,4,-1,-1
244,19711,2299,863,180,85,0.65906817,4,-1,-1
244,19708,1815,873,168,89,0.58986086,4,-1,-1
244,19699,2672,1270,24,157,0.32058263,4,-1,-1
244,19714,1852,779,148,72,0.53375655,4,-1,-1
245,19711,2271,860,184,84,0.5947787,4,-1,-1
245,19708,1775,863,172,92,0.5779051,4,-1,-1
245,19714,1827,776,153,76,0.53367877,4,-1,-1
246,19711,2241,856,181,82,0.5952263,4,-1,-1
246,19708,1746,859,171,92,0.5677231,4,-1,-1
246,19714,1804,773,153,76,0.4924056,4,-1,-1
246,19715,646,500,33,47,0.33252612,1,-1,-1
247,19711,2215,855,180,81,0.571708,4,-1,-1
247,19708,1709,854,172,90,0.55575675,4,-1,-1
247,19714,1782,767,153,71,0.47606716,4,-1,-1
248,19711,2194,848,172,80,0.52729046,4,-1,-1
248,19708,1673,851,167,90,0.32955074,4,-1,-1
249,19711,2169,842,175,86,0.5487142,4,-1,-1
249,19708,1645,842,168,89,0.42739147,4,-1,-1
250,19711,2135,840,180,84,0.57994336,4,-1,-1
250,19708,1607,839,171,84,0.38315085,4,-1,-1
251,19711,2112,840,178,83,0.6329773,4,-1,-1
252,19711,2088,838,180,83,0.62184405,4,-1,-1
253,19711,2066,838,172,81,0.51334184,4,-1,-1
254,19711,2050,835,158,80,0.41082647,4,-1,-1
254,19716,1635,735,141,73,0.35266227,3,-1,-1
255,19716,1621,734,132,71,0.52683264,3,-1,-1
255,19711,2017,831,161,85,0.4585778,4,-1,-1
255,19717,1526,422,76,37,0.32191,4,-1,-1
255,19718,637,492,33,53,0.31150886,1,-1,-1
256,19716,1598,728,136,78,0.4661967,3,-1,-1
256,19717,1524,421,77,39,0.3697571,4,-1,-1
256,19711,1995,831,162,85,0.31684825,4,-1,-1
257,19711,1971,830,159,86,0.37963894,4,-1,-1
258,19711,1943,829,163,74,0.31017703,4,-1,-1
261,19719,1329,795,116,75,0.31896445,3,-1,-1
