1,18439,1283,499,269,117,0.48987764,6,-1,-1
2,18439,1284,496,271,129,0.5900546,6,-1,-1
3,18439,1295,499,285,118,0.6660614,6,-1,-1
3,18440,233,656,277,117,0.30554003,6,-1,-1
4,18439,1318,499,274,120,0.42045656,6,-1,-1
5,18439,1332,492,252,109,0.48926485,6,-1,-1
6,18439,1343,490,257,107,0.64563483,6,-1,-1
7,18439,1361,487,242,112,0.60011137,6,-1,-1
7,18441,398,637,239,111,0.3451452,6,-1,-1
8,18439,1369,485,256,113,0.6535596,6,-1,-1
8,18441,419,642,246,102,0.42586634,6,-1,-1
9,18439,1371,486,248,113,0.49426195,6,-1,-1
9,18441,453,634,256,107,0.46851018,6,-1,-1
10,18441,476,622,255,102,0.5370434,6,-1,-1
10,18439,1385,488,234,103,0.419754,6,-1,-1
11,18441,508,618,243,105,0.5260167,6,-1,-1
11,18439,1391,480,249,121,0.45758358,6,-1,-1
12,18441,543,612,245,108,0.6280191,6,-1,-1
13,18441,561,609,253,112,0.5755256,6,-1,-1
13,18442,1416,483,243,110,0.3180321,6,-1,-1
14,18441,602,604,216,93,0.46554032,6,-1,-1
15,18441,644,601,212,95,0.5088176,6,-1,-1
16,18441,658,597,227,96,0.46729505,6,-1,-1
17,18441,679,594,230,98,0.5918153,6,-1,-1
18,18441,705,589,223,84,0.4790431,6,-1,-1
19,18441,735,585,216,88,0.5376242,6,-1,-1
20,18441,774,579,208,92,0.5389849,6,-1,-1
21,18441,813,577,213,92,0.6034897,6,-1,-1
22,18441,855,573,219,97,0.6110446,6,-1,-1
23,18441,905,561,206,98,0.5588451,6,-1,-1
24,18441,945,562,203,92,0.5915795,6,-1,-1
25,18441,996,565,186,85,0.54658335,6,-1,-1
25,18443,1644,473,135,96,0.4461946,6,-1,-1
26,18441,1039,561,188,84,0.5145778,6,-1,-1
26,18443,1673,478,114,86,0.33255368,6,-1,-1
27,18441,1086,563,178,79,0.58888626,6,-1,-1
27,18444,1771,691,51,79,0.30048162,1,-1,-1
28,18441,1122,562,186,78,0.5852943,6,-1,-1
28,18445,1733,474,122,90,0.30230775,6,-1,-1
29,18441,1161,560,172,79,0.49290732,6,-1,-1
29,18445,1760,480,106,78,0.3428395,6,-1,-1
30,18441,1200,561,165,76,0.5399737,6,-1,-1
31,18441,1249,549,153,75,0.5142558,6,-1,-1
31,18446,1817,470,92,70,0.3815961,6,-1,-1
31,18447,2641,1070,43,99,0.3673464,1,-1,-1
31,18448,1548,933,193,95,0.34340292,4,-1,-1
31,18449,1855,699,47,71,0.31392944,1,-1,-1
32,18441,1283,550,165,75,0.61018133,6,-1,-1
32,18450,691,545,82,47,0.35926342,4,-1,-1
33,18441,1333,549,148,74,0.5288195,6,-1,-1
34,18441,1364,547,146,73,0.56793076,6,-1,-1
35,18441,1379,543,161,77,0.5786907,6,-1,-1
35,18451,1923,466,76,76,0.39433852,6,-1,-1
35,18452,312,445,128,59,0.30290103,6,-1,-1
36,18441,1407,549,139,67,0.68527657,6,-1,-1
36,18452,318,447,118,56,0.31655505,6,-1,-1
37,18441,1420,545,152,67,0.6096945,6,-1,-1
37,18453,1389,806,125,68,0.4930229,4,-1,-1
38,18441,1448,548,133,61,0.60174626,6,-1,-1
38,18453,1415,815,123,61,0.35173446,4,-1,-1
39,18441,1450,545,140,64,0.5739907,6,-1,-1
39,18453,1443,822,118,66,0.52253425,4,-1,-1
40,18441,1480,547,121,60,0.5962555,6,-1,-1
40,18453,1475,829,120,64,0.3956022,4,-1,-1
41,18441,1499,538,120,61,0.56243795,6,-1,-1
41,18454,1421,559,79,56,0.45660937,4,-1,-1
41,18455,307,448,135,57,0.3180087,6,-1,-1
42,18441,1509,538,112,59,0.5766345,6,-1,-1
42,18456,1524,843,127,63,0.38233727,4,-1,-1
43,18441,1525,536,117,56,0.6360114,6,-1,-1
43,18456,1540,847,139,64,0.44464955,4,-1,-1
44,18441,1545,529,116,63,0.63683385,6,-1,-1
44,18456,1567,845,156,80,0.5022361,4,-1,-1
44,18457,316,446,118,61,0.31132,6,-1,-1
45,18441,1551,531,115,59,0.6031263,6,-1,-1
45,18456,1600,859,146,73,0.49906084,4,-1,-1
45,18457,311,446,130,60,0.3418531,6,-1,-1
46,18456,1630,861,154,79,0.59339976,4,-1,-1
46,18441,1575,531,104,62,0.5834253,6,-1,-1
46,18457,310,446,129,58,0.3968171,6,-1,-1
46,18458,2093,1052,218,115,0.46686614,4,-1,-1
47,18441,1582,528,121,58,0.65295017,6,-1,-1
47,18456,1651,867,168,83,0.4243881,4,-1,-1
47,18457,311,448,123,58,0.36387864,6,-1,-1
47,18458,2126,1058,233,123,0.3630186,4,-1,-1
48,18441,1594,527,113,63,0.612158,6,-1,-1
48,18458,2164,1068,242,130,0.45361495,4,-1,-1
48,18456,1690,880,162,78,0.3999556,4,-1,-1
48,18457,310,446,123,60,0.3946203,6,-1,-1
48,18459,565,561,79,50,0.30588374,4,-1,-1
49,18456,1713,882,169,85,0.5899019,4,-1,-1
49,18441,1617,529,104,57,0.5769247,6,-1,-1
50,18441,1625,528,119,58,0.58706105,6,-1,-1
50,18456,1744,887,181,88,0.47245634,4,-1,-1
50,18460,298,445,141,59,0.42470613,4,-1,-1
50,18461,216,558,147,49,0.331921,4,-1,-1
51,18456,1777,899,171,81,0.5712847,4,-1,-1
51,18441,1638,524,110,62,0.52809495,6,-1,-1
51,18460,305,445,131,61,0.36899945,4,-1,-1
51,18461,221,558,141,47,0.34540385,4,-1,-1
51,18462,526,560,69,45,0.46400905,4,-1,-1
51,18463,305,445,131,61,0.31867585,6,-1,-1
52,18456,1813,903,179,91,0.56789416,4,-1,-1
52,18441,1663,528,97,56,0.5584906,6,-1,-1
52,18463,303,447,133,61,0.35019386,6,-1,-1
52,18464,1576,546,62,45,0.38687867,4,-1,-1
53,18456,1851,915,178,86,0.46270376,4,-1,-1
53,18441,1664,527,99,57,0.44591507,6,-1,-1
53,18463,305,450,128,58,0.4422051,6,-1,-1
53,18465,2390,1121,244,127,0.55481666,4,-1,-1
53,18466,32,512,85,53,0.45619863,4,-1,-1
53,18467,227,569,85,43,0.40764597,4,-1,-1
53,18468,501,558,70,46,0.37648734,4,-1,-1
54,18456,1873,919,188,87,0.6064175,4,-1,-1
54,18465,2429,1137,258,120,0.5648476,4,-1,-1
54,18468,491,556,60,45,0.4906782,4,-1,-1
54,18441,1684,523,92,51,0.45834112,6,-1,-1
54,18463,304,447,131,60,0.39446902,6,-1,-1
54,18469,1684,523,92,51,0.31038442,4,-1,-1
55,18441,1701,516,101,58,0.55370337,6,-1,-1
55,18456,1912,924,189,92,0.5444391,4,-1,-1
55,18463,303,447,129,61,0.42562586,6,-1,-1
55,18465,2478,1154,219,121,0.38134938,4,-1,-1
55,18468,481,556,66,47,0.34688616,4,-1,-1
55,18470,250,576,78,47,0.4089756,4,-1,-1
56,18441,1702,512,103,64,0.5948472,6,-1,-1
56,18465,2520,1160,180,122,0.48926112,4,-1,-1
56,18456,1953,936,185,90,0.4666202,4,-1,-1
56,18463,302,446,131,60,0.38756505,6,-1,-1
56,18471,47,516,92,54,0.3345179,4,-1,-1
57,18465,2568,1178,125,128,0.45992264,4,-1,-1
57,18441,1717,512,104,57,0.41984528,6,-1,-1
57,18456,1979,943,190,84,0.3515442,4,-1,-1
57,18471,54,520,92,54,0.35032722,4,-1,-1
57,18463,301,445,133,62,0.34806508,6,-1,-1
57,18472,1707,513,101,55,0.3493749,4,-1,-1
58,18441,1727,509,99,57,0.48122156,6,-1,-1
58,18471,65,521,91,52,0.30049595,4,-1,-1
58,18473,1860,456,95,52,0.30530196,4,-1,-1
59,18441,1751,511,88,55,0.55481297,6,-1,-1
59,18471,71,530,91,49,0.3162502,4,-1,-1
59,18474,2056,963,200,89,0.51628894,4,-1,-1
59,18475,2675,1191,13,189,0.32811117,4,-1,-1
60,18474,2093,966,208,97,0.56452656,4,-1,-1
60,18441,1761,512,100,52,0.41233844,6,-1,-1
60,18471,78,531,89,47,0.3684483,4,-1,-1
60,18476,285,444,142,63,0.31611788,4,-1,-1
61,18474,2130,982,216,89,0.49198842,4,-1,-1
61,18471,89,531,87,50,0.3878255,4,-1,-1
61,18476,290,447,134,60,0.33284852,4,-1,-1
61,18441,1769,515,98,51,0.30388132,6,-1,-1
62,18474,2166,984,230,99,0.59466815,4,-1,-1
62,18471,93,533,90,49,0.44168404,4,-1,-1
62,18441,1781,510,106,56,0.3132023,6,-1,-1
62,18477,303,446,128,63,0.34669286,6,-1,-1
63,18474,2218,994,214,100,0.57166034,4,-1,-1
63,18471,100,534,87,47,0.39947084,4,-1,-1
63,18441,1794,509,94,53,0.3091922,6,-1,-1
63,18478,301,590,87,58,0.30411264,4,-1,-1
64,18474,2257,1000,218,106,0.6834568,4,-1,-1
64,18471,112,531,82,54,0.57082075,4,-1,-1
64,18441,1804,498,100,56,0.38019282,6,-1,-1
64,18479,1847,456,100,55,0.3128062,4,-1,-1
65,18471,114,534,87,52,0.5430577,4,-1,-1
65,18474,2301,1012,226,106,0.5226123,4,-1,-1
65,18441,1808,494,105,59,0.49504822,6,-1,-1
65,18480,308,584,93,54,0.31442833,4,-1,-1
66,18474,2337,1023,237,98,0.6338641,4,-1,-1
66,18471,110,537,102,51,0.37331384,4,-1,-1
66,18441,1824,488,111,62,0.34634313,6,-1,-1
67,18474,2407,1034,216,106,0.5555486,4,-1,-1
67,18441,1830,459,107,75,0.39168742,6,-1,-1
67,18471,116,539,97,51,0.33130422,4,-1,-1
68,18441,1825,456,117,79,0.4838817,6,-1,-1
68,18474,2445,1047,234,97,0.45602646,4,-1,-1
68,18471,132,541,87,54,0.4093293,4,-1,-1
68,18481,332,525,75,46,0.33220607,4,-1,-1
69,18474,2502,1061,196,99,0.59226906,4,-1,-1
69,18441,1827,457,114,75,0.4113487,6,-1,-1
69,18471,136,545,90,50,0.3687343,4,-1,-1
70,18474,2553,1067,141,103,0.5946401,4,-1,-1
70,18441,1840,456,114,82,0.4641496,6,-1,-1
70,18471,143,550,85,52,0.3512735,4,-1,-1
70,18482,736,548,71,43,0.42280203,4,-1,-1
71,18474,2607,1085,85,94,0.45642194,4,-1,-1
71,18471,156,553,82,49,0.39330187,4,-1,-1
71,18482,731,548,76,43,0.39195982,4,-1,-1
71,18441,1832,456,105,58,0.35682276,6,-1,-1
72,18471,158,554,85,50,0.5748026,4,-1,-1
72,18482,722,544,73,48,0.36746496,4,-1,-1
72,18441,1870,479,109,72,0.357312,6,-1,-1
72,18483,296,448,120,55,0.33884916,6,-1,-1
73,18471,162,554,86,53,0.6399058,4,-1,-1
73,18483,293,447,124,57,0.34550628,6,-1,-1
74,18471,164,557,87,58,0.5752693,4,-1,-1
74,18483,288,446,128,60,0.5669782,6,-1,-1
74,18484,1824,453,108,65,0.30507672,6,-1,-1
75,18471,176,559,83,56,0.541894,4,-1,-1
75,18484,1823,452,109,65,0.4705629,6,-1,-1
75,18483,292,448,123,57,0.32876682,6,-1,-1
76,18471,178,562,86,59,0.52228093,4,-1,-1
76,18483,290,445,124,60,0.434322,6,-1,-1
77,18483,283,446,135,59,0.561818,6,-1,-1
77,18471,181,561,90,59,0.52303666,4,-1,-1
78,18471,183,571,90,56,0.5155737,4,-1,-1
78,18483,284,447,131,61,0.40243548,6,-1,-1
78,18485,722,557,65,44,0.34309033,4,-1,-1
78,18486,1812,456,104,59,0.3392565,6,-1,-1
79,18471,198,571,81,59,0.49482653,4,-1,-1
79,18486,1807,455,114,61,0.46602592,6,-1,-1
79,18483,281,447,131,61,0.42342103,6,-1,-1
80,18471,198,574,84,61,0.6319465,4,-1,-1
80,18486,1806,460,109,66,0.44646358,6,-1,-1
80,18483,282,450,125,57,0.33082718,6,-1,-1
80,18487,725,558,59,44,0.3443613,4,-1,-1
81,18471,200,581,85,61,0.561638,4,-1,-1
81,18486,1788,465,109,59,0.48763624,6,-1,-1
81,18487,719,560,61,44,0.432318,4,-1,-1
81,18483,267,445,131,61,0.39440814,6,-1,-1
81,18488,1788,465,109,59,0.33940956,4,-1,-1
82,18486,1778,461,120,70,0.59628373,6,-1,-1
82,18471,197,580,84,65,0.51927716,4,-1,-1
82,18487,700,556,72,49,0.47624165,4,-1,-1
83,18471,182,587,88,65,0.54715043,4,-1,-1
83,18486,1770,463,104,62,0.41803458,6,-1,-1
83,18489,238,445,135,65,0.4191098,6,-1,-1
84,18471,159,587,94,74,0.5775772,4,-1,-1
84,18486,1744,463,106,65,0.5603941,6,-1,-1
84,18490,675,557,63,48,0.39145952,4,-1,-1
84,18491,1744,463,106,65,0.34848928,4,-1,-1
85,18486,1718,464,116,68,0.581236,6,-1,-1
85,18471,136,597,97,72,0.48332533,4,-1,-1
85,18490,650,560,68,49,0.3569751,4,-1,-1
86,18486,1694,468,117,70,0.5782255,6,-1,-1
86,18471,110,609,106,69,0.4719034,4,-1,-1
86,18490,619,566,67,48,0.3394199,4,-1,-1
87,18471,104,615,97,67,0.5422676,4,-1,-1
87,18486,1664,468,132,73,0.53102416,6,-1,-1
88,18486,1638,472,107,65,0.5089159,6,-1,-1
88,18471,87,621,103,65,0.3965408,4,-1,-1
88,18492,573,576,66,47,0.3082397,4,-1,-1
89,18492,569,575,64,50,0.46008104,4,-1,-1
89,18471,83,632,98,59,0.3857042,4,-1,-1
89,18486,1657,487,101,57,0.3199051,6,-1,-1
90,18471,84,634,105,59,0.48423442,4,-1,-1
90,18486,1630,484,120,64,0.42374197,6,-1,-1
90,18492,566,577,66,51,0.35292467,4,-1,-1
91,18486,1614,482,112,66,0.4094387,6,-1,-1
91,18471,87,633,103,64,0.36749503,4,-1,-1
91,18492,549,576,72,54,0.344645,4,-1,-1
92,18492,550,580,71,54,0.416899,4,-1,-1
92,18486,1623,479,126,69,0.41326,6,-1,-1
92,18471,90,635,108,56,0.40586525,4,-1,-1
93,18471,108,639,105,55,0.49049315,4,-1,-1
93,18486,1606,477,127,72,0.48724586,6,-1,-1
93,18493,88,465,141,62,0.30349576,6,-1,-1
94,18486,1599,468,131,74,0.5146894,6,-1,-1
94,18471,123,636,101,56,0.3867854,4,-1,-1
95,18486,1604,471,118,64,0.4059353,6,-1,-1
95,18494,544,579,76,53,0.34358948,4,-1,-1
96,18486,1589,473,118,60,0.44054246,6,-1,-1
97,18486,1580,476,129,75,0.5535417,6,-1,-1
98,18486,1574,476,136,76,0.5249567,6,-1,-1
99,18486,1563,474,133,81,0.5614552,6,-1,-1
100,18486,1562,475,130,78,0.5645892,6,-1,-1
101,18486,1563,478,127,75,0.4856859,6,-1,-1
102,18486,1555,489,97,61,0.34102002,6,-1,-1
103,18486,1540,491,81,58,0.43789837,6,-1,-1
103,18495,539,577,77,57,0.38638103,4,-1,-1
103,18496,1591,513,73,45,0.31538025,4,-1,-1
103,18497,1540,491,81,58,0.3050136,4,-1,-1
104,18486,1532,483,100,73,0.48567817,6,-1,-1
104,18495,539,579,76,55,0.40118214,4,-1,-1
105,18486,1523,476,118,83,0.54865223,6,-1,-1
105,18495,541,580,76,53,0.39980045,4,-1,-1
106,18486,1519,474,127,83,0.5166118,6,-1,-1
106,18495,539,580,77,54,0.42513624,4,-1,-1
107,18486,1524,479,123,80,0.49964252,6,-1,-1
107,18495,528,579,81,52,0.4015197,4,-1,-1
108,18486,1507,474,146,88,0.60662174,6,-1,-1
109,18486,1498,482,125,81,0.49429306,6,-1,-1
109,18498,538,582,77,51,0.34339803,4,-1,-1
110,18486,1498,481,129,85,0.49992597,6,-1,-1
110,18498,528,577,82,52,0.30395243,4,-1,-1
111,18486,1493,477,139,87,0.46721885,6,-1,-1
111,18498,538,582,79,52,0.43541068,4,-1,-1
112,18498,539,582,78,51,0.40215626,4,-1,-1
112,18486,1471,487,99,70,0.34217998,6,-1,-1
113,18499,1509,474,102,47,0.37229705,4,-1,-1
114,18500,1464,481,143,87,0.5305446,6,-1,-1
115,18500,1448,481,147,86,0.58359635,6,-1,-1
116,18500,1444,480,148,85,0.55485445,6,-1,-1
116,18501,523,580,84,54,0.3422728,4,-1,-1
117,18500,1440,478,154,90,0.59882355,6,-1,-1
118,18500,1453,488,128,77,0.43418092,6,-1,-1
119,18500,1434,499,125,72,0.4156241,6,-1,-1
119,18502,1404,506,101,64,0.32855794,4,-1,-1
119,18503,2097,486,78,38,0.3163441,4,-1,-1
120,18502,1378,510,79,57,0.45701754,4,-1,-1
120,18500,1383,507,94,62,0.36709455,6,-1,-1
120,18504,496,580,84,51,0.4958105,4,-1,-1
120,18505,1655,496,76,42,0.38684955,4,-1,-1
120,18506,1432,511,92,58,0.3667525,6,-1,-1
120,18507,1432,511,92,58,0.35439304,4,-1,-1
120,18508,1116,1243,50,72,0.30191505,1,-1,-1
121,18506,1397,504,110,68,0.4430077,6,-1,-1
121,18505,1631,496,73,41,0.347837,4,-1,-1
121,18507,1397,504,110,68,0.32447925,4,-1,-1
122,18506,1343,491,143,85,0.43086162,6,-1,-1
123,18506,1317,491,152,87,0.54204375,6,-1,-1
124,18506,1313,490,154,89,0.4761605,6,-1,-1
124,18509,1064,1251,61,65,0.41035965,1,-1,-1
125,18506,1295,490,153,92,0.43848637,6,-1,-1
126,18506,1288,489,165,96,0.5975737,6,-1,-1
127,18506,1289,491,157,95,0.5340023,6,-1,-1
127,18510,1604,492,77,42,0.34035558,4,-1,-1
128,18506,1298,491,135,97,0.55949736,6,-1,-1
128,18511,437,592,73,54,0.3270843,4,-1,-1
129,18506,1252,501,153,86,0.49930763,6,-1,-1
129,18512,1575,498,64,38,0.34884915,4,-1,-1
130,18506,1246,501,162,85,0.49723446,6,-1,-1
130,18512,1595,497,63,36,0.35104802,4,-1,-1
130,18513,1292,494,114,55,0.36848068,4,-1,-1
130,18514,1064,1255,55,63,0.3522952,1,-1,-1
131,18513,1297,492,98,49,0.43298915,4,-1,-1
131,18506,1230,508,112,74,0.42406526,6,-1,-1
131,18512,1594,498,64,35,0.3967823,4,-1,-1
131,18514,1063,1256,56,62,0.3682037,1,-1,-1
131,18515,1276,529,107,57,0.37260863,4,-1,-1
132,18506,1224,499,166,90,0.4769967,6,-1,-1
132,18512,1591,496,73,39,0.33556983,4,-1,-1
133,18512,1609,494,74,39,0.46761087,4,-1,-1
133,18506,1275,529,100,57,0.4083286,6,-1,-1
134,18506,1240,501,137,84,0.50686556,6,-1,-1
134,18512,1611,496,69,38,0.44058117,4,-1,-1
134,18516,1199,533,93,58,0.30480495,6,-1,-1
135,18506,1208,503,160,86,0.5043011,6,-1,-1
135,18517,1997,482,70,32,0.318678,4,-1,-1
136,18506,1220,506,136,84,0.48260316,6,-1,-1
136,18518,1177,506,130,78,0.3310279,6,-1,-1
137,18506,1182,503,169,90,0.4905904,6,-1,-1
137,18519,1593,497,68,39,0.30821472,4,-1,-1
138,18506,1163,504,166,87,0.49429655,6,-1,-1
138,18519,1592,486,72,37,0.34163123,4,-1,-1
139,18506,1141,513,170,86,0.51821333,6,-1,-1
139,18520,397,591,89,58,0.31222725,4,-1,-1
140,18506,1134,512,169,87,0.4939192,6,-1,-1
141,18506,1115,512,174,90,0.47587314,6,-1,-1
142,18506,1088,511,185,92,0.561793,6,-1,-1
142,18521,1565,483,80,42,0.31598976,4,-1,-1
143,18506,1069,511,182,93,0.52479774,6,-1,-1
144,18506,1066,510,185,92,0.52650815,6,-1,-1
144,18522,370,583,90,58,0.30667302,4,-1,-1
145,18506,1037,510,202,96,0.5800704,6,-1,-1
146,18506,1023,513,191,92,0.60968155,6,-1,-1
146,18523,351,592,90,57,0.3720667,4,-1,-1
146,18524,1544,483,84,44,0.32725155,4,-1,-1
147,18506,1013,510,204,100,0.59440976,6,-1,-1
148,18506,991,510,208,103,0.5991585,6,-1,-1
149,18506,996,513,194,98,0.58543855,6,-1,-1
150,18506,976,512,199,102,0.5301629,6,-1,-1
150,18525,2527,982,145,84,0.3346434,4,-1,-1
151,18506,971,515,196,100,0.5725826,6,-1,-1
151,18525,2480,971,158,83,0.39999017,4,-1,-1
152,18506,952,514,205,103,0.50159335,6,-1,-1
152,18525,2438,970,165,82,0.3786095,4,-1,-1
153,18506,949,520,202,97,0.5109867,6,-1,-1
154,18506,931,519,202,98,0.4772133,6,-1,-1
154,18526,1003,921,179,133,0.55506545,6,-1,-1
154,18527,1003,921,179,133,0.3179048,4,-1,-1
155,18526,1031,926,178,132,0.466396,6,-1,-1
155,18506,932,530,198,92,0.3535109,6,-1,-1
155,18527,1031,926,178,132,0.33456418,4,-1,-1
155,18528,2385,1164,257,112,0.49181587,4,-1,-1
156,18527,1065,935,183,135,0.6143133,4,-1,-1
156,18506,908,529,210,98,0.33291873,6,-1,-1
156,18529,928,531,196,93,0.3644289,5,-1,-1
157,18506,901,530,214,96,0.59658146,6,-1,-1
157,18527,1089,942,191,135,0.3270929,4,-1,-1
157,18530,1089,942,191,135,0.53342825,6,-1,-1
158,18506,883,525,215,109,0.54799646,6,-1,-1
158,18530,1124,946,192,138,0.5361979,6,-1,-1
158,18531,2560,1192,128,140,0.41836283,4,-1,-1
159,18506,879,526,213,109,0.5882528,6,-1,-1
159,18530,1162,958,195,135,0.58439505,6,-1,-1
160,18530,1193,960,195,143,0.56151587,6,-1,-1
160,18506,858,526,222,113,0.5477189,6,-1,-1
161,18506,839,528,222,115,0.60834074,6,-1,-1
161,18532,1229,971,199,148,0.3579958,4,-1,-1
161,18533,2124,923,161,85,0.33216372,4,-1,-1
162,18506,834,525,228,118,0.5859684,6,-1,-1
162,18534,1263,973,210,153,0.4519185,6,-1,-1
163,18506,818,535,219,108,0.50536704,6,-1,-1
163,18534,1299,986,217,145,0.3043664,6,-1,-1
163,18535,1299,986,217,145,0.30214712,4,-1,-1
164,18506,809,536,227,108,0.5128332,6,-1,-1
164,18534,1335,996,230,149,0.41246518,6,-1,-1
165,18506,790,545,230,107,0.52114964,6,-1,-1
165,18536,1995,900,158,94,0.42740592,4,-1,-1
165,18537,366,589,83,64,0.30107024,4,-1,-1
166,18506,772,548,229,103,0.50311357,6,-1,-1
166,18536,1975,900,151,84,0.47194293,4,-1,-1
166,18537,352,587,93,68,0.32384005,4,-1,-1
166,18538,1403,1020,236,146,0.44658095,4,-1,-1
166,18539,1706,1054,215,116,0.35309538,4,-1,-1
166,18540,1546,496,74,39,0.3132391,4,-1,-1
167,18506,764,544,238,111,0.51600945,6,-1,-1
167,18541,764,544,238,111,0.30823305,5,-1,-1
168,18506,743,545,241,113,0.4525814,6,-1,-1
168,18541,743,545,241,113,0.377632,5,-1,-1
168,18542,1791,1072,216,122,0.39470202,4,-1,-1
168,18543,1913,886,145,85,0.3324794,4,-1,-1
169,18541,738,546,237,114,0.49220613,5,-1,-1
169,18544,354,589,86,66,0.3059176,4,-1,-1
170,18541,714,547,250,119,0.59164584,5,-1,-1
170,18544,354,589,87,65,0.3753283,4,-1,-1
170,18545,1542,497,77,39,0.4540253,4,-1,-1
170,18546,1855,882,135,79,0.34509796,6,-1,-1
171,18541,712,549,244,119,0.37283975,5,-1,-1
171,18544,353,591,86,64,0.34758067,4,-1,-1
171,18547,700,549,248,120,0.48018625,6,-1,-1
171,18548,1042,1253,59,73,0.40395793,1,-1,-1
172,18541,689,549,253,124,0.5364865,5,-1,-1
173,18541,674,563,244,112,0.44281203,5,-1,-1
173,18549,1527,495,77,42,0.3460766,4,-1,-1
174,18541,658,561,248,120,0.43285078,5,-1,-1
174,18550,658,561,248,120,0.343614,6,-1,-1
175,18541,648,561,250,121,0.60226506,5,-1,-1
176,18541,629,561,254,123,0.6204333,5,-1,-1
176,18551,1863,1116,280,160,0.43360177,6,-1,-1
176,18552,1541,492,75,44,0.30599663,4,-1,-1
177,18541,609,560,259,126,0.6569376,5,-1,-1
178,18541,589,566,257,122,0.5635661,5,-1,-1
178,18553,1953,1133,286,169,0.38091862,6,-1,-1
179,18541,575,563,268,130,0.5895823,5,-1,-1
179,18554,2012,1147,280,154,0.39393404,4,-1,-1
179,18555,2321,1176,259,124,0.33225638,4,-1,-1
180,18541,558,567,266,119,0.49078223,5,-1,-1
180,18555,2369,1182,260,126,0.3887985,4,-1,-1
180,18556,2059,1158,287,161,0.5246971,6,-1,-1
180,18557,1069,1250,54,66,0.45380464,1,-1,-1
180,18558,1541,479,77,37,0.36241737,4,-1,-1
181,18541,534,563,271,119,0.55971074,5,-1,-1
181,18556,2124,1159,275,159,0.3397365,6,-1,-1
182,18541,516,545,272,132,0.5377421,5,-1,-1
182,18559,1527,463,79,40,0.38626584,4,-1,-1
182,18560,2604,899,85,140,0.37615147,4,-1,-1
183,18541,493,543,279,126,0.6220265,5,-1,-1
183,18561,2541,1164,154,162,0.3031124,4,-1,-1
184,18541,471,539,280,120,0.49363586,5,-1,-1
185,18541,466,539,274,119,0.44925144,5,-1,-1
185,18562,2510,876,189,129,0.5030952,6,-1,-1
185,18563,2342,1176,304,167,0.46708357,6,-1,-1
186,18563,2406,1182,295,166,0.501513,6,-1,-1
186,18541,438,536,290,124,0.44658414,5,-1,-1
186,18562,2477,864,217,152,0.41365364,6,-1,-1
187,18541,412,535,296,127,0.4770407,5,-1,-1
187,18562,2464,860,229,135,0.32582852,6,-1,-1
187,18564,2464,860,229,135,0.31096676,4,-1,-1
188,18541,392,533,292,133,0.5854081,5,-1,-1
188,18562,2435,850,243,146,0.3604198,6,-1,-1
189,18541,366,532,302,139,0.6921112,5,-1,-1
190,18541,341,531,311,142,0.7202424,5,-1,-1
191,18541,321,535,311,145,0.66067004,5,-1,-1
192,18541,298,535,311,147,0.6170912,5,-1,-1
192,18565,2308,837,257,134,0.38381788,6,-1,-1
193,18565,2285,833,247,136,0.40414706,6,-1,-1
193,18541,276,537,311,147,0.38451043,5,-1,-1
193,18566,1524,431,80,44,0.35928574,4,-1,-1
194,18541,232,546,331,148,0.51073515,5,-1,-1
194,18566,1523,430,80,44,0.37109557,4,-1,-1
195,18541,207,548,334,151,0.37034914,5,-1,-1
195,18566,1525,432,78,43,0.3625388,4,-1,-1
195,18567,207,548,334,151,0.39971945,6,-1,-1
196,18541,185,547,334,157,0.6256217,5,-1,-1
196,18566,1525,432,78,43,0.33046857,4,-1,-1
197,18541,159,548,342,155,0.63442254,5,-1,-1
198,18541,132,551,349,160,0.34985787,5,-1,-1
198,18568,132,551,349,160,0.35158107,6,-1,-1
198,18569,2149,815,231,134,0.30278596,6,-1,-1
199,18569,2127,816,227,130,0.38042048,6,-1,-1
199,18541,93,563,355,156,0.34086028,5,-1,-1
200,18570,65,562,365,162,0.43790033,6,-1,-1
200,18571,2102,815,230,130,0.31566915,4,-1,-1
201,18572,34,564,374,169,0.43246907,5,-1,-1
201,18573,2078,814,232,127,0.321795,6,-1,-1
202,18574,13,565,368,173,0.4608953,6,-1,-1
203,18575,2020,802,223,124,0.36823472,6,-1,-1
204,18575,2003,801,215,120,0.35867986,6,-1,-1
204,18576,4,583,315,162,0.49351767,6,-1,-1
205,18576,8,589,290,153,0.438575,6,-1,-1
205,18575,1965,799,217,124,0.3853794,6,-1,-1
205,18577,1162,895,157,85,0.32750744,4,-1,-1
206,18575,1941,796,219,126,0.501554,6,-1,-1
206,18576,5,591,264,154,0.3563852,6,-1,-1
206,18578,1655,435,63,40,0.3918697,4,-1,-1
206,18579,5,591,264,154,0.3258754,4,-1,-1
207,18575,1917,792,219,128,0.44632572,6,-1,-1
207,18576,4,587,229,165,0.4230909,6,-1,-1
207,18580,1212,905,182,91,0.42493987,4,-1,-1
208,18576,1,586,201,171,0.4399405,6,-1,-1
208,18575,1899,789,210,129,0.33595815,6,-1,-1
208,18581,1,586,201,171,0.3180144,4,-1,-1
208,18582,1656,434,64,40,0.30553207,4,-1,-1
209,18581,2,591,180,163,0.56127435,4,-1,-1
209,18575,1863,781,212,120,0.40340242,6,-1,-1
210,18575,1837,780,219,121,0.5745032,6,-1,-1
210,18581,4,597,142,179,0.55648524,4,-1,-1
210,18583,1656,434,61,39,0.33167323,4,-1,-1
211,18575,1813,777,223,125,0.6825659,6,-1,-1
211,18581,2,596,108,152,0.4950987,4,-1,-1
211,18584,1082,915,163,91,0.53730386,4,-1,-1
211,18585,1378,938,188,91,0.42224053,4,-1,-1
212,18584,1114,922,172,92,0.62925,4,-1,-1
212,18575,1791,773,218,125,0.53421354,6,-1,-1
212,18581,2,597,72,181,0.44209284,4,-1,-1
213,18575,1770,774,216,117,0.6071607,6,-1,-1
213,18584,1154,929,167,92,0.45467538,4,-1,-1
213,18581,-1,605,58,173,0.37029213,4,-1,-1
213,18586,1440,956,208,96,0.37540486,4,-1,-1
213,18587,1528,431,71,39,0.3493817,4,-1,-1
214,18575,1747,768,220,126,0.631632,6,-1,-1
214,18584,1186,938,167,92,0.6179425,4,-1,-1
214,18586,1482,964,204,99,0.60634714,4,-1,-1
214,18587,1530,432,68,37,0.4003384,4,-1,-1
215,18575,1725,759,219,124,0.66385967,6,-1,-1
215,18584,1219,944,174,95,0.58361626,4,-1,-1
215,18586,1519,974,213,99,0.5324934,4,-1,-1
216,18575,1690,759,221,121,0.63177294,6,-1,-1
216,18586,1558,981,218,99,0.5632046,4,-1,-1
216,18584,1257,954,176,97,0.5446097,4,-1,-1
216,18588,2600,880,91,90,0.4540955,4,-1,-1
217,18575,1684,754,213,123,0.6623302,6,-1,-1
217,18584,1284,959,181,98,0.6108014,4,-1,-1
217,18588,2567,876,122,92,0.38367164,4,-1,-1
217,18586,1602,994,220,99,0.36853275,4,-1,-1
218,18575,1664,752,210,118,0.59842163,6,-1,-1
218,18584,1317,965,191,100,0.48719594,4,-1,-1
218,18588,2548,874,142,86,0.4176191,4,-1,-1
218,18589,1529,433,67,39,0.3042524,4,-1,-1
219,18584,1357,976,195,105,0.6672951,4,-1,-1
219,18575,1629,743,210,120,0.62581617,6,-1,-1
219,18588,2516,862,165,87,0.41899112,4,-1,-1
219,18590,1693,1011,216,110,0.5098628,4,-1,-1
220,18575,1607,743,212,115,0.6503822,6,-1,-1
220,18590,1744,1018,223,111,0.6212267,4,-1,-1
220,18584,1396,984,195,104,0.5219923,4,-1,-1
220,18588,2473,860,181,85,0.50161636,4,-1,-1
221,18575,1591,742,203,113,0.6632886,6,-1,-1
221,18584,1434,997,183,103,0.58579427,4,-1,-1
221,18588,2450,863,177,68,0.5642671,4,-1,-1
221,18590,1791,1032,218,109,0.5169417,4,-1,-1
221,18591,1591,742,203,113,0.3007047,4,-1,-1
222,18575,1563,742,213,104,0.6921214,6,-1,-1
222,18590,1833,1041,227,103,0.61281395,4,-1,-1
222,18588,2426,859,177,76,0.5491728,4,-1,-1
222,18584,1463,1003,203,102,0.39554852,4,-1,-1
223,18575,1545,738,207,106,0.61668515,6,-1,-1
223,18584,1506,1016,205,106,0.5806153,4,-1,-1
223,18590,1889,1053,230,111,0.55411035,4,-1,-1
223,18588,2393,857,177,77,0.46784648,4,-1,-1
224,18590,1930,1067,242,102,0.6529561,4,-1,-1
224,18575,1524,739,202,101,0.5724328,6,-1,-1
224,18588,2365,847,175,82,0.5204938,4,-1,-1
224,18592,2641,1019,50,112,0.47877932,4,-1,-1
225,18575,1503,741,201,95,0.58119714,6,-1,-1
225,18590,1987,1074,246,118,0.56943345,4,-1,-1
225,18592,2598,1014,97,112,0.56069845,4,-1,-1
225,18588,2329,845,178,77,0.508957,4,-1,-1
225,18593,1596,1041,196,98,0.41033795,4,-1,-1
226,18592,2551,1005,141,97,0.64880246,4,-1,-1
226,18588,2306,844,171,71,0.5906565,4,-1,-1
226,18575,1485,731,192,102,0.5740097,6,-1,-1
226,18590,2034,1086,250,111,0.43844867,4,-1,-1
226,18593,1646,1054,205,108,0.39656398,4,-1,-1
227,18592,2505,995,192,104,0.7030379,4,-1,-1
227,18590,2090,1099,254,110,0.6511834,4,-1,-1
227,18575,1468,729,187,101,0.6504918,6,-1,-1
227,18593,1689,1058,210,109,0.63275844,4,-1,-1
227,18588,2283,844,165,70,0.5327156,4,-1,-1
227,18594,1532,435,66,37,0.30572197,4,-1,-1
228,18592,2450,980,214,113,0.60078377,4,-1,-1
228,18575,1448,726,182,100,0.5798179,6,-1,-1
228,18593,1731,1067,215,106,0.55516064,4,-1,-1
228,18588,2250,839,163,72,0.51389253,4,-1,-1
228,18590,2140,1108,255,111,0.50172305,4,-1,-1
228,18595,1646,437,51,36,0.3411783,4,-1,-1
229,18590,2197,1121,264,113,0.61321855,4,-1,-1
229,18575,1430,721,179,100,0.6066787,6,-1,-1
229,18593,1779,1082,211,104,0.5750852,4,-1,-1
229,18592,2412,979,202,102,0.5441241,4,-1,-1
229,18588,2224,827,163,79,0.5433177,4,-1,-1
229,18596,1528,433,72,39,0.3088853,4,-1,-1
230,18590,2260,1136,265,120,0.676426,4,-1,-1
230,18588,2201,825,160,74,0.5661141,4,-1,-1
230,18593,1835,1093,214,114,0.54549533,4,-1,-1
230,18575,1408,720,175,98,0.47826263,6,-1,-1
230,18592,2356,971,205,106,0.39437267,4,-1,-1
230,18596,1527,432,73,39,0.3132193,4,-1,-1
231,18593,1878,1104,224,109,0.62114805,4,-1,-1
231,18592,2313,963,204,105,0.5702138,4,-1,-1
231,18588,2178,824,161,69,0.5555474,4,-1,-1
231,18590,2319,1145,270,118,0.5206164,4,-1,-1
231,18575,1392,717,166,104,0.35850394,6,-1,-1
231,18596,1526,432,74,39,0.34823796,4,-1,-1
231,18597,2685,907,11,80,0.34218198,4,-1,-1
232,18590,2379,1160,281,121,0.6436934,4,-1,-1
232,18592,2268,956,205,103,0.5919161,4,-1,-1
232,18593,1936,1114,222,117,0.5738527,4,-1,-1
232,18588,2145,822,163,66,0.54739934,4,-1,-1
232,18596,1525,432,73,38,0.445403,4,-1,-1
232,18575,1334,706,206,107,0.39227352,6,-1,-1
232,18597,2648,908,47,76,0.33069676,4,-1,-1
233,18593,1980,1125,234,116,0.5695991,4,-1,-1
233,18588,2120,819,164,69,0.50354844,4,-1,-1
233,18592,2228,943,196,101,0.49341166,4,-1,-1
233,18597,2607,905,88,73,0.42100927,4,-1,-1
233,18596,1524,432,73,37,0.38083428,4,-1,-1
234,18592,2187,940,194,105,0.5244608,4,-1,-1
234,18597,2593,903,103,76,0.49735722,4,-1,-1
234,18588,2098,805,155,82,0.47496653,4,-1,-1
234,18596,1523,432,74,37,0.40542483,4,-1,-1
234,18593,2046,1145,217,107,0.33999532,4,-1,-1
234,18598,2512,1190,186,116,0.5270453,4,-1,-1
235,18592,2151,934,183,101,0.5030178,4,-1,-1
235,18588,2072,807,157,76,0.4982153,4,-1,-1
235,18593,2101,1158,229,113,0.45260695,4,-1,-1
235,18596,1520,431,77,39,0.44610313,4,-1,-1
235,18597,2563,899,131,78,0.42887974,4,-1,-1
235,18598,2583,1211,114,144,0.4063606,4,-1,-1
236,18588,2036,802,162,77,0.5994792,4,-1,-1
236,18592,2102,922,194,99,0.5398924,4,-1,-1
236,18593,2143,1163,252,119,0.47877315,4,-1,-1
236,18596,1509,432,68,36,0.45136172,4,-1,-1
236,18597,2524,892,166,76,0.4137775,4,-1,-1
236,18598,2648,1205,45,119,0.3319495,4,-1,-1
237,18593,2210,1176,242,126,0.5881879,4,-1,-1
237,18588,2017,803,149,70,0.56979096,4,-1,-1
237,18592,2062,917,193,99,0.5157603,4,-1,-1
237,18597,2499,888,170,78,0.5003686,4,-1,-1
237,18596,1510,434,66,34,0.47439396,4,-1,-1
237,18599,2062,917,193,99,0.31129605,6,-1,-1
238,18597,2469,888,178,77,0.5509396,4,-1,-1
238,18593,2261,1188,262,123,0.5293031,4,-1,-1
238,18588,1992,801,151,70,0.5258928,4,-1,-1
238,18596,1509,434,66,34,0.47557655,4,-1,-1
238,18599,2027,913,182,94,0.45625716,6,-1,-1
239,18597,2445,887,180,73,0.48507568,4,-1,-1
239,18596,1510,434,67,35,0.4348557,4,-1,-1
239,18593,2335,1208,274,120,0.42767483,4,-1,-1
239,18599,1986,898,181,104,0.35194468,6,-1,-1
239,18588,1972,796,150,73,0.34753916,4,-1,-1
240,18597,2409,881,185,78,0.51657844,4,-1,-1
240,18593,2400,1225,272,116,0.4953575,4,-1,-1
240,18596,1508,434,70,36,0.3919473,4,-1,-1
240,18588,1935,785,158,77,0.3496055,4,-1,-1
240,18599,1962,894,168,104,0.30062547,6,-1,-1
241,18588,1912,785,158,74,0.5477841,4,-1,-1
241,18593,2461,1238,243,128,0.54315895,4,-1,-1
241,18597,2388,882,175,72,0.5313039,4,-1,-1
241,18599,1919,892,173,96,0.4202156,6,-1,-1
241,18596,1509,434,68,36,0.41951266,4,-1,-1
241,18600,1,601,61,89,0.42333055,4,-1,-1
241,18601,1919,892,173,96,0.30350697,4,-1,-1
242,18588,1895,783,146,73,0.48957002,4,-1,-1
242,18596,1508,434,70,37,0.43262485,4,-1,-1
242,18597,2352,869,172,82,0.4003041,4,-1,-1
242,18601,1883,881,167,97,0.39497533,4,-1,-1
242,18593,2538,1243,161,129,0.306168,4,-1,-1
243,18597,2327,864,172,85,0.46565464,4,-1,-1
243,18596,1506,433,70,38,0.3719687,4,-1,-1
243,18588,1876,784,138,69,0.32009992,4,-1,-1
243,18593,2603,1259,86,131,0.30443546,4,-1,-1
243,18602,1844,875,161,101,0.38143677,6,-1,-1
244,18597,2304,865,167,78,0.5632316,4,-1,-1
244,18588,1856,781,135,71,0.40354124,4,-1,-1
244,18602,1825,869,147,101,0.30432868,6,-1,-1
245,18602,1775,863,163,106,0.4555184,6,-1,-1
245,18597,2285,860,160,81,0.45101508,4,-1,-1
245,18588,1836,773,134,79,0.32891995,4,-1,-1
245,18603,1836,773,134,79,0.31724045,6,-1,-1
246,18588,1812,764,140,76,0.5297374,4,-1,-1
246,18597,2247,855,165,81,0.47447056,4,-1,-1
246,18602,1739,860,166,93,0.37839368,6,-1,-1
246,18604,1739,860,166,93,0.34362513,4,-1,-1
247,18588,1787,761,140,75,0.51170886,4,-1,-1
247,18597,2224,846,156,85,0.46183762,4,-1,-1
247,18604,1716,854,157,89,0.37371117,4,-1,-1
247,18605,1520,429,78,42,0.34208018,4,-1,-1
248,18588,1768,761,136,70,0.4649355,4,-1,-1
248,18597,2198,842,163,87,0.4587376,4,-1,-1
248,18604,1675,841,162,96,0.3901318,4,-1,-1
249,18597,2164,842,165,82,0.47170424,4,-1,-1
249,18604,1645,838,163,91,0.40506062,4,-1,-1
249,18606,1645,838,163,91,0.30521786,6,-1,-1
250,18597,2142,840,164,78,0.55880237,4,-1,-1
250,18606,1610,833,158,89,0.40611365,6,-1,-1
250,18604,1610,833,158,89,0.40045556,4,-1,-1
251,18597,2121,842,153,76,0.52190095,4,-1,-1
251,18604,1585,831,157,86,0.36366582,4,-1,-1
251,18607,1645,435,53,34,0.3369023,4,-1,-1
251,18608,1703,743,134,77,0.3207859,4,-1,-1
251,18609,1705,751,131,76,0.3152819,6,-1,-1
251,18610,1526,431,70,39,0.3089218,4,-1,-1
252,18597,2096,840,157,74,0.5610396,4,-1,-1
252,18610,1523,431,74,39,0.4099936,4,-1,-1
252,18607,1645,435,54,35,0.393521,4,-1,-1
252,18604,1551,819,154,91,0.3662746,4,-1,-1
253,18607,1647,434,52,35,0.44971097,4,-1,-1
253,18597,2063,837,155,76,0.36944482,4,-1,-1
253,18604,1528,817,147,87,0.34008983,4,-1,-1
254,18597,2042,828,148,78,0.39764133,4,-1,-1
254,18607,1654,435,63,38,0.35154957,4,-1,-1
254,18604,1492,813,146,85,0.32709408,4,-1,-1
254,18611,334,533,81,52,0.37961543,4,-1,-1
254,18612,1528,432,69,38,0.32393986,4,-1,-1
255,18597,2018,826,156,81,0.46420893,4,-1,-1
255,18604,1465,812,148,81,0.4622905,4,-1,-1
255,18612,1523,433,74,38,0.3398473,4,-1,-1
256,18597,1997,824,142,82,0.37886164,4,-1,-1
256,18604,1448,805,135,80,0.3433723,4,-1,-1
256,18612,1521,431,74,39,0.31438193,4,-1,-1
257,18604,1412,806,137,76,0.31886455,4,-1,-1
257,18612,1523,433,72,38,0.3084821,4,-1,-1
260,18613,1407,810,57,58,0.3467574,1,-1,-1
262,18614,1852,815,145,83,0.3301794,6,-1,-1
