2,13434,188,668,291,123,0.42509532,4,-1,-1
3,13435,2386,1149,95,153,0.30085582,1,-1,-1
4,13435,2409,1161,93,160,0.34295714,1,-1,-1
5,13436,2456,1194,242,225,0.30206046,5,-1,-1
7,13437,382,633,262,122,0.4044025,4,-1,-1
8,13438,413,632,261,120,0.383059,6,-1,-1
9,13438,436,627,264,119,0.32623512,6,-1,-1
10,13439,478,629,249,111,0.37113017,4,-1,-1
20,13440,777,584,201,96,0.3253606,6,-1,-1
27,13441,1097,563,159,86,0.34098467,4,-1,-1
28,13442,1125,559,158,89,0.36339667,6,-1,-1
29,13442,1168,562,154,84,0.31838533,6,-1,-1
31,13443,2638,1065,50,106,0.40867227,1,-1,-1
31,13444,1569,929,148,88,0.34474605,4,-1,-1
32,13445,265,442,122,70,0.31463632,4,-1,-1
34,13446,1697,961,163,91,0.33859456,4,-1,-1
34,13447,42,478,69,48,0.30661657,4,-1,-1
36,13448,41,479,63,40,0.31048226,4,-1,-1
38,13449,1826,987,186,99,0.41391978,4,-1,-1
39,13449,1858,995,180,103,0.34410137,4,-1,-1
39,13450,319,447,106,64,0.33377862,4,-1,-1
40,13449,1894,1003,188,104,0.4809423,4,-1,-1
40,13451,1478,816,124,80,0.38687903,4,-1,-1
41,13449,1932,1012,190,106,0.387938,4,-1,-1
42,13449,1956,1019,197,105,0.588262,4,-1,-1
42,13452,4,473,57,49,0.3927164,4,-1,-1
42,13453,1520,829,136,76,0.32953507,4,-1,-1
42,13454,319,447,109,66,0.31432706,4,-1,-1
42,13455,1500,531,130,75,0.3129683,6,-1,-1
43,13449,1993,1031,199,97,0.519351,4,-1,-1
43,13452,3,471,56,51,0.41863266,4,-1,-1
43,13453,1539,837,140,77,0.39981678,4,-1,-1
44,13449,2030,1040,205,103,0.60978264,4,-1,-1
44,13453,1576,845,138,77,0.57730854,4,-1,-1
44,13452,-1,478,60,72,0.47653276,4,-1,-1
45,13449,2070,1048,207,106,0.42659202,4,-1,-1
45,13453,1614,857,138,76,0.3774986,4,-1,-1
45,13452,0,480,62,74,0.32768705,4,-1,-1
46,13449,2099,1059,210,108,0.56639194,4,-1,-1
46,13453,1636,860,141,79,0.45002016,4,-1,-1
46,13452,0,480,67,72,0.35032508,4,-1,-1
47,13453,1664,867,141,77,0.56260145,4,-1,-1
47,13449,2137,1067,214,111,0.47776902,4,-1,-1
47,13452,3,489,65,66,0.35111696,4,-1,-1
48,13449,2177,1077,217,118,0.59758955,4,-1,-1
48,13453,1696,876,145,80,0.44912776,4,-1,-1
48,13452,3,455,20,52,0.34250185,4,-1,-1
49,13453,1719,880,154,81,0.7036368,4,-1,-1
49,13452,3,452,15,55,0.43140894,4,-1,-1
50,13453,1752,889,159,82,0.6252669,4,-1,-1
50,13452,3,448,13,61,0.37652674,4,-1,-1
50,13456,2254,1095,236,122,0.4548097,4,-1,-1
50,13457,317,450,106,63,0.41604957,4,-1,-1
51,13453,1783,896,160,86,0.65226036,4,-1,-1
51,13456,2296,1103,238,125,0.559747,4,-1,-1
51,13452,3,449,10,62,0.3293623,4,-1,-1
51,13457,319,453,97,59,0.30515105,4,-1,-1
51,13458,220,559,77,53,0.39613947,4,-1,-1
52,13453,1820,906,156,83,0.7255514,4,-1,-1
52,13456,2348,1114,240,124,0.4954839,4,-1,-1
52,13458,228,563,74,52,0.3178104,4,-1,-1
52,13459,31,508,80,58,0.43262511,4,-1,-1
53,13456,2393,1123,241,126,0.5676094,4,-1,-1
53,13459,38,508,76,59,0.4790529,4,-1,-1
53,13453,1848,911,163,84,0.4695747,4,-1,-1
53,13458,229,563,80,53,0.33682892,4,-1,-1
54,13456,2435,1139,245,123,0.7749711,4,-1,-1
54,13453,1878,918,173,90,0.5848589,4,-1,-1
54,13459,47,508,81,61,0.35396934,4,-1,-1
55,13453,1917,926,173,89,0.63834625,4,-1,-1
55,13456,2481,1152,212,129,0.61620027,4,-1,-1
55,13459,49,514,84,59,0.38969162,4,-1,-1
56,13456,2535,1158,162,139,0.5114556,4,-1,-1
56,13459,55,514,83,61,0.49003327,4,-1,-1
56,13453,1955,934,177,92,0.45865032,4,-1,-1
57,13453,1989,943,175,90,0.48080233,4,-1,-1
57,13456,2583,1168,108,150,0.45657754,4,-1,-1
57,13459,66,518,88,60,0.39810896,4,-1,-1
58,13453,2031,950,171,90,0.56024516,4,-1,-1
58,13459,72,519,80,60,0.49301827,4,-1,-1
58,13456,2635,1168,51,153,0.34575066,4,-1,-1
58,13460,281,573,139,65,0.37132522,4,-1,-1
59,13453,2068,962,179,90,0.7110029,4,-1,-1
59,13459,77,526,83,58,0.4802205,4,-1,-1
59,13456,2675,1175,21,176,0.33134165,4,-1,-1
59,13461,310,443,113,73,0.32588306,4,-1,-1
60,13453,2107,971,182,89,0.69195527,4,-1,-1
60,13461,309,444,116,72,0.46126723,4,-1,-1
60,13459,81,527,82,59,0.440189,4,-1,-1
61,13453,2147,980,185,92,0.58593047,4,-1,-1
61,13459,94,526,79,62,0.49617276,4,-1,-1
61,13461,312,446,111,69,0.48291487,4,-1,-1
61,13462,300,573,147,69,0.4007566,4,-1,-1
62,13453,2186,989,191,93,0.6749425,4,-1,-1
62,13459,101,529,79,58,0.5512134,4,-1,-1
63,13453,2226,998,196,94,0.54249704,4,-1,-1
63,13459,106,529,78,59,0.47770742,4,-1,-1
64,13453,2269,1005,200,96,0.6905502,4,-1,-1
64,13459,115,525,82,65,0.57554877,4,-1,-1
65,13459,122,530,79,60,0.57892627,4,-1,-1
65,13453,2310,1014,209,103,0.42194545,4,-1,-1
65,13463,309,439,113,72,0.336715,4,-1,-1
66,13453,2356,1024,209,104,0.53276587,4,-1,-1
66,13459,125,532,80,60,0.4782004,4,-1,-1
66,13463,307,438,116,75,0.3320187,4,-1,-1
67,13453,2408,1039,209,99,0.6236383,4,-1,-1
67,13459,133,532,84,63,0.46790868,4,-1,-1
67,13463,298,441,116,73,0.31146154,4,-1,-1
67,13464,1832,490,97,69,0.34084597,6,-1,-1
68,13453,2457,1050,209,98,0.6247625,4,-1,-1
68,13459,139,538,84,61,0.5079993,4,-1,-1
68,13463,307,441,114,72,0.42088628,4,-1,-1
69,13453,2511,1062,184,104,0.60178876,4,-1,-1
69,13459,141,541,87,59,0.4057283,4,-1,-1
69,13463,299,443,111,70,0.36762086,4,-1,-1
69,13465,299,443,111,70,0.30774269,5,-1,-1
70,13453,2558,1075,138,108,0.46094555,4,-1,-1
70,13463,297,442,111,72,0.434942,4,-1,-1
70,13459,144,545,84,64,0.39006418,4,-1,-1
71,13459,156,545,84,68,0.45772326,4,-1,-1
71,13453,2625,1086,67,107,0.4205264,4,-1,-1
71,13463,299,441,108,73,0.36650074,4,-1,-1
71,13466,299,441,108,73,0.30360416,5,-1,-1
72,13459,160,550,84,65,0.4710745,4,-1,-1
72,13463,298,443,110,73,0.35068342,4,-1,-1
73,13459,165,552,81,64,0.501842,4,-1,-1
74,13459,175,553,81,66,0.43322212,4,-1,-1
74,13467,293,440,116,76,0.31598482,5,-1,-1
74,13468,293,440,116,76,0.30009553,4,-1,-1
75,13459,182,557,79,65,0.54482114,4,-1,-1
75,13467,295,439,112,75,0.32772556,5,-1,-1
76,13459,183,565,82,64,0.43909582,4,-1,-1
77,13459,189,566,77,63,0.3325468,4,-1,-1
78,13459,187,570,83,60,0.31503585,4,-1,-1
79,13459,199,570,85,66,0.4431725,4,-1,-1
80,13459,204,575,84,63,0.5801258,4,-1,-1
81,13459,203,577,88,70,0.5226526,4,-1,-1
81,13469,184,499,71,53,0.3267031,4,-1,-1
82,13459,200,579,87,66,0.47001827,4,-1,-1
82,13469,162,500,71,49,0.44980028,4,-1,-1
83,13459,184,584,86,71,0.46830884,4,-1,-1
83,13469,127,500,76,49,0.36653912,4,-1,-1
84,13459,163,590,88,71,0.5069359,4,-1,-1
84,13469,97,502,76,46,0.3570671,4,-1,-1
84,13470,223,444,119,75,0.30207518,6,-1,-1
85,13459,141,599,90,68,0.35516146,4,-1,-1
86,13459,127,610,94,67,0.3427404,4,-1,-1
86,13471,168,459,109,69,0.37159693,6,-1,-1
87,13459,108,614,91,69,0.30006504,4,-1,-1
87,13472,-1,513,56,46,0.32072812,4,-1,-1
108,13473,1515,510,91,51,0.3811109,4,-1,-1
109,13473,1505,513,78,48,0.38016224,4,-1,-1
114,13474,1471,511,99,62,0.33181664,4,-1,-1
115,13474,1468,503,105,67,0.33650118,4,-1,-1
116,13474,1472,517,95,54,0.34361124,4,-1,-1
119,13475,1438,502,112,68,0.36902624,4,-1,-1
120,13475,1390,500,130,74,0.38478017,4,-1,-1
139,13476,1694,1011,161,89,0.341257,4,-1,-1
141,13477,1753,1026,175,92,0.39305308,4,-1,-1
142,13477,1793,1034,177,91,0.31733102,4,-1,-1
144,13478,1871,1053,184,92,0.34847265,4,-1,-1
146,13479,1949,1071,193,93,0.5471003,4,-1,-1
146,13480,2653,979,37,107,0.39345506,4,-1,-1
147,13480,2617,978,65,104,0.34973913,4,-1,-1
148,13480,2587,984,104,88,0.40705895,4,-1,-1
149,13480,2542,981,151,94,0.328006,4,-1,-1
151,13481,2176,1120,217,112,0.3886759,4,-1,-1
152,13481,2224,1130,214,109,0.46185705,4,-1,-1
154,13482,2367,965,169,82,0.4164584,4,-1,-1
154,13483,2333,1151,233,114,0.3714361,4,-1,-1
154,13484,1011,926,167,130,0.33650145,4,-1,-1
155,13483,2389,1163,247,125,0.4142538,4,-1,-1
155,13484,1030,926,176,134,0.32601413,4,-1,-1
156,13484,1069,940,172,129,0.43772727,4,-1,-1
156,13483,2445,1183,229,113,0.3334956,4,-1,-1
157,13484,1093,949,182,128,0.53665996,4,-1,-1
157,13483,2512,1195,177,125,0.3293309,4,-1,-1
158,13484,1133,959,179,127,0.44937846,4,-1,-1
158,13483,2564,1197,128,136,0.35550123,4,-1,-1
159,13484,1168,962,179,131,0.32311755,4,-1,-1
161,13485,1529,1015,179,108,0.43296024,4,-1,-1
162,13485,1558,1025,184,105,0.57622635,4,-1,-1
162,13486,1269,985,195,142,0.45330957,4,-1,-1
162,13487,1269,985,195,142,0.31368688,6,-1,-1
163,13487,1308,997,199,140,0.53754133,6,-1,-1
163,13485,1598,1036,181,103,0.5251504,4,-1,-1
163,13488,2058,922,157,74,0.30425826,4,-1,-1
164,13485,1637,1040,184,108,0.5258185,4,-1,-1
164,13488,2029,915,161,77,0.3623286,4,-1,-1
164,13489,1349,1005,197,142,0.51135486,4,-1,-1
165,13485,1678,1053,185,108,0.47165588,4,-1,-1
165,13490,1380,1015,206,145,0.37955606,6,-1,-1
166,13485,1715,1059,196,113,0.6029612,4,-1,-1
166,13490,1420,1024,206,146,0.5658612,6,-1,-1
166,13491,1970,903,152,77,0.5269363,4,-1,-1
167,13485,1757,1071,199,114,0.61680984,4,-1,-1
167,13490,1456,1034,218,150,0.50632566,6,-1,-1
167,13491,1939,901,148,75,0.3306557,4,-1,-1
168,13485,1797,1079,201,113,0.70681405,4,-1,-1
168,13491,1908,896,154,70,0.34113967,4,-1,-1
169,13485,1842,1082,204,120,0.4211964,4,-1,-1
170,13485,1884,1093,207,119,0.7179438,4,-1,-1
170,13492,1581,1061,221,156,0.30527204,6,-1,-1
171,13485,1926,1100,214,120,0.6844421,4,-1,-1
172,13485,1968,1102,217,128,0.3168026,4,-1,-1
172,13493,1676,1078,228,162,0.35293338,6,-1,-1
175,13494,1821,1100,240,173,0.4915217,6,-1,-1
175,13495,2121,1136,230,128,0.36731026,4,-1,-1
176,13495,2167,1139,240,136,0.4925645,4,-1,-1
176,13494,1870,1116,243,165,0.45689505,6,-1,-1
177,13495,2223,1155,236,134,0.5158281,4,-1,-1
177,13494,1922,1122,247,169,0.5033259,6,-1,-1
179,13496,2329,1179,242,131,0.39884415,4,-1,-1
180,13497,2679,924,16,137,0.33748958,6,-1,-1
181,13497,2644,912,52,143,0.35311407,6,-1,-1
183,13498,2544,1179,153,164,0.3538627,4,-1,-1
184,13499,2290,1167,275,180,0.40325433,6,-1,-1
185,13499,2346,1167,290,186,0.6207454,6,-1,-1
186,13499,2400,1181,281,179,0.53240484,6,-1,-1
187,13499,2467,1182,223,205,0.5723821,6,-1,-1
188,13499,2520,1173,165,229,0.3467056,6,-1,-1
197,13500,161,545,342,163,0.36564174,4,-1,-1
199,13501,105,552,351,174,0.31799266,5,-1,-1
200,13502,69,558,360,169,0.3738449,4,-1,-1
205,13503,1,579,306,169,0.34368926,4,-1,-1
206,13504,3,581,273,165,0.4044563,5,-1,-1
209,13505,-4,589,194,159,0.550521,4,-1,-1
209,13506,1038,901,143,90,0.52422786,4,-1,-1
209,13507,1306,926,167,89,0.46828267,4,-1,-1
210,13505,-4,594,161,150,0.5447655,4,-1,-1
210,13506,1063,906,148,93,0.48426205,4,-1,-1
211,13506,1095,917,155,91,0.59731734,4,-1,-1
211,13508,1377,943,168,91,0.47381958,4,-1,-1
211,13509,1815,779,212,115,0.45167628,6,-1,-1
212,13506,1125,923,154,95,0.7684759,4,-1,-1
212,13508,1418,950,168,91,0.5188443,4,-1,-1
212,13509,1795,778,207,112,0.35678846,6,-1,-1
213,13508,1452,959,179,96,0.71120507,4,-1,-1
213,13506,1158,932,155,94,0.54977363,4,-1,-1
213,13509,1764,773,221,117,0.4881291,6,-1,-1
213,13510,2685,875,11,100,0.4085169,4,-1,-1
214,13506,1188,939,163,94,0.7191279,4,-1,-1
214,13508,1490,967,190,94,0.6781332,4,-1,-1
214,13510,2650,876,38,99,0.45158452,4,-1,-1
214,13509,1736,764,213,120,0.30709222,6,-1,-1
215,13506,1222,947,161,91,0.70697254,4,-1,-1
215,13508,1527,975,194,102,0.53641045,4,-1,-1
215,13510,2614,875,69,91,0.4087171,4,-1,-1
216,13508,1567,981,202,102,0.7733158,4,-1,-1
216,13510,2592,877,99,84,0.57877547,4,-1,-1
216,13506,1257,954,167,94,0.53980434,4,-1,-1
216,13511,1688,760,220,116,0.35861057,6,-1,-1
217,13506,1292,959,167,99,0.7466501,4,-1,-1
217,13508,1611,991,202,105,0.6845777,4,-1,-1
217,13511,1668,754,221,118,0.62002885,6,-1,-1
217,13510,2558,876,141,82,0.46935272,4,-1,-1
218,13508,1654,1001,210,108,0.6288021,4,-1,-1
218,13506,1328,968,171,97,0.5746454,4,-1,-1
218,13511,1652,743,204,122,0.3969908,6,-1,-1
218,13510,2538,870,162,80,0.33810797,4,-1,-1
219,13506,1362,976,175,103,0.7248333,4,-1,-1
219,13510,2508,868,178,81,0.41840747,4,-1,-1
219,13508,1703,1012,214,109,0.35986114,4,-1,-1
220,13508,1746,1018,217,115,0.7593726,4,-1,-1
220,13510,2476,866,180,76,0.62563324,4,-1,-1
220,13506,1401,986,177,102,0.61986864,4,-1,-1
221,13508,1791,1032,217,110,0.73899907,4,-1,-1
221,13510,2450,862,178,74,0.7372102,4,-1,-1
221,13506,1436,996,179,103,0.6492564,4,-1,-1
221,13512,1584,744,199,109,0.5098185,6,-1,-1
221,13513,1057,1182,62,75,0.3851442,1,-1,-1
222,13508,1839,1044,221,106,0.6521004,4,-1,-1
222,13506,1478,1006,179,103,0.642873,4,-1,-1
222,13510,2426,858,176,76,0.5192246,4,-1,-1
222,13513,1055,1184,66,72,0.31129983,1,-1,-1
223,13506,1516,1015,186,108,0.71341276,4,-1,-1
223,13508,1889,1053,225,114,0.6971753,4,-1,-1
223,13510,2392,851,176,76,0.41960287,4,-1,-1
223,13513,1054,1183,65,75,0.3220169,1,-1,-1
223,13514,2688,990,10,128,0.31150493,4,-1,-1
224,13508,1935,1066,231,108,0.76619244,4,-1,-1
224,13506,1562,1027,183,103,0.6477287,4,-1,-1
224,13510,2363,851,176,73,0.6034886,4,-1,-1
224,13513,1053,1181,67,74,0.32962877,1,-1,-1
224,13515,2640,1020,55,108,0.5635587,4,-1,-1
225,13508,1992,1080,233,114,0.7918811,4,-1,-1
225,13506,1600,1038,191,107,0.6809129,4,-1,-1
225,13510,2337,849,181,70,0.56660175,4,-1,-1
225,13515,2590,1008,105,99,0.45982492,4,-1,-1
225,13513,1048,1183,63,69,0.31805584,1,-1,-1
226,13515,2543,1004,152,104,0.70852965,4,-1,-1
226,13508,2042,1090,237,119,0.66156155,4,-1,-1
226,13506,1648,1048,193,106,0.64781207,4,-1,-1
226,13510,2307,845,174,71,0.60284877,4,-1,-1
227,13508,2095,1097,246,121,0.8353552,4,-1,-1
227,13506,1691,1057,199,110,0.7772723,4,-1,-1
227,13515,2499,1000,195,103,0.72229713,4,-1,-1
227,13510,2277,840,178,73,0.5908921,4,-1,-1
228,13508,2151,1110,252,124,0.6677879,4,-1,-1
228,13506,1736,1069,203,108,0.6434136,4,-1,-1
228,13515,2446,991,227,102,0.61177635,4,-1,-1
228,13510,2254,836,173,74,0.39833975,4,-1,-1
229,13508,2205,1123,254,123,0.74218464,4,-1,-1
229,13515,2402,981,221,102,0.7229532,4,-1,-1
229,13506,1790,1078,207,115,0.6504086,4,-1,-1
229,13510,2217,830,180,75,0.4824434,4,-1,-1
230,13508,2263,1138,261,127,0.80492616,4,-1,-1
230,13506,1837,1092,207,115,0.6586832,4,-1,-1
230,13515,2354,974,211,101,0.6111979,4,-1,-1
230,13510,2192,830,176,73,0.53345466,4,-1,-1
231,13508,2324,1152,265,131,0.7822894,4,-1,-1
231,13506,1887,1102,207,113,0.7604412,4,-1,-1
231,13515,2313,964,205,101,0.48604026,4,-1,-1
231,13510,2170,826,171,70,0.38375375,4,-1,-1
232,13506,1939,1116,210,113,0.70088893,4,-1,-1
232,13508,2388,1169,266,130,0.6123898,4,-1,-1
232,13510,2143,820,165,70,0.49186718,4,-1,-1
232,13516,2645,894,47,102,0.37351236,4,-1,-1
233,13506,1991,1124,209,118,0.75704056,4,-1,-1
233,13508,2454,1186,247,119,0.5546152,4,-1,-1
233,13510,2119,815,160,72,0.42597142,4,-1,-1
233,13516,2605,903,89,79,0.39154518,4,-1,-1
234,13506,2046,1140,214,117,0.6150932,4,-1,-1
234,13508,2516,1194,180,134,0.51947623,4,-1,-1
234,13516,2587,900,106,79,0.41222286,4,-1,-1
234,13510,2097,810,152,72,0.34152022,4,-1,-1
235,13506,2102,1155,224,117,0.63320464,4,-1,-1
235,13516,2549,898,150,81,0.5127129,4,-1,-1
235,13508,2588,1199,101,139,0.41514555,4,-1,-1
235,13510,2065,807,150,70,0.38651907,4,-1,-1
236,13506,2158,1166,221,121,0.54860526,4,-1,-1
236,13516,2512,897,182,85,0.34230995,4,-1,-1
236,13510,2043,802,146,75,0.31691483,4,-1,-1
237,13506,2219,1179,224,124,0.47636193,4,-1,-1
237,13516,2493,893,182,77,0.3194187,4,-1,-1
238,13506,2277,1193,237,125,0.4617445,4,-1,-1
238,13516,2467,893,185,71,0.42482904,4,-1,-1
239,13506,2339,1204,241,131,0.59414464,4,-1,-1
239,13516,2441,888,187,75,0.4818838,4,-1,-1
239,13517,1994,907,184,86,0.30822974,4,-1,-1
239,13518,1970,796,150,71,0.30068773,4,-1,-1
240,13506,2400,1225,248,127,0.5385859,4,-1,-1
240,13516,2420,886,183,72,0.5073071,4,-1,-1
240,13517,1953,901,183,88,0.41924915,4,-1,-1
240,13518,1932,797,157,67,0.41578323,4,-1,-1
241,13516,2386,881,176,75,0.52292025,4,-1,-1
241,13518,1914,792,151,65,0.49139264,4,-1,-1
241,13506,2469,1239,224,131,0.4221641,4,-1,-1
242,13506,2547,1250,142,145,0.45149502,4,-1,-1
242,13518,1895,785,141,68,0.33913425,4,-1,-1
242,13516,2356,879,184,75,0.33856526,4,-1,-1
243,13518,1874,783,136,66,0.4760275,4,-1,-1
243,13506,2609,1249,76,164,0.30917424,4,-1,-1
244,13518,1853,778,136,67,0.38131714,4,-1,-1
244,13519,2299,865,176,75,0.33206066,4,-1,-1
245,13518,1826,776,141,67,0.42914644,4,-1,-1
245,13519,2273,860,179,76,0.3701374,4,-1,-1
245,13520,1771,865,169,83,0.48693848,4,-1,-1
246,13518,1801,768,147,69,0.5048893,4,-1,-1
246,13520,1740,861,162,85,0.4344859,4,-1,-1
246,13519,2240,856,175,79,0.34901768,4,-1,-1
247,13518,1783,765,140,69,0.41638306,4,-1,-1
247,13519,2215,850,171,78,0.35975114,4,-1,-1
248,13518,1760,763,141,67,0.3872776,4,-1,-1
248,13519,2182,845,174,83,0.37556577,4,-1,-1
250,13521,2139,841,163,78,0.40015945,4,-1,-1
252,13522,1555,826,140,76,0.46195292,4,-1,-1
252,13523,2090,839,162,72,0.37664726,4,-1,-1
253,13523,2057,838,158,73,0.39273915,4,-1,-1
253,13522,1517,821,143,78,0.30319488,4,-1,-1
254,13523,2035,833,155,70,0.3129522,4,-1,-1
254,13524,1043,1185,66,64,0.30638555,1,-1,-1
256,13525,1990,828,155,75,0.3525101,4,-1,-1
257,13525,1958,828,153,73,0.36133644,4,-1,-1
258,13525,1937,828,152,72,0.39214274,4,-1,-1
260,13526,1411,807,52,63,0.4347343,1,-1,-1
260,13527,1897,822,141,74,0.32139483,4,-1,-1
261,13526,1386,807,50,59,0.51937264,1,-1,-1
