1,12457,1310,476,239,135,0.30968735,6,-1,-1
2,12457,1292,507,281,112,0.3634838,6,-1,-1
3,12457,1299,504,275,120,0.38028777,6,-1,-1
11,12458,2679,1218,15,219,0.4512216,1,-1,-1
13,12459,581,614,217,103,0.3027831,6,-1,-1
17,12460,689,598,207,101,0.5319472,6,-1,-1
18,12460,715,595,200,102,0.5790707,6,-1,-1
19,12460,741,591,196,104,0.39606705,6,-1,-1
19,12461,1063,1084,55,60,0.6147566,1,-1,-1
19,12462,741,591,196,104,0.36071196,4,-1,-1
20,12460,775,593,175,97,0.4388493,6,-1,-1
21,12460,828,584,182,99,0.44571862,6,-1,-1
21,12463,1089,1084,59,61,0.4096204,1,-1,-1
22,12460,853,580,188,100,0.47226122,6,-1,-1
23,12464,1212,877,134,88,0.5349888,4,-1,-1
23,12465,918,577,172,98,0.48222995,4,-1,-1
24,12464,1251,880,143,88,0.65900326,4,-1,-1
24,12465,962,575,173,95,0.43107504,4,-1,-1
24,12466,962,575,173,95,0.37699142,6,-1,-1
25,12466,1009,577,160,87,0.47509027,6,-1,-1
25,12464,1294,889,140,85,0.3144289,4,-1,-1
26,12464,1334,896,145,86,0.5202484,4,-1,-1
26,12466,1054,565,156,91,0.40966818,6,-1,-1
27,12464,1382,902,141,83,0.7177877,4,-1,-1
27,12466,1101,567,147,86,0.3115485,6,-1,-1
27,12467,1101,567,147,86,0.43370187,4,-1,-1
28,12464,1424,915,150,86,0.5553534,4,-1,-1
28,12466,1117,562,171,92,0.5544602,6,-1,-1
28,12467,1117,562,171,92,0.3088578,4,-1,-1
29,12464,1464,918,162,91,0.66163856,4,-1,-1
29,12467,1171,567,147,81,0.5363164,4,-1,-1
30,12464,1516,925,161,92,0.5589748,4,-1,-1
30,12467,1186,559,165,87,0.32809463,4,-1,-1
30,12468,1197,559,167,87,0.56011593,6,-1,-1
31,12464,1562,937,160,89,0.6982466,4,-1,-1
31,12468,1244,557,162,89,0.55708766,6,-1,-1
32,12464,1605,947,166,90,0.6969685,4,-1,-1
32,12468,1264,557,177,85,0.4843735,6,-1,-1
32,12469,103,530,69,37,0.34743482,4,-1,-1
32,12470,18,515,66,54,0.34556225,4,-1,-1
33,12464,1653,956,167,93,0.6552698,4,-1,-1
33,12468,1328,559,133,84,0.51363504,6,-1,-1
33,12470,48,523,85,50,0.34279513,4,-1,-1
33,12471,1318,1076,48,67,0.53521645,1,-1,-1
33,12472,1328,559,133,84,0.40504202,4,-1,-1
34,12464,1691,963,177,98,0.6432194,4,-1,-1
34,12472,1363,554,140,87,0.4930925,4,-1,-1
34,12470,40,483,72,45,0.43756744,4,-1,-1
34,12473,75,523,89,48,0.39449477,4,-1,-1
35,12464,1728,967,181,98,0.62881243,4,-1,-1
35,12472,1386,548,142,85,0.43848905,4,-1,-1
35,12474,1386,548,142,85,0.31661844,6,-1,-1
36,12464,1763,972,182,107,0.7180652,4,-1,-1
36,12472,1406,548,132,82,0.45263594,4,-1,-1
37,12464,1788,981,190,104,0.68321186,4,-1,-1
37,12472,1429,545,130,82,0.5893897,4,-1,-1
37,12475,1394,803,122,80,0.62896365,4,-1,-1
37,12476,36,481,62,35,0.43844378,4,-1,-1
37,12477,113,534,80,39,0.38593808,4,-1,-1
38,12464,1824,989,193,108,0.5902551,4,-1,-1
38,12475,1418,808,121,78,0.5532676,4,-1,-1
38,12472,1434,544,135,79,0.53010404,4,-1,-1
39,12464,1862,1000,191,105,0.6143942,4,-1,-1
39,12475,1436,815,130,81,0.5922527,4,-1,-1
39,12472,1448,542,142,77,0.55012465,4,-1,-1
39,12478,127,537,101,42,0.40130773,4,-1,-1
40,12464,1894,1006,189,104,0.6536292,4,-1,-1
40,12475,1468,821,136,82,0.64872503,4,-1,-1
40,12472,1471,541,136,73,0.44704348,4,-1,-1
40,12478,127,537,103,45,0.36438817,4,-1,-1
40,12479,1479,533,124,72,0.30620235,6,-1,-1
41,12464,1923,1011,197,112,0.5958729,4,-1,-1
41,12475,1496,827,137,81,0.5781878,4,-1,-1
41,12472,1506,534,108,68,0.45100877,4,-1,-1
41,12478,142,545,78,36,0.44153026,4,-1,-1
41,12480,0,492,31,47,0.3345779,4,-1,-1
42,12464,1953,1018,200,113,0.7607422,4,-1,-1
42,12475,1531,837,131,79,0.545484,4,-1,-1
42,12478,147,543,78,41,0.5068309,4,-1,-1
42,12480,6,474,54,47,0.46844995,4,-1,-1
42,12472,1509,544,112,65,0.4074919,4,-1,-1
42,12481,1528,534,104,64,0.38095772,6,-1,-1
43,12475,1553,844,137,78,0.7308293,4,-1,-1
43,12464,1986,1031,202,109,0.6271238,4,-1,-1
43,12472,1531,530,110,69,0.5589106,4,-1,-1
44,12464,2022,1038,210,113,0.63880974,4,-1,-1
44,12475,1577,846,142,83,0.6247066,4,-1,-1
44,12482,1542,530,117,70,0.5700239,6,-1,-1
44,12483,159,547,83,41,0.43293577,4,-1,-1
44,12484,0,487,53,59,0.43270028,4,-1,-1
45,12464,2057,1050,210,114,0.5777384,4,-1,-1
45,12475,1600,855,147,82,0.5293322,4,-1,-1
45,12482,1546,533,121,63,0.48378298,6,-1,-1
45,12484,1,488,51,61,0.42972228,4,-1,-1
45,12485,1546,533,121,63,0.32447866,4,-1,-1
46,12464,2096,1058,211,115,0.7979046,4,-1,-1
46,12475,1631,862,154,83,0.78790045,4,-1,-1
46,12482,1563,529,122,67,0.6039255,6,-1,-1
46,12484,4,485,51,66,0.45980537,4,-1,-1
47,12464,2131,1069,220,123,0.76209384,4,-1,-1
47,12482,1580,528,123,70,0.5758618,6,-1,-1
47,12475,1664,872,146,77,0.5625288,4,-1,-1
47,12484,4,493,55,62,0.33070827,4,-1,-1
47,12486,320,446,108,56,0.32463452,6,-1,-1
48,12464,2173,1080,217,122,0.80135745,4,-1,-1
48,12475,1694,878,149,80,0.7005211,4,-1,-1
48,12482,1580,528,130,69,0.58489734,6,-1,-1
48,12484,7,494,58,63,0.31534177,4,-1,-1
48,12487,195,558,91,47,0.30349025,4,-1,-1
49,12475,1721,886,157,78,0.81639653,4,-1,-1
49,12464,2217,1089,221,124,0.7830842,4,-1,-1
49,12482,1605,526,118,67,0.50944585,6,-1,-1
49,12487,215,555,140,55,0.42644647,4,-1,-1
49,12484,1,454,18,59,0.40215662,4,-1,-1
49,12488,1334,1088,44,48,0.3214196,1,-1,-1
49,12489,10,507,74,54,0.31945986,4,-1,-1
50,12464,2258,1098,229,124,0.8136994,4,-1,-1
50,12475,1754,895,157,82,0.5431452,4,-1,-1
50,12482,1625,528,117,61,0.5380033,6,-1,-1
50,12489,17,509,72,52,0.5039062,4,-1,-1
50,12484,0,454,12,57,0.37229332,4,-1,-1
50,12487,218,562,138,51,0.34352532,4,-1,-1
51,12464,2296,1112,230,125,0.82823515,4,-1,-1
51,12475,1784,899,160,81,0.68082595,4,-1,-1
51,12482,1634,527,111,62,0.55076325,6,-1,-1
51,12489,21,508,73,55,0.35738537,4,-1,-1
51,12484,0,453,8,57,0.30113187,4,-1,-1
51,12490,318,450,108,58,0.5101134,4,-1,-1
52,12464,2341,1122,232,119,0.81195235,4,-1,-1
52,12475,1819,909,161,80,0.79933184,4,-1,-1
52,12489,27,514,79,52,0.5099822,4,-1,-1
52,12482,1658,529,99,53,0.45069677,6,-1,-1
53,12464,2382,1131,241,124,0.730618,4,-1,-1
53,12489,36,514,75,51,0.6524092,4,-1,-1
53,12475,1852,919,156,78,0.47146696,4,-1,-1
53,12482,1665,530,95,51,0.30352703,6,-1,-1
53,12491,235,570,88,42,0.4148155,4,-1,-1
54,12475,1887,927,165,80,0.7808483,4,-1,-1
54,12464,2428,1143,250,125,0.7226503,4,-1,-1
54,12489,42,516,74,54,0.44770494,4,-1,-1
54,12482,1685,522,92,52,0.31817105,6,-1,-1
55,12475,1924,932,164,84,0.6595085,4,-1,-1
55,12464,2475,1151,225,136,0.49700326,4,-1,-1
55,12489,53,522,72,47,0.47585458,4,-1,-1
55,12482,1701,520,98,55,0.4506408,6,-1,-1
56,12475,1956,937,174,90,0.6858306,4,-1,-1
56,12464,2520,1161,179,132,0.57045543,4,-1,-1
56,12489,53,520,79,53,0.5472397,4,-1,-1
57,12475,1989,945,181,91,0.5954873,4,-1,-1
57,12489,60,523,79,53,0.55153704,4,-1,-1
57,12464,2582,1176,111,138,0.33674622,4,-1,-1
57,12492,1700,513,111,63,0.42713684,6,-1,-1
57,12493,1334,1088,42,50,0.30057153,1,-1,-1
58,12475,2031,955,175,90,0.6315255,4,-1,-1
58,12492,1717,509,118,66,0.60109556,6,-1,-1
58,12489,71,527,79,54,0.47078323,4,-1,-1
59,12475,2068,964,182,92,0.86009973,4,-1,-1
59,12489,79,529,77,53,0.6622956,4,-1,-1
59,12492,1736,510,111,63,0.5639626,6,-1,-1
59,12494,1332,1089,44,54,0.42174172,1,-1,-1
59,12495,2681,1178,18,209,0.30237553,4,-1,-1
60,12475,2106,971,182,92,0.64327025,4,-1,-1
60,12489,83,528,78,54,0.59714204,4,-1,-1
60,12492,1746,511,102,59,0.45297346,6,-1,-1
60,12496,319,453,101,53,0.7206737,4,-1,-1
61,12475,2143,981,193,95,0.87726015,4,-1,-1
61,12489,96,531,73,54,0.60660315,4,-1,-1
61,12496,318,455,100,54,0.59606,4,-1,-1
62,12489,102,532,72,55,0.79283273,4,-1,-1
62,12475,2183,989,193,95,0.74861175,4,-1,-1
62,12497,314,450,103,57,0.38101217,6,-1,-1
62,12498,1765,507,102,59,0.3463348,6,-1,-1
62,12499,401,538,63,47,0.32018408,4,-1,-1
63,12475,2226,997,196,97,0.7924871,4,-1,-1
63,12489,106,532,76,54,0.6039502,4,-1,-1
63,12500,302,589,92,48,0.30005392,4,-1,-1
64,12475,2268,1006,198,97,0.82042646,4,-1,-1
64,12489,115,532,76,55,0.6173938,4,-1,-1
65,12475,2312,1014,203,103,0.7533878,4,-1,-1
65,12489,123,534,73,55,0.73382306,4,-1,-1
66,12475,2355,1024,208,101,0.7687603,4,-1,-1
66,12489,129,536,72,54,0.5099074,4,-1,-1
67,12475,2405,1035,215,107,0.80604696,4,-1,-1
67,12489,133,537,80,59,0.5588763,4,-1,-1
68,12475,2455,1048,215,102,0.7963573,4,-1,-1
68,12489,142,542,73,54,0.6368422,4,-1,-1
68,12501,1325,1090,49,50,0.5166782,1,-1,-1
69,12475,2505,1058,190,107,0.81814456,4,-1,-1
69,12489,146,543,77,55,0.56846106,4,-1,-1
69,12502,304,445,106,55,0.31314382,6,-1,-1
70,12475,2559,1074,135,109,0.58943045,4,-1,-1
70,12489,156,550,75,52,0.48376605,4,-1,-1
71,12489,158,548,79,60,0.661621,4,-1,-1
71,12475,2609,1083,85,116,0.5295316,4,-1,-1
71,12503,303,444,107,60,0.4228222,5,-1,-1
72,12489,164,552,75,57,0.73192203,4,-1,-1
72,12503,304,448,104,56,0.38509065,5,-1,-1
73,12489,171,555,72,57,0.69419944,4,-1,-1
73,12504,55,408,90,52,0.33456752,4,-1,-1
74,12489,175,556,79,61,0.52980936,4,-1,-1
74,12505,299,445,110,60,0.31715047,5,-1,-1
75,12489,182,559,76,59,0.77354044,4,-1,-1
75,12505,303,448,104,56,0.394387,5,-1,-1
76,12489,183,562,81,60,0.6193818,4,-1,-1
76,12506,303,449,104,56,0.3641781,4,-1,-1
77,12489,190,567,76,58,0.5476846,4,-1,-1
77,12507,296,449,109,56,0.5721362,6,-1,-1
77,12508,236,510,65,50,0.35396782,4,-1,-1
78,12489,189,571,83,60,0.52565515,4,-1,-1
78,12509,297,449,109,58,0.36867058,4,-1,-1
79,12489,199,572,82,61,0.7763878,4,-1,-1
79,12509,293,448,112,60,0.5121393,4,-1,-1
80,12489,202,574,80,61,0.83600265,4,-1,-1
80,12509,289,449,110,60,0.5851969,4,-1,-1
81,12489,203,580,82,62,0.71770287,4,-1,-1
81,12510,187,505,61,46,0.45275992,4,-1,-1
82,12510,167,503,61,45,0.58939725,4,-1,-1
82,12489,203,581,80,64,0.5735189,4,-1,-1
82,12511,269,452,107,56,0.36578944,4,-1,-1
83,12489,187,588,80,64,0.69106007,4,-1,-1
83,12511,253,450,107,60,0.5264614,4,-1,-1
83,12510,138,504,56,45,0.46851167,4,-1,-1
83,12512,253,450,107,60,0.3650991,6,-1,-1
83,12513,1285,1148,49,59,0.3443338,1,-1,-1
84,12489,173,591,84,68,0.53687745,4,-1,-1
84,12510,103,502,59,47,0.49165973,4,-1,-1
84,12511,225,454,108,58,0.42731243,4,-1,-1
85,12489,145,602,81,66,0.5119742,4,-1,-1
85,12510,63,510,61,45,0.46155608,4,-1,-1
85,12511,205,458,105,55,0.4223013,4,-1,-1
85,12514,1714,469,119,66,0.45699096,4,-1,-1
86,12489,129,613,86,61,0.48157063,4,-1,-1
87,12489,112,618,83,63,0.69715405,4,-1,-1
87,12515,1,516,46,44,0.37130898,4,-1,-1
88,12489,101,625,79,61,0.5518088,4,-1,-1
88,12516,1638,476,102,59,0.39676392,4,-1,-1
89,12489,91,631,86,60,0.54308313,4,-1,-1
89,12517,835,1039,60,116,0.34685305,1,-1,-1
90,12489,93,630,96,65,0.533788,4,-1,-1
92,12518,100,633,109,59,0.3435654,4,-1,-1
94,12519,129,638,96,50,0.43698815,4,-1,-1
94,12520,825,1046,66,131,0.41926637,1,-1,-1
95,12520,864,1036,78,146,0.32269412,1,-1,-1
97,12521,820,1041,73,144,0.43920103,1,-1,-1
97,12522,99,467,119,63,0.31349695,4,-1,-1
98,12523,1574,478,134,77,0.36641327,4,-1,-1
99,12523,1566,486,122,68,0.3273597,4,-1,-1
103,12524,807,1060,59,113,0.373048,1,-1,-1
105,12525,1163,1223,47,56,0.38553536,1,-1,-1
108,12526,1497,486,136,72,0.30225408,4,-1,-1
109,12526,1505,475,115,60,0.41913825,4,-1,-1
109,12527,1159,1230,50,59,0.30681428,1,-1,-1
110,12526,1505,475,117,62,0.40399218,4,-1,-1
110,12528,800,1066,69,127,0.42301,1,-1,-1
111,12528,798,1065,72,129,0.3645286,1,-1,-1
112,12529,1480,479,121,53,0.40989488,4,-1,-1
113,12530,1467,483,136,77,0.3731329,6,-1,-1
114,12531,786,1073,66,114,0.3866897,1,-1,-1
114,12532,1465,484,140,83,0.32718357,5,-1,-1
115,12532,1454,485,139,82,0.4452459,5,-1,-1
115,12533,1454,485,139,82,0.40502566,4,-1,-1
116,12532,1449,483,137,81,0.47179034,5,-1,-1
116,12533,1460,474,120,64,0.30733,4,-1,-1
116,12534,80,466,119,62,0.5036891,5,-1,-1
116,12535,782,1067,74,130,0.40844798,1,-1,-1
117,12534,79,464,118,65,0.38394552,5,-1,-1
117,12535,781,1069,74,127,0.36828908,1,-1,-1
117,12533,1455,475,124,63,0.3621335,4,-1,-1
117,12536,1441,482,147,79,0.36269197,6,-1,-1
117,12537,79,464,118,65,0.32116336,4,-1,-1
118,12535,781,1074,65,126,0.5969446,1,-1,-1
118,12534,76,466,116,61,0.49248752,5,-1,-1
118,12533,1459,475,110,62,0.48038623,4,-1,-1
118,12538,1416,504,117,63,0.32009718,4,-1,-1
119,12535,766,1072,72,132,0.49841988,1,-1,-1
119,12533,1432,474,121,62,0.42297962,4,-1,-1
119,12538,1410,494,142,80,0.416025,4,-1,-1
120,12533,1415,477,115,56,0.49462923,4,-1,-1
120,12538,1383,513,101,56,0.34826213,4,-1,-1
120,12535,744,1073,74,140,0.33618551,1,-1,-1
121,12533,1370,485,133,67,0.35204142,4,-1,-1
121,12535,735,1082,71,135,0.33222428,1,-1,-1
122,12533,1340,486,142,77,0.40645698,4,-1,-1
123,12533,1323,486,142,82,0.4633577,4,-1,-1
124,12533,1322,483,135,76,0.48010945,4,-1,-1
124,12539,695,1084,77,145,0.4506787,1,-1,-1
124,12540,1306,499,128,76,0.33019075,5,-1,-1
125,12539,694,1082,76,146,0.5442334,1,-1,-1
125,12533,1334,487,116,61,0.47615838,4,-1,-1
125,12541,732,1077,86,157,0.39051294,1,-1,-1
125,12542,1296,492,105,54,0.3591583,4,-1,-1
125,12543,1298,529,89,53,0.3422289,4,-1,-1
126,12539,693,1086,75,136,0.5415566,1,-1,-1
126,12533,1304,487,136,70,0.5070826,4,-1,-1
126,12541,735,1082,81,145,0.3790167,1,-1,-1
127,12533,1305,487,130,60,0.6155293,4,-1,-1
127,12539,694,1092,74,133,0.5293552,1,-1,-1
127,12544,1308,513,124,68,0.36049274,5,-1,-1
128,12539,695,1090,74,132,0.559033,1,-1,-1
128,12533,1298,492,107,49,0.48007843,4,-1,-1
128,12544,1321,515,98,66,0.35658622,5,-1,-1
128,12545,1276,536,62,47,0.5361628,4,-1,-1
128,12546,732,1082,84,146,0.39761525,1,-1,-1
129,12533,1321,495,91,47,0.6856848,4,-1,-1
129,12545,1270,534,62,53,0.49206766,4,-1,-1
129,12539,694,1095,67,126,0.4554702,1,-1,-1
129,12544,1318,519,93,61,0.41046652,5,-1,-1
129,12547,1580,504,52,35,0.5378804,4,-1,-1
129,12548,1369,943,130,63,0.39303404,4,-1,-1
129,12549,1266,517,66,57,0.32171825,5,-1,-1
129,12550,1322,526,86,57,0.31280854,4,-1,-1
130,12533,1295,490,111,53,0.5890154,4,-1,-1
130,12545,1252,532,78,55,0.51850927,4,-1,-1
130,12547,1584,503,49,36,0.49196953,4,-1,-1
130,12548,1399,943,146,82,0.42576095,4,-1,-1
130,12550,1299,524,100,61,0.38015854,4,-1,-1
130,12539,683,1095,67,124,0.37808743,1,-1,-1
130,12551,1064,1256,52,59,0.42801356,1,-1,-1
131,12548,1426,958,150,68,0.5725185,4,-1,-1
131,12533,1297,493,97,45,0.55780035,4,-1,-1
131,12550,1303,531,82,54,0.48504132,4,-1,-1
131,12547,1585,505,47,32,0.48035574,4,-1,-1
131,12545,1245,529,70,55,0.4259178,4,-1,-1
131,12539,683,1096,67,122,0.31908205,1,-1,-1
132,12548,1454,960,166,83,0.59301835,4,-1,-1
132,12550,1290,527,87,58,0.47795102,4,-1,-1
132,12533,1296,494,96,46,0.4772941,4,-1,-1
132,12545,1236,535,67,54,0.41959292,4,-1,-1
132,12547,1585,504,46,34,0.4059215,4,-1,-1
132,12539,682,1096,69,125,0.3609973,1,-1,-1
132,12552,1064,1259,54,55,0.38371804,1,-1,-1
133,12548,1487,968,159,83,0.6304328,4,-1,-1
133,12533,1283,492,92,47,0.5385366,4,-1,-1
133,12550,1287,526,80,59,0.4362756,4,-1,-1
133,12539,685,1098,63,119,0.42406046,1,-1,-1
133,12547,1588,507,41,32,0.38889652,4,-1,-1
134,12548,1522,974,162,85,0.62489843,4,-1,-1
134,12539,696,1095,66,120,0.56639564,1,-1,-1
134,12533,1281,491,89,48,0.36841214,4,-1,-1
134,12547,1586,508,43,32,0.30609518,4,-1,-1
135,12548,1557,980,168,86,0.5860194,4,-1,-1
135,12539,698,1097,64,121,0.4859442,1,-1,-1
135,12533,1249,492,114,53,0.3840922,4,-1,-1
135,12553,1063,1258,53,58,0.35125694,1,-1,-1
135,12554,1700,741,66,79,0.33756918,4,-1,-1
136,12548,1581,984,183,94,0.5774606,4,-1,-1
136,12533,1258,494,92,54,0.36347547,4,-1,-1
136,12539,696,1091,69,125,0.30275685,1,-1,-1
137,12548,1614,995,186,95,0.46908194,4,-1,-1
137,12539,683,1098,65,118,0.44038266,1,-1,-1
137,12555,1218,507,133,81,0.32783607,5,-1,-1
138,12548,1635,999,195,98,0.48908466,4,-1,-1
138,12539,681,1095,68,122,0.47597104,1,-1,-1
139,12548,1677,1007,185,97,0.5960745,4,-1,-1
139,12539,676,1092,67,128,0.3865864,1,-1,-1
140,12548,1721,1019,182,95,0.647513,4,-1,-1
140,12539,674,1092,66,132,0.37003857,1,-1,-1
141,12548,1746,1023,192,101,0.6329563,4,-1,-1
141,12539,660,1095,65,127,0.45681056,1,-1,-1
142,12548,1780,1030,196,101,0.6404297,4,-1,-1
142,12539,654,1088,71,138,0.44123444,1,-1,-1
142,12556,1092,531,91,73,0.47829193,5,-1,-1
142,12557,1146,494,113,60,0.33653328,4,-1,-1
143,12548,1822,1039,196,102,0.7157945,4,-1,-1
143,12556,1070,508,140,95,0.33707452,5,-1,-1
144,12548,1859,1051,197,95,0.5734962,4,-1,-1
145,12548,1893,1059,197,100,0.6282638,4,-1,-1
145,12558,632,1094,74,134,0.35166505,1,-1,-1
145,12559,1086,506,143,86,0.32339707,4,-1,-1
145,12560,1044,545,89,63,0.32200235,4,-1,-1
146,12548,1940,1068,203,102,0.6233146,4,-1,-1
146,12560,1027,547,90,63,0.35259888,4,-1,-1
146,12558,630,1095,75,139,0.3324127,1,-1,-1
146,12561,1061,509,155,95,0.3753262,5,-1,-1
146,12562,1027,529,95,76,0.3435591,5,-1,-1
147,12548,1982,1079,207,101,0.6270011,4,-1,-1
147,12562,1016,521,105,84,0.37148494,5,-1,-1
147,12560,1014,546,88,68,0.36204472,4,-1,-1
148,12548,2030,1089,207,102,0.8207016,4,-1,-1
148,12560,1002,542,93,75,0.456206,4,-1,-1
148,12562,1002,526,97,81,0.37514332,5,-1,-1
148,12563,1079,504,113,72,0.417255,4,-1,-1
148,12564,2587,989,108,87,0.3427621,4,-1,-1
149,12548,2078,1100,208,106,0.784604,4,-1,-1
149,12560,992,560,87,59,0.60739267,4,-1,-1
149,12564,2551,987,148,85,0.48607102,4,-1,-1
149,12562,1047,517,134,90,0.4503935,5,-1,-1
149,12563,1054,506,127,79,0.35549125,4,-1,-1
150,12564,2512,983,173,83,0.64150333,4,-1,-1
150,12548,2126,1109,215,112,0.57198143,4,-1,-1
150,12562,976,520,103,82,0.3514267,5,-1,-1
150,12563,1050,506,122,82,0.34960365,4,-1,-1
151,12548,2178,1121,213,111,0.8173514,4,-1,-1
151,12564,2471,980,178,83,0.5461191,4,-1,-1
151,12565,1203,937,160,104,0.6093958,4,-1,-1
151,12566,1007,1250,57,68,0.33155584,1,-1,-1
152,12564,2438,973,170,84,0.61732095,4,-1,-1
152,12548,2229,1132,223,110,0.59326977,4,-1,-1
152,12565,1225,939,169,111,0.53265923,4,-1,-1
152,12567,962,919,170,128,0.39804307,4,-1,-1
152,12568,628,1094,76,137,0.31848815,1,-1,-1
153,12548,2283,1141,222,117,0.740717,4,-1,-1
153,12567,981,931,174,119,0.6671851,4,-1,-1
153,12564,2399,968,166,82,0.6343165,4,-1,-1
153,12565,1261,959,170,102,0.5869797,4,-1,-1
153,12568,630,1100,71,126,0.36899978,1,-1,-1
153,12569,947,572,86,56,0.37272412,4,-1,-1
153,12570,1010,1258,50,52,0.31829873,1,-1,-1
154,12567,1003,933,186,122,0.64793825,4,-1,-1
154,12565,1288,965,172,97,0.58083045,4,-1,-1
154,12564,2364,965,166,86,0.56321996,4,-1,-1
154,12548,2334,1150,230,128,0.54303735,4,-1,-1
154,12568,630,1103,68,120,0.3989933,1,-1,-1
155,12548,2381,1159,241,127,0.7269791,4,-1,-1
155,12564,2319,958,174,90,0.6028329,4,-1,-1
155,12567,1028,937,185,128,0.5106086,4,-1,-1
155,12568,631,1104,68,115,0.39175993,1,-1,-1
155,12565,1323,967,175,111,0.36404186,4,-1,-1
155,12571,1008,1261,52,47,0.3104839,1,-1,-1
156,12548,2445,1175,236,127,0.7718127,4,-1,-1
156,12567,1063,944,185,122,0.715522,4,-1,-1
156,12564,2285,952,168,85,0.620708,4,-1,-1
156,12565,1359,974,183,107,0.55958694,4,-1,-1
156,12571,1005,1258,56,54,0.5044153,1,-1,-1
156,12568,632,1106,65,114,0.32008788,1,-1,-1
156,12572,907,535,114,91,0.30114153,5,-1,-1
157,12564,2250,947,163,84,0.6661706,4,-1,-1
157,12548,2501,1182,199,133,0.57083094,4,-1,-1
157,12567,1085,948,196,131,0.53005475,4,-1,-1
157,12568,629,1094,78,134,0.41048858,1,-1,-1
157,12565,1387,981,182,109,0.39504892,4,-1,-1
158,12567,1124,952,192,128,0.6259551,4,-1,-1
158,12564,2216,940,166,91,0.61791337,4,-1,-1
158,12548,2554,1195,148,141,0.5290385,4,-1,-1
158,12573,888,524,205,110,0.505209,5,-1,-1
159,12567,1162,961,198,132,0.7308383,4,-1,-1
159,12564,2179,935,170,90,0.5550276,4,-1,-1
159,12573,879,521,212,117,0.41836515,5,-1,-1
160,12567,1201,968,200,132,0.55250174,4,-1,-1
160,12564,2156,930,158,83,0.53881204,4,-1,-1
160,12573,865,527,209,111,0.37476823,5,-1,-1
160,12574,2682,1148,16,187,0.33250463,4,-1,-1
161,12564,2123,928,154,81,0.68569696,4,-1,-1
161,12567,1227,973,202,141,0.48393542,4,-1,-1
161,12573,853,528,213,118,0.4156644,5,-1,-1
161,12575,637,1102,68,121,0.42225733,1,-1,-1
161,12576,1500,1004,209,128,0.41454163,4,-1,-1
162,12567,1267,980,201,143,0.6023257,4,-1,-1
162,12564,2097,916,155,91,0.40776893,4,-1,-1
162,12575,691,1089,79,148,0.3695893,1,-1,-1
162,12577,637,1096,73,135,0.34805018,1,-1,-1
163,12564,2055,917,163,88,0.5279023,4,-1,-1
163,12567,1306,984,208,146,0.4563415,4,-1,-1
163,12577,641,1103,68,120,0.39081603,1,-1,-1
163,12578,1582,1023,211,133,0.56535244,4,-1,-1
163,12579,814,531,224,117,0.5021982,5,-1,-1
164,12578,1622,1030,213,133,0.5669975,4,-1,-1
164,12579,803,529,231,118,0.5415889,5,-1,-1
164,12567,1330,999,213,146,0.51366585,4,-1,-1
164,12564,2032,909,160,88,0.3795582,4,-1,-1
164,12577,651,1104,69,119,0.34816402,1,-1,-1
165,12579,789,532,232,116,0.57871234,5,-1,-1
165,12578,1664,1043,214,130,0.52754563,4,-1,-1
165,12567,1372,1010,211,154,0.4546112,4,-1,-1
165,12577,652,1101,68,121,0.43498006,1,-1,-1
165,12564,2008,902,165,91,0.30665123,4,-1,-1
166,12578,1705,1049,216,135,0.5968685,4,-1,-1
166,12564,1972,898,156,90,0.5081053,4,-1,-1
166,12567,1408,1020,220,154,0.5021039,4,-1,-1
166,12577,654,1101,67,124,0.3547038,1,-1,-1
167,12578,1749,1063,215,132,0.5326275,4,-1,-1
167,12564,1932,896,157,85,0.40490848,4,-1,-1
168,12578,1790,1069,216,133,0.62696755,4,-1,-1
168,12564,1911,886,148,87,0.46899906,4,-1,-1
168,12580,747,543,230,117,0.6562245,5,-1,-1
169,12580,737,543,235,117,0.7117673,5,-1,-1
169,12578,1833,1077,221,134,0.4265326,4,-1,-1
170,12580,720,545,235,116,0.7525064,5,-1,-1
170,12578,1879,1086,220,136,0.69281757,4,-1,-1
170,12581,1574,1056,229,163,0.39944884,4,-1,-1
170,12582,1852,883,137,80,0.3479985,4,-1,-1
171,12580,702,549,240,118,0.69547635,5,-1,-1
171,12578,1922,1099,219,125,0.3711646,4,-1,-1
172,12580,684,547,252,120,0.5762337,5,-1,-1
172,12583,1792,879,126,65,0.41665038,4,-1,-1
173,12580,669,552,246,121,0.6392227,5,-1,-1
173,12583,1758,879,128,60,0.31684768,4,-1,-1
174,12580,653,550,252,124,0.5590237,5,-1,-1
174,12584,1062,1254,58,78,0.30193022,1,-1,-1
175,12580,648,557,242,124,0.6257458,5,-1,-1
176,12580,628,558,250,123,0.6478349,5,-1,-1
177,12580,609,560,253,124,0.6565663,5,-1,-1
178,12580,584,563,264,125,0.5746266,5,-1,-1
179,12580,574,563,266,126,0.6643646,5,-1,-1
180,12580,558,562,263,121,0.48637676,5,-1,-1
180,12585,2066,1158,264,172,0.5872111,6,-1,-1
181,12580,540,554,259,129,0.65780437,5,-1,-1
181,12585,2121,1156,268,180,0.35511723,6,-1,-1
181,12586,2427,1185,257,146,0.48104638,4,-1,-1
182,12580,517,545,269,129,0.68896884,5,-1,-1
183,12580,498,538,270,127,0.7165643,5,-1,-1
183,12587,2232,1156,270,186,0.436206,6,-1,-1
184,12580,477,532,269,128,0.5855198,5,-1,-1
185,12580,462,525,274,133,0.65365314,5,-1,-1
185,12588,1074,1204,51,65,0.5170556,1,-1,-1
186,12580,440,521,278,139,0.70814794,5,-1,-1
186,12589,2478,856,212,150,0.3574123,6,-1,-1
187,12580,414,522,288,137,0.6202554,5,-1,-1
187,12589,2457,856,235,146,0.38040552,6,-1,-1
188,12580,394,526,291,140,0.6349899,5,-1,-1
188,12589,2410,851,263,151,0.5284181,6,-1,-1
189,12580,371,525,296,145,0.681081,5,-1,-1
189,12589,2385,852,262,149,0.5163686,6,-1,-1
190,12580,347,527,298,146,0.70683086,5,-1,-1
190,12589,2362,848,260,151,0.32107958,6,-1,-1
191,12580,324,530,302,147,0.7264601,5,-1,-1
191,12590,2329,847,255,144,0.4512814,5,-1,-1
192,12580,299,532,311,148,0.67651606,5,-1,-1
192,12590,2310,847,243,138,0.5505918,5,-1,-1
193,12580,276,536,317,149,0.6718709,5,-1,-1
194,12580,247,537,328,151,0.5434205,5,-1,-1
195,12580,211,544,330,151,0.56216794,5,-1,-1
195,12591,2226,834,238,128,0.34483665,6,-1,-1
196,12580,188,546,330,154,0.6237022,5,-1,-1
196,12591,2190,826,237,137,0.31889677,6,-1,-1
197,12580,165,548,333,154,0.58833224,5,-1,-1
197,12591,2172,827,226,124,0.31240323,6,-1,-1
198,12580,135,551,347,158,0.46529046,5,-1,-1
198,12592,135,551,347,158,0.42994946,4,-1,-1
199,12580,112,561,342,157,0.4142511,5,-1,-1
199,12592,108,553,354,161,0.38272452,4,-1,-1
199,12593,2125,818,226,131,0.31306168,6,-1,-1
199,12594,2125,818,226,131,0.302233,5,-1,-1
200,12594,2104,818,220,125,0.5898216,5,-1,-1
200,12580,73,567,352,151,0.56206924,5,-1,-1
201,12580,41,569,363,155,0.63877314,5,-1,-1
201,12594,2070,814,224,127,0.48437306,5,-1,-1
202,12580,17,569,362,159,0.57172936,5,-1,-1
202,12594,2047,810,221,127,0.32304943,5,-1,-1
203,12580,8,572,342,161,0.53394216,5,-1,-1
203,12595,8,572,342,161,0.33668998,4,-1,-1
204,12580,8,577,313,155,0.49988464,5,-1,-1
204,12596,1144,886,148,87,0.4741281,4,-1,-1
205,12580,8,583,292,157,0.60342425,5,-1,-1
205,12596,1161,893,167,92,0.54413694,4,-1,-1
205,12597,1966,800,219,126,0.51731527,6,-1,-1
206,12597,1942,799,218,120,0.6717178,6,-1,-1
206,12580,10,585,257,153,0.631714,5,-1,-1
206,12596,1204,903,162,90,0.47695878,4,-1,-1
207,12597,1918,794,219,121,0.69128305,6,-1,-1
207,12580,6,586,231,157,0.4395233,5,-1,-1
207,12596,1221,906,177,93,0.42640346,4,-1,-1
207,12598,980,895,148,94,0.4186693,4,-1,-1
208,12598,999,898,158,96,0.58779246,4,-1,-1
208,12596,1259,916,180,89,0.54071194,4,-1,-1
208,12597,1899,794,209,115,0.52962613,6,-1,-1
208,12580,6,587,209,157,0.463843,5,-1,-1
209,12580,1,589,180,156,0.7013066,5,-1,-1
209,12598,1031,906,158,87,0.65103316,4,-1,-1
209,12597,1879,790,204,106,0.6364771,6,-1,-1
209,12596,1298,927,180,86,0.62069374,4,-1,-1
210,12580,2,593,148,149,0.7378756,5,-1,-1
210,12597,1853,786,210,111,0.6243505,6,-1,-1
210,12598,1061,915,158,86,0.56166273,4,-1,-1
210,12596,1342,931,174,87,0.46643957,4,-1,-1
211,12597,1821,786,211,111,0.77050143,6,-1,-1
211,12580,0,595,118,145,0.66325235,5,-1,-1
211,12596,1370,939,181,93,0.63192075,4,-1,-1
211,12598,1095,921,155,84,0.56500643,4,-1,-1
212,12597,1798,777,208,118,0.8417507,6,-1,-1
212,12598,1122,926,159,85,0.7735223,4,-1,-1
212,12596,1410,948,187,93,0.5444594,4,-1,-1
212,12580,2,597,87,151,0.50554675,5,-1,-1
213,12596,1448,956,192,98,0.7707257,4,-1,-1
213,12597,1777,776,204,109,0.67465675,6,-1,-1
213,12580,-1,600,59,169,0.52992123,5,-1,-1
213,12598,1155,932,161,85,0.49208012,4,-1,-1
213,12599,2687,881,11,87,0.31005338,4,-1,-1
214,12596,1488,965,193,100,0.6966956,4,-1,-1
214,12598,1180,937,171,95,0.6847358,4,-1,-1
214,12597,1749,766,214,115,0.68291086,6,-1,-1
214,12580,-1,634,20,151,0.38919047,5,-1,-1
214,12600,1061,1184,60,71,0.32834423,1,-1,-1
215,12596,1527,972,201,105,0.72394973,4,-1,-1
215,12598,1221,946,165,91,0.69924265,4,-1,-1
215,12597,1732,761,204,113,0.42104402,6,-1,-1
215,12601,2638,894,52,65,0.33535776,4,-1,-1
216,12596,1565,979,207,111,0.782556,4,-1,-1
216,12601,2602,893,88,62,0.5495079,4,-1,-1
216,12598,1258,955,165,95,0.53421164,4,-1,-1
216,12602,1696,760,207,108,0.3712645,4,-1,-1
217,12598,1289,964,166,92,0.7742126,4,-1,-1
217,12596,1610,990,204,110,0.74180144,4,-1,-1
217,12601,2572,890,115,63,0.35744184,4,-1,-1
217,12603,1689,754,201,111,0.39843532,6,-1,-1
218,12596,1648,999,217,112,0.702849,4,-1,-1
218,12598,1324,972,172,99,0.5093743,4,-1,-1
218,12601,2545,884,146,68,0.33644888,4,-1,-1
218,12604,1654,749,204,108,0.4629029,4,-1,-1
219,12598,1361,980,179,103,0.6634197,4,-1,-1
219,12596,1694,1007,215,117,0.5819367,4,-1,-1
219,12601,2511,872,174,75,0.49882188,4,-1,-1
219,12605,1624,748,215,110,0.52879304,6,-1,-1
220,12596,1742,1017,223,119,0.67076206,4,-1,-1
220,12601,2480,869,172,72,0.52975905,4,-1,-1
220,12598,1403,985,178,104,0.5251202,4,-1,-1
220,12605,1608,748,209,105,0.42931908,6,-1,-1
220,12606,1608,748,209,105,0.35503218,4,-1,-1
221,12596,1790,1028,215,120,0.71880263,4,-1,-1
221,12601,2454,866,168,66,0.6584738,4,-1,-1
221,12598,1433,998,184,103,0.59757864,4,-1,-1
221,12605,1589,745,200,103,0.5714378,6,-1,-1
221,12607,1061,1181,53,75,0.49960008,1,-1,-1
222,12596,1836,1042,224,111,0.7570717,4,-1,-1
222,12598,1472,1007,184,102,0.6318091,4,-1,-1
222,12601,2430,862,165,67,0.57468665,4,-1,-1
222,12607,1064,1182,49,74,0.5373489,1,-1,-1
222,12605,1568,740,200,103,0.43504462,6,-1,-1
223,12596,1878,1051,229,118,0.650265,4,-1,-1
223,12598,1509,1016,192,106,0.5687864,4,-1,-1
223,12607,1063,1183,51,75,0.54189706,1,-1,-1
223,12601,2398,861,163,66,0.4003897,4,-1,-1
223,12605,1549,739,193,104,0.3834521,6,-1,-1
224,12596,1933,1066,231,113,0.70419055,4,-1,-1
224,12598,1555,1027,189,105,0.57138056,4,-1,-1
224,12601,2368,854,166,70,0.53195715,4,-1,-1
224,12607,1062,1185,50,71,0.4612572,1,-1,-1
224,12605,1524,736,197,107,0.39774913,6,-1,-1
225,12596,1989,1076,235,121,0.7357479,4,-1,-1
225,12598,1596,1037,194,111,0.70747995,4,-1,-1
225,12601,2337,852,161,68,0.5054867,4,-1,-1
225,12605,1504,733,195,101,0.31971976,6,-1,-1
225,12607,1061,1185,48,70,0.30157042,1,-1,-1
226,12601,2308,846,167,68,0.7456335,4,-1,-1
226,12596,2041,1087,235,126,0.707321,4,-1,-1
226,12598,1638,1047,201,111,0.49089774,4,-1,-1
226,12605,1469,734,190,99,0.30692422,6,-1,-1
226,12608,2545,1007,152,97,0.636467,4,-1,-1
227,12598,1690,1056,200,117,0.801624,4,-1,-1
227,12596,2093,1099,243,122,0.7956687,4,-1,-1
227,12608,2500,997,200,103,0.6614696,4,-1,-1
227,12601,2281,842,167,72,0.6502781,4,-1,-1
228,12596,2147,1111,248,125,0.71673125,4,-1,-1
228,12598,1738,1067,198,112,0.65817636,4,-1,-1
228,12608,2444,987,223,100,0.58936584,4,-1,-1
228,12601,2248,839,169,74,0.5728846,4,-1,-1
228,12609,1426,727,191,107,0.3745351,6,-1,-1
229,12598,1784,1078,202,118,0.80718493,4,-1,-1
229,12596,2203,1120,254,126,0.73683965,4,-1,-1
229,12608,2402,982,217,103,0.5780356,4,-1,-1
229,12609,1425,727,181,103,0.5453203,6,-1,-1
229,12601,2219,837,173,71,0.5374852,4,-1,-1
230,12596,2265,1139,256,125,0.85755515,4,-1,-1
230,12601,2200,830,163,72,0.70020896,4,-1,-1
230,12598,1838,1089,201,120,0.6941722,4,-1,-1
230,12608,2356,975,208,101,0.6644324,4,-1,-1
231,12598,1887,1104,208,116,0.798501,4,-1,-1
231,12596,2329,1150,257,130,0.7955433,4,-1,-1
231,12608,2311,968,205,97,0.60383886,4,-1,-1
231,12601,2170,827,155,71,0.5747323,4,-1,-1
231,12610,2684,901,16,92,0.42771345,4,-1,-1
232,12598,1940,1115,209,117,0.8281747,4,-1,-1
232,12608,2268,958,204,95,0.7491268,4,-1,-1
232,12596,2388,1165,261,123,0.7409871,4,-1,-1
232,12601,2145,824,163,71,0.64877445,4,-1,-1
232,12610,2646,905,51,86,0.4699673,4,-1,-1
233,12598,1986,1125,218,120,0.7932415,4,-1,-1
233,12601,2121,820,154,70,0.759498,4,-1,-1
233,12596,2445,1181,242,121,0.56716526,4,-1,-1
233,12608,2226,952,201,96,0.5364671,4,-1,-1
233,12610,2627,904,67,81,0.39464986,4,-1,-1
234,12598,2041,1138,223,126,0.86678517,4,-1,-1
234,12608,2185,945,200,97,0.6787691,4,-1,-1
234,12610,2588,904,108,78,0.66453946,4,-1,-1
234,12596,2511,1190,191,134,0.60259163,4,-1,-1
234,12601,2096,817,150,69,0.53223985,4,-1,-1
235,12608,2148,937,191,94,0.78208184,4,-1,-1
235,12598,2099,1151,229,127,0.7177043,4,-1,-1
235,12610,2557,904,142,81,0.6367815,4,-1,-1
235,12601,2067,813,148,64,0.6046244,4,-1,-1
235,12596,2582,1204,118,157,0.4747918,4,-1,-1
236,12601,2039,808,150,67,0.7500891,4,-1,-1
236,12598,2149,1162,236,129,0.73008347,4,-1,-1
236,12608,2104,929,192,91,0.566027,4,-1,-1
236,12610,2517,899,182,82,0.556463,4,-1,-1
236,12596,2645,1206,54,163,0.35865614,4,-1,-1
237,12598,2212,1175,236,135,0.8184343,4,-1,-1
237,12601,2016,806,144,64,0.74306554,4,-1,-1
237,12608,2069,924,183,91,0.7305199,4,-1,-1
237,12610,2494,897,186,78,0.5258588,4,-1,-1
238,12598,2274,1191,240,133,0.75601625,4,-1,-1
238,12608,2026,914,183,92,0.718976,4,-1,-1
238,12610,2466,893,184,75,0.6214325,4,-1,-1
238,12601,1985,805,145,64,0.5451093,4,-1,-1
239,12598,2334,1203,247,133,0.6117515,4,-1,-1
239,12610,2435,887,176,75,0.55454504,4,-1,-1
239,12601,1963,799,144,63,0.54772013,4,-1,-1
239,12608,1988,907,179,89,0.53066087,4,-1,-1
239,12611,0,586,52,75,0.31599703,4,-1,-1
240,12598,2395,1216,254,139,0.7177246,4,-1,-1
240,12610,2409,883,175,80,0.7026034,4,-1,-1
240,12608,1953,897,181,93,0.61265135,4,-1,-1
240,12601,1941,798,143,65,0.5858981,4,-1,-1
240,12611,0,589,57,73,0.37744173,4,-1,-1
241,12598,2465,1230,228,144,0.6195276,4,-1,-1
241,12608,1916,892,177,92,0.6152109,4,-1,-1
241,12610,2382,879,175,82,0.5922482,4,-1,-1
241,12601,1916,791,144,67,0.54382247,4,-1,-1
241,12611,1,595,58,73,0.37454495,4,-1,-1
242,12608,1878,886,177,88,0.6767922,4,-1,-1
242,12610,2349,875,174,84,0.6631823,4,-1,-1
242,12601,1895,788,140,67,0.6570305,4,-1,-1
242,12598,2538,1239,160,145,0.31223994,4,-1,-1
243,12601,1869,784,141,68,0.6898187,4,-1,-1
243,12608,1841,880,174,89,0.6317384,4,-1,-1
243,12610,2320,871,174,80,0.51260406,4,-1,-1
243,12598,2602,1251,96,161,0.35847938,4,-1,-1
244,12601,1854,781,132,65,0.7191885,4,-1,-1
244,12608,1810,872,169,91,0.5660944,4,-1,-1
244,12610,2296,866,174,81,0.55024856,4,-1,-1
244,12598,2676,1248,20,160,0.37273708,4,-1,-1
245,12610,2264,860,174,85,0.67173374,4,-1,-1
245,12608,1770,864,170,89,0.5998217,4,-1,-1
245,12601,1836,773,128,74,0.5840218,4,-1,-1
246,12610,2237,854,174,86,0.65752935,4,-1,-1
246,12608,1734,858,170,91,0.65065765,4,-1,-1
246,12601,1813,768,126,72,0.51230085,4,-1,-1
247,12601,1794,765,122,71,0.5973621,4,-1,-1
247,12610,2199,851,180,91,0.5265535,4,-1,-1
248,12610,2182,846,169,83,0.57404923,4,-1,-1
248,12601,1773,763,119,68,0.49642172,4,-1,-1
249,12610,2159,845,168,81,0.67410886,4,-1,-1
249,12601,1741,758,119,67,0.5841469,4,-1,-1
250,12610,2139,844,158,75,0.7077493,4,-1,-1
250,12601,1716,755,128,67,0.5884075,4,-1,-1
250,12612,1610,840,151,79,0.3118224,5,-1,-1
251,12610,2115,843,156,78,0.6638663,4,-1,-1
251,12601,1695,754,130,67,0.45243588,4,-1,-1
251,12613,1574,828,158,82,0.32590222,4,-1,-1
252,12613,1547,824,152,82,0.62888014,4,-1,-1
252,12610,2092,839,157,75,0.57261086,4,-1,-1
252,12601,1684,750,121,65,0.5013375,4,-1,-1
253,12610,2061,838,157,75,0.69449544,4,-1,-1
253,12601,1659,746,134,70,0.61785305,4,-1,-1
253,12613,1512,822,153,82,0.51572436,4,-1,-1
254,12610,2039,836,156,75,0.6151598,4,-1,-1
254,12614,1484,815,149,80,0.35719544,6,-1,-1
254,12615,2234,642,104,43,0.3350899,4,-1,-1
255,12610,2014,834,160,77,0.5445397,4,-1,-1
255,12616,1451,809,147,76,0.36178583,4,-1,-1
255,12617,1048,1192,56,69,0.31305125,1,-1,-1
256,12610,1989,827,162,82,0.5417148,4,-1,-1
256,12616,1420,810,145,70,0.50992775,4,-1,-1
257,12610,1967,829,156,77,0.5282423,4,-1,-1
258,12610,1944,829,156,73,0.5212878,4,-1,-1
259,12610,1916,829,148,73,0.5813605,4,-1,-1
260,12610,1894,825,147,74,0.5828736,4,-1,-1
261,12610,1871,826,143,65,0.35498092,4,-1,-1
261,12618,1871,826,143,65,0.39754993,6,-1,-1
262,12618,1848,821,146,70,0.5579927,6,-1,-1
264,12619,1805,813,139,67,0.34208336,4,-1,-1
265,12619,1776,814,131,60,0.36718923,4,-1,-1
