3,13571,2387,1148,91,151,0.3732746,1,-1,-1
4,13571,2408,1169,86,144,0.34250477,1,-1,-1
7,13572,377,631,275,125,0.3672328,4,-1,-1
8,13572,409,632,267,120,0.34055063,4,-1,-1
9,13573,430,624,272,123,0.36764768,6,-1,-1
22,13574,2525,1096,70,117,0.32356662,1,-1,-1
24,13575,964,575,172,91,0.32438543,6,-1,-1
27,13576,1105,566,145,79,0.30019554,6,-1,-1
28,13576,1125,562,155,86,0.34625402,6,-1,-1
28,13577,1431,909,138,82,0.35784903,4,-1,-1
29,13577,1472,918,143,85,0.36826426,4,-1,-1
29,13576,1172,565,143,79,0.3389043,6,-1,-1
30,13577,1530,924,142,84,0.37070727,4,-1,-1
31,13577,1570,931,149,84,0.43294406,4,-1,-1
31,13578,2640,1068,46,101,0.37081107,1,-1,-1
32,13579,271,440,113,70,0.3022798,5,-1,-1
33,13579,300,444,103,65,0.34524846,5,-1,-1
33,13580,1656,952,156,86,0.41087613,4,-1,-1
33,13581,24,478,63,46,0.37938416,4,-1,-1
34,13581,48,478,60,46,0.43455184,4,-1,-1
34,13580,1710,964,162,89,0.4104999,4,-1,-1
35,13580,1734,966,171,91,0.33601904,4,-1,-1
35,13581,47,479,58,41,0.3212469,4,-1,-1
36,13581,47,479,56,39,0.42389065,4,-1,-1
36,13582,109,526,64,46,0.34344736,4,-1,-1
37,13581,39,476,59,41,0.42178658,4,-1,-1
37,13583,1795,980,177,95,0.37142733,4,-1,-1
38,13583,1831,991,182,91,0.48631674,4,-1,-1
38,13584,1438,804,114,79,0.36341694,4,-1,-1
39,13583,1871,1000,179,97,0.5036238,4,-1,-1
39,13584,1453,814,126,76,0.38535833,4,-1,-1
39,13585,322,447,103,65,0.42129013,4,-1,-1
39,13586,134,535,59,43,0.4079701,4,-1,-1
39,13587,24,479,57,39,0.38470274,4,-1,-1
39,13588,2,482,14,39,0.36496094,4,-1,-1
39,13589,322,447,103,65,0.3202511,5,-1,-1
40,13584,1478,818,127,76,0.56218636,4,-1,-1
40,13583,1899,1007,182,97,0.52410936,4,-1,-1
40,13585,320,446,107,64,0.32118854,4,-1,-1
40,13587,1,483,21,36,0.3118374,4,-1,-1
40,13590,1469,543,138,69,0.3571977,6,-1,-1
41,13584,1518,824,120,76,0.4665318,4,-1,-1
41,13583,1934,1017,188,98,0.44391808,4,-1,-1
41,13591,5,482,55,39,0.32019114,4,-1,-1
41,13592,321,446,105,65,0.3099719,5,-1,-1
42,13583,1969,1024,194,95,0.5252034,4,-1,-1
42,13591,6,477,55,44,0.4758772,4,-1,-1
42,13584,1522,831,131,73,0.40354612,4,-1,-1
42,13593,1498,532,134,73,0.34369293,6,-1,-1
42,13594,321,448,106,65,0.33903068,4,-1,-1
42,13595,156,535,80,48,0.31729,4,-1,-1
43,13584,1539,838,139,76,0.55166763,4,-1,-1
43,13583,1995,1033,197,94,0.514419,4,-1,-1
43,13591,4,475,55,47,0.4018327,4,-1,-1
44,13584,1578,847,135,75,0.64654577,4,-1,-1
44,13583,2035,1042,199,100,0.62588406,4,-1,-1
44,13591,1,482,57,66,0.51654845,4,-1,-1
45,13583,2071,1051,210,101,0.473225,4,-1,-1
45,13584,1613,858,141,75,0.46071583,4,-1,-1
45,13591,1,483,61,70,0.35121256,4,-1,-1
46,13583,2109,1059,214,107,0.62872505,4,-1,-1
46,13584,1635,860,142,77,0.5665651,4,-1,-1
46,13591,3,485,62,64,0.47853383,4,-1,-1
47,13584,1663,869,141,75,0.6066126,4,-1,-1
47,13583,2138,1069,213,107,0.5048778,4,-1,-1
47,13591,6,494,62,61,0.46980295,4,-1,-1
48,13583,2180,1081,213,111,0.6059861,4,-1,-1
48,13584,1695,877,149,77,0.49974394,4,-1,-1
48,13591,11,499,70,56,0.34056565,4,-1,-1
48,13596,3,454,17,53,0.32623038,4,-1,-1
49,13584,1720,881,155,81,0.6893369,4,-1,-1
49,13596,2,452,15,53,0.47626218,4,-1,-1
49,13591,17,509,67,50,0.3842143,4,-1,-1
49,13597,209,558,67,47,0.43042672,4,-1,-1
50,13584,1754,890,157,80,0.6478253,4,-1,-1
50,13591,22,509,67,50,0.4242304,4,-1,-1
50,13597,215,560,66,48,0.3753108,4,-1,-1
50,13596,2,447,11,63,0.34437755,4,-1,-1
50,13598,2256,1099,232,116,0.54944116,4,-1,-1
50,13599,321,449,99,64,0.3797211,4,-1,-1
51,13584,1784,897,159,84,0.61727375,4,-1,-1
51,13598,2299,1112,232,121,0.5463444,4,-1,-1
51,13597,224,560,71,50,0.5161376,4,-1,-1
51,13591,22,507,71,53,0.43920755,4,-1,-1
51,13599,324,453,91,59,0.3322174,4,-1,-1
51,13600,316,562,64,50,0.3169178,4,-1,-1
52,13584,1820,906,159,81,0.7313921,4,-1,-1
52,13591,36,511,71,54,0.57172024,4,-1,-1
52,13597,234,565,65,48,0.50410825,4,-1,-1
52,13598,2349,1119,242,119,0.48360604,4,-1,-1
53,13598,2395,1133,240,120,0.6183997,4,-1,-1
53,13591,44,511,67,53,0.58489674,4,-1,-1
53,13597,235,565,71,48,0.5139468,4,-1,-1
53,13584,1854,912,166,82,0.5044539,4,-1,-1
54,13598,2435,1141,247,121,0.781905,4,-1,-1
54,13584,1880,918,172,89,0.65293956,4,-1,-1
54,13591,53,511,71,56,0.47002786,4,-1,-1
54,13597,246,568,72,47,0.3640139,4,-1,-1
55,13584,1919,927,174,86,0.6511393,4,-1,-1
55,13598,2481,1155,212,122,0.6167672,4,-1,-1
55,13591,56,516,72,54,0.58198315,4,-1,-1
55,13597,253,573,71,50,0.35046652,4,-1,-1
56,13591,61,518,71,55,0.62164396,4,-1,-1
56,13598,2536,1163,161,130,0.532872,4,-1,-1
56,13584,1954,937,180,88,0.51419115,4,-1,-1
56,13597,252,572,75,52,0.32348648,4,-1,-1
57,13584,1987,942,177,88,0.5609148,4,-1,-1
57,13598,2582,1175,111,136,0.51515186,4,-1,-1
57,13591,72,522,75,53,0.46352568,4,-1,-1
57,13597,270,577,73,50,0.3114436,4,-1,-1
58,13591,76,522,73,55,0.54949296,4,-1,-1
58,13584,2031,953,173,85,0.5374205,4,-1,-1
58,13597,274,574,106,55,0.35488284,4,-1,-1
58,13598,2634,1173,54,143,0.31630588,4,-1,-1
58,13601,417,552,85,55,0.3425239,5,-1,-1
59,13584,2070,963,178,87,0.68740904,4,-1,-1
59,13591,79,530,77,51,0.555975,4,-1,-1
59,13598,2675,1182,21,161,0.3282481,4,-1,-1
59,13602,315,444,107,71,0.3154154,4,-1,-1
60,13584,2110,973,182,85,0.6691455,4,-1,-1
60,13591,85,530,74,53,0.52124435,4,-1,-1
60,13602,313,444,111,71,0.40821773,4,-1,-1
61,13584,2148,982,186,88,0.68244,4,-1,-1
61,13591,95,528,73,58,0.6242697,4,-1,-1
61,13602,315,445,108,70,0.38453728,4,-1,-1
61,13603,299,581,97,55,0.42280635,4,-1,-1
62,13584,2186,990,194,90,0.7027828,4,-1,-1
62,13591,102,531,74,56,0.666381,4,-1,-1
62,13604,397,533,71,54,0.3170719,4,-1,-1
63,13584,2228,999,198,91,0.5839898,4,-1,-1
63,13591,107,531,73,55,0.5387438,4,-1,-1
63,13605,307,585,82,52,0.36986822,4,-1,-1
64,13584,2270,1007,200,94,0.7095326,4,-1,-1
64,13591,116,528,77,61,0.6589573,4,-1,-1
64,13605,306,588,89,50,0.31279403,4,-1,-1
65,13591,124,532,75,57,0.709506,4,-1,-1
65,13584,2311,1016,209,101,0.57151043,4,-1,-1
66,13584,2362,1026,213,100,0.5895755,4,-1,-1
66,13591,126,535,79,57,0.54781264,4,-1,-1
67,13584,2407,1042,213,97,0.68968326,4,-1,-1
67,13591,134,535,81,58,0.608505,4,-1,-1
68,13591,140,541,81,58,0.6257206,4,-1,-1
68,13584,2457,1051,212,97,0.62520427,4,-1,-1
68,13606,310,442,110,70,0.38913092,5,-1,-1
68,13607,310,442,110,70,0.37167716,4,-1,-1
69,13584,2510,1063,188,102,0.7172136,4,-1,-1
69,13591,143,547,81,57,0.49539086,4,-1,-1
69,13606,301,444,107,67,0.39115995,5,-1,-1
70,13591,145,549,81,58,0.48092481,4,-1,-1
70,13584,2556,1074,144,98,0.43064827,4,-1,-1
70,13608,300,444,107,70,0.36847553,4,-1,-1
71,13591,158,549,80,61,0.60509145,4,-1,-1
71,13584,2628,1086,63,104,0.4619763,4,-1,-1
71,13609,302,442,103,72,0.36591306,5,-1,-1
72,13591,162,553,81,59,0.6354553,4,-1,-1
72,13610,70,412,83,56,0.32468095,4,-1,-1
73,13591,167,555,77,60,0.5565584,4,-1,-1
74,13591,178,557,77,61,0.52320325,4,-1,-1
74,13611,293,442,118,73,0.3852623,5,-1,-1
75,13591,184,558,76,63,0.6380882,4,-1,-1
75,13611,296,441,112,73,0.3205792,5,-1,-1
76,13591,185,564,78,57,0.46547288,4,-1,-1
77,13591,191,568,75,60,0.3952489,4,-1,-1
78,13591,190,569,78,60,0.3432353,4,-1,-1
79,13591,201,570,82,64,0.5403415,4,-1,-1
80,13591,205,576,81,61,0.602918,4,-1,-1
81,13591,206,578,80,66,0.5567517,4,-1,-1
82,13591,203,582,82,62,0.4905457,4,-1,-1
82,13612,166,502,63,47,0.41295338,4,-1,-1
83,13591,187,588,79,62,0.5273542,4,-1,-1
83,13612,132,502,67,47,0.36915696,4,-1,-1
84,13591,165,593,83,67,0.5488036,4,-1,-1
84,13613,228,445,110,72,0.3139971,4,-1,-1
85,13591,145,600,83,66,0.46029958,4,-1,-1
86,13591,131,611,85,62,0.43984935,4,-1,-1
87,13591,112,616,84,63,0.38026163,4,-1,-1
90,13614,90,632,96,63,0.35074317,4,-1,-1
108,13615,1517,509,86,55,0.35685664,4,-1,-1
109,13615,1505,511,76,53,0.40404594,4,-1,-1
115,13616,1456,509,85,61,0.36010855,4,-1,-1
118,13617,1139,1230,70,68,0.30032077,1,-1,-1
119,13618,1412,512,87,65,0.37226287,4,-1,-1
119,13619,1448,507,94,66,0.33346856,4,-1,-1
136,13620,1595,990,153,81,0.360604,4,-1,-1
138,13621,1653,1006,166,87,0.33693612,4,-1,-1
139,13621,1692,1013,163,86,0.42733917,4,-1,-1
141,13622,1753,1029,176,83,0.4067762,4,-1,-1
142,13622,1793,1038,178,84,0.35202873,4,-1,-1
144,13623,1872,1056,183,86,0.45416787,4,-1,-1
146,13624,1946,1073,201,90,0.5372345,4,-1,-1
146,13625,2662,985,39,96,0.3471412,4,-1,-1
147,13625,2633,986,54,91,0.4080483,4,-1,-1
147,13624,1990,1084,199,93,0.36861548,4,-1,-1
148,13625,2588,986,102,84,0.48137477,4,-1,-1
149,13625,2543,984,151,86,0.4624018,4,-1,-1
151,13626,2175,1123,221,109,0.5658863,4,-1,-1
151,13627,2470,974,177,81,0.41770113,4,-1,-1
152,13627,2433,973,172,77,0.508026,4,-1,-1
152,13626,2231,1133,224,105,0.46489406,4,-1,-1
153,13626,2278,1146,228,113,0.49951518,4,-1,-1
153,13627,2397,969,166,78,0.48345408,4,-1,-1
154,13627,2368,966,170,82,0.5586774,4,-1,-1
154,13626,2334,1160,235,112,0.536667,4,-1,-1
154,13628,1012,929,166,125,0.3601653,4,-1,-1
155,13626,2392,1166,245,121,0.44369483,4,-1,-1
155,13628,1033,937,173,129,0.38330823,4,-1,-1
155,13627,2333,963,160,79,0.3534075,4,-1,-1
156,13628,1071,944,170,124,0.5894967,4,-1,-1
156,13626,2442,1185,234,113,0.44276342,4,-1,-1
156,13627,2293,954,159,75,0.35941508,4,-1,-1
157,13628,1102,950,182,129,0.57282746,4,-1,-1
157,13626,2509,1192,183,113,0.40315014,4,-1,-1
158,13628,1133,958,178,130,0.59299904,4,-1,-1
158,13626,2563,1199,128,130,0.3931065,4,-1,-1
159,13628,1168,963,183,133,0.6060459,4,-1,-1
160,13628,1192,971,189,133,0.3442529,4,-1,-1
160,13629,1012,1256,68,65,0.540871,1,-1,-1
160,13630,1493,1010,176,97,0.32595196,4,-1,-1
161,13628,1233,982,186,135,0.6039306,4,-1,-1
161,13630,1529,1017,183,107,0.5682836,4,-1,-1
161,13629,1013,1254,69,64,0.369368,1,-1,-1
162,13628,1269,986,196,141,0.643481,4,-1,-1
162,13630,1556,1026,190,103,0.5757928,4,-1,-1
162,13629,1017,1253,67,66,0.46984726,1,-1,-1
163,13630,1599,1039,184,101,0.5469368,4,-1,-1
163,13631,1308,997,200,139,0.5096699,6,-1,-1
164,13630,1637,1044,188,103,0.59434587,4,-1,-1
164,13631,1339,1003,202,145,0.38621178,6,-1,-1
164,13632,2030,914,161,76,0.4377141,4,-1,-1
165,13630,1680,1055,185,106,0.49491638,4,-1,-1
165,13631,1378,1015,207,145,0.4367296,6,-1,-1
165,13632,2000,907,151,76,0.32964167,4,-1,-1
166,13630,1716,1062,195,109,0.6678064,4,-1,-1
166,13631,1419,1024,206,145,0.5175941,6,-1,-1
166,13632,1972,903,150,74,0.36346033,4,-1,-1
166,13633,1419,1024,206,145,0.353456,4,-1,-1
167,13630,1759,1073,198,111,0.6550918,4,-1,-1
167,13631,1457,1038,215,145,0.5094859,6,-1,-1
167,13632,1939,902,146,72,0.33627298,4,-1,-1
168,13630,1797,1082,203,108,0.70853686,4,-1,-1
168,13632,1908,897,151,68,0.4659425,4,-1,-1
168,13631,1497,1043,216,149,0.3715969,6,-1,-1
169,13630,1841,1085,207,116,0.41822517,4,-1,-1
169,13632,1878,886,143,77,0.312615,4,-1,-1
170,13630,1886,1096,205,115,0.5903819,4,-1,-1
170,13634,1576,1062,229,155,0.50088084,6,-1,-1
171,13630,1925,1102,215,117,0.4019823,4,-1,-1
171,13634,1619,1078,233,150,0.3217511,6,-1,-1
172,13634,1675,1082,233,155,0.48541027,6,-1,-1
173,13635,1768,873,127,67,0.32879654,4,-1,-1
174,13636,1763,1100,244,161,0.5430854,6,-1,-1
174,13637,1060,1257,70,63,0.48685247,1,-1,-1
175,13636,1818,1109,246,168,0.5924847,6,-1,-1
175,13638,2119,1140,235,123,0.38673162,4,-1,-1
176,13636,1867,1119,247,162,0.6392961,6,-1,-1
176,13638,2167,1142,240,132,0.3800952,4,-1,-1
177,13636,1918,1126,254,164,0.5479404,6,-1,-1
177,13638,2223,1157,240,130,0.41656455,4,-1,-1
177,13639,2223,1157,240,130,0.34339392,5,-1,-1
178,13636,1969,1138,253,165,0.52530915,6,-1,-1
178,13640,1058,1251,78,65,0.35685822,1,-1,-1
180,13641,2074,1158,256,169,0.3182775,6,-1,-1
180,13642,2683,946,15,115,0.31428704,4,-1,-1
180,13643,1576,831,105,63,0.3043356,4,-1,-1
181,13641,2128,1162,265,167,0.35918975,6,-1,-1
181,13644,2641,921,54,128,0.30633196,6,-1,-1
183,13645,2231,1166,279,180,0.3416934,6,-1,-1
184,13645,2283,1167,290,181,0.4631054,6,-1,-1
185,13645,2328,1165,302,190,0.6649693,6,-1,-1
186,13645,2397,1182,287,179,0.52110416,6,-1,-1
187,13645,2465,1187,227,198,0.5223245,6,-1,-1
209,13646,1305,924,170,92,0.5239765,4,-1,-1
209,13647,1039,903,143,89,0.49443653,4,-1,-1
209,13648,1863,786,212,109,0.49184456,6,-1,-1
209,13649,6,586,171,80,0.4309166,4,-1,-1
210,13648,1841,784,208,109,0.64444345,6,-1,-1
210,13647,1064,910,147,96,0.5416984,4,-1,-1
210,13646,1346,935,166,94,0.5347732,4,-1,-1
210,13649,-2,598,155,141,0.31506053,4,-1,-1
211,13648,1813,782,222,108,0.6919624,6,-1,-1
211,13646,1383,942,173,90,0.5609667,4,-1,-1
211,13647,1095,918,153,92,0.55723965,4,-1,-1
212,13647,1125,924,153,96,0.70025164,4,-1,-1
212,13648,1793,779,216,109,0.6201011,6,-1,-1
212,13646,1416,953,175,95,0.49124405,4,-1,-1
213,13646,1452,961,182,94,0.67164665,4,-1,-1
213,13647,1158,934,157,94,0.60033524,4,-1,-1
213,13648,1765,775,224,113,0.5663434,6,-1,-1
213,13650,2684,877,14,96,0.3924961,4,-1,-1
214,13647,1188,940,162,94,0.70692617,4,-1,-1
214,13646,1490,968,193,94,0.6121843,4,-1,-1
214,13650,2650,882,39,89,0.462869,4,-1,-1
214,13648,1745,766,221,115,0.4045233,6,-1,-1
214,13651,1061,1182,63,76,0.31822085,1,-1,-1
215,13647,1222,946,163,93,0.71355265,4,-1,-1
215,13646,1530,976,195,97,0.5990768,4,-1,-1
215,13650,2612,879,73,85,0.48739222,4,-1,-1
215,13651,1060,1182,64,75,0.41614598,1,-1,-1
215,13648,1711,765,216,110,0.3405757,6,-1,-1
216,13646,1569,984,201,96,0.74395466,4,-1,-1
216,13647,1257,956,169,92,0.60689306,4,-1,-1
216,13650,2591,878,101,82,0.58563995,4,-1,-1
216,13651,1058,1181,65,76,0.44124687,1,-1,-1
216,13648,1686,763,225,109,0.3956347,6,-1,-1
217,13647,1294,961,165,97,0.6952709,4,-1,-1
217,13646,1614,993,200,102,0.6842266,4,-1,-1
217,13650,2554,876,146,82,0.5031061,4,-1,-1
217,13648,1667,757,222,114,0.49029648,6,-1,-1
217,13651,1057,1181,61,74,0.40355596,1,-1,-1
218,13647,1329,972,171,100,0.6281731,4,-1,-1
218,13646,1655,1004,209,103,0.6063291,4,-1,-1
218,13650,2535,868,166,84,0.44649473,4,-1,-1
218,13648,1649,747,211,114,0.3490711,6,-1,-1
219,13647,1364,979,176,99,0.77652574,4,-1,-1
219,13650,2497,869,182,76,0.5302554,4,-1,-1
219,13646,1703,1016,217,101,0.3542632,4,-1,-1
219,13652,1056,1184,65,69,0.3395397,1,-1,-1
220,13646,1748,1022,217,109,0.7591003,4,-1,-1
220,13650,2474,866,182,77,0.648589,4,-1,-1
220,13647,1401,986,180,101,0.64029306,4,-1,-1
220,13652,1055,1182,65,73,0.43011743,1,-1,-1
221,13646,1795,1035,215,106,0.73825085,4,-1,-1
221,13650,2448,863,181,74,0.70934397,4,-1,-1
221,13647,1436,998,179,100,0.6318132,4,-1,-1
221,13652,1057,1183,63,71,0.5424755,1,-1,-1
221,13653,1583,746,202,107,0.38901442,6,-1,-1
222,13646,1847,1046,223,103,0.6426704,4,-1,-1
222,13647,1476,1007,184,103,0.593416,4,-1,-1
222,13652,1057,1185,64,69,0.5880152,1,-1,-1
222,13650,2427,859,175,77,0.56837595,4,-1,-1
223,13646,1888,1054,231,113,0.73560023,4,-1,-1
223,13647,1515,1017,190,106,0.678808,4,-1,-1
223,13652,1055,1183,64,71,0.56624633,1,-1,-1
223,13650,2393,853,174,74,0.38984165,4,-1,-1
223,13654,2688,994,10,118,0.36714146,4,-1,-1
224,13646,1937,1068,230,107,0.7286242,4,-1,-1
224,13647,1560,1026,188,106,0.62140644,4,-1,-1
224,13650,2365,852,174,70,0.6147262,4,-1,-1
224,13652,1056,1183,62,69,0.52805406,1,-1,-1
224,13655,2637,1024,60,99,0.5676164,4,-1,-1
225,13646,1993,1080,233,112,0.77551466,4,-1,-1
225,13647,1600,1039,191,105,0.6584606,4,-1,-1
225,13650,2339,848,179,70,0.63810337,4,-1,-1
225,13652,1055,1182,62,68,0.48859912,1,-1,-1
225,13655,2588,1008,108,97,0.4507175,4,-1,-1
226,13647,1649,1048,195,106,0.69964343,4,-1,-1
226,13655,2543,1005,153,103,0.6892845,4,-1,-1
226,13646,2045,1091,235,118,0.6415253,4,-1,-1
226,13650,2309,846,171,69,0.6029368,4,-1,-1
226,13652,1055,1182,62,68,0.44736752,1,-1,-1
227,13646,2096,1100,250,119,0.80244887,4,-1,-1
227,13647,1692,1059,200,109,0.80027467,4,-1,-1
227,13655,2498,1000,197,105,0.7045146,4,-1,-1
227,13650,2279,840,178,71,0.6109992,4,-1,-1
228,13646,2152,1113,252,122,0.7541322,4,-1,-1
228,13647,1739,1073,202,110,0.6516776,4,-1,-1
228,13655,2447,992,224,103,0.62824446,4,-1,-1
228,13650,2257,837,169,72,0.4863027,4,-1,-1
229,13647,1790,1082,209,110,0.7163398,4,-1,-1
229,13655,2404,984,216,97,0.68486005,4,-1,-1
229,13646,2204,1125,258,120,0.6397235,4,-1,-1
229,13650,2218,833,180,71,0.5031973,4,-1,-1
230,13646,2262,1139,267,126,0.72667897,4,-1,-1
230,13647,1838,1094,208,111,0.72204024,4,-1,-1
230,13655,2354,974,211,100,0.60459036,4,-1,-1
230,13650,2194,833,175,69,0.60255086,4,-1,-1
231,13646,2324,1153,269,129,0.7203803,4,-1,-1
231,13647,1887,1104,211,112,0.7016595,4,-1,-1
231,13655,2313,967,206,96,0.6094202,4,-1,-1
231,13650,2172,828,169,65,0.5657251,4,-1,-1
232,13647,1938,1120,214,109,0.739511,4,-1,-1
232,13646,2386,1169,272,130,0.60445225,4,-1,-1
232,13650,2141,822,167,67,0.57980883,4,-1,-1
232,13655,2269,959,203,91,0.51825094,4,-1,-1
232,13656,2644,904,51,85,0.45471856,4,-1,-1
233,13647,1991,1127,211,115,0.7137397,4,-1,-1
233,13655,2228,949,195,90,0.54255676,4,-1,-1
233,13646,2453,1187,248,117,0.5359799,4,-1,-1
233,13650,2121,815,152,65,0.5083441,4,-1,-1
233,13656,2607,907,88,73,0.44641787,4,-1,-1
234,13647,2042,1142,224,115,0.6921901,4,-1,-1
234,13646,2515,1195,184,130,0.5486959,4,-1,-1
234,13656,2586,903,111,74,0.482504,4,-1,-1
234,13650,2098,812,149,68,0.45169964,4,-1,-1
234,13655,2186,944,192,91,0.35242194,4,-1,-1
235,13647,2100,1157,232,117,0.7356563,4,-1,-1
235,13656,2550,900,152,78,0.557404,4,-1,-1
235,13650,2064,807,149,68,0.5382976,4,-1,-1
235,13655,2145,938,193,86,0.48218587,4,-1,-1
235,13646,2586,1204,107,126,0.4202001,4,-1,-1
235,13657,1051,1183,73,68,0.30371016,1,-1,-1
236,13647,2162,1166,231,123,0.60378367,4,-1,-1
236,13656,2511,898,186,82,0.5021037,4,-1,-1
236,13655,2102,930,195,85,0.477641,4,-1,-1
236,13650,2043,802,145,72,0.47749954,4,-1,-1
237,13647,2223,1183,237,121,0.60146725,4,-1,-1
237,13656,2488,894,189,75,0.4657814,4,-1,-1
237,13650,2022,803,137,66,0.43001822,4,-1,-1
237,13655,2066,924,185,86,0.3704491,4,-1,-1
238,13647,2273,1194,246,126,0.60186887,4,-1,-1
238,13656,2463,893,191,72,0.5295352,4,-1,-1
238,13650,1992,803,148,63,0.50111973,4,-1,-1
238,13658,1052,1183,73,61,0.3172646,1,-1,-1
239,13647,2335,1204,247,132,0.5957552,4,-1,-1
239,13656,2440,890,187,72,0.5618533,4,-1,-1
239,13650,1971,797,147,67,0.42867526,4,-1,-1
239,13659,1985,908,186,83,0.42879555,4,-1,-1
240,13647,2407,1223,253,131,0.6462566,4,-1,-1
240,13656,2422,886,180,71,0.5255241,4,-1,-1
240,13650,1936,794,150,63,0.45831954,4,-1,-1
240,13659,1953,902,184,84,0.44118062,4,-1,-1
241,13647,2468,1238,228,134,0.61026156,4,-1,-1
241,13650,1916,792,149,63,0.5600857,4,-1,-1
241,13656,2383,878,182,77,0.53798413,4,-1,-1
241,13659,1914,899,181,79,0.31945404,4,-1,-1
242,13650,1894,787,143,62,0.5728488,4,-1,-1
242,13647,2546,1251,145,146,0.47812307,4,-1,-1
242,13659,1878,889,174,78,0.37083015,4,-1,-1
242,13656,2355,874,187,74,0.35844514,4,-1,-1
243,13650,1874,785,137,59,0.540076,4,-1,-1
243,13656,2323,868,183,77,0.35275042,4,-1,-1
244,13650,1852,781,139,60,0.5291111,4,-1,-1
244,13656,2299,864,181,78,0.33271796,4,-1,-1
245,13656,2274,859,181,77,0.43232572,4,-1,-1
245,13650,1829,774,139,61,0.41350293,4,-1,-1
245,13660,1771,867,168,80,0.42472073,4,-1,-1
246,13650,1804,769,144,66,0.5855435,4,-1,-1
246,13660,1740,862,162,80,0.41035327,4,-1,-1
246,13656,2242,855,173,80,0.39060187,4,-1,-1
247,13650,1786,765,136,65,0.4202293,4,-1,-1
247,13656,2216,849,173,79,0.389796,4,-1,-1
248,13656,2190,845,178,84,0.44931343,4,-1,-1
248,13650,1761,763,141,64,0.35196263,4,-1,-1
248,13661,1677,849,151,79,0.31467485,4,-1,-1
249,13661,1643,846,149,77,0.36690924,4,-1,-1
250,13662,2140,841,164,76,0.52718747,4,-1,-1
251,13662,2115,841,160,71,0.3878749,4,-1,-1
251,13663,1577,832,151,70,0.30284542,4,-1,-1
251,13664,1691,751,135,62,0.30111155,4,-1,-1
252,13663,1551,827,146,74,0.59281796,4,-1,-1
252,13662,2090,839,163,69,0.43981558,4,-1,-1
253,13663,1516,823,145,76,0.42528436,4,-1,-1
253,13662,2058,833,157,70,0.37688723,4,-1,-1
254,13662,2035,833,157,68,0.48157042,4,-1,-1
254,13663,1490,819,140,72,0.3847146,4,-1,-1
254,13665,1039,1186,74,59,0.31467846,1,-1,-1
255,13662,2011,830,158,72,0.51558405,4,-1,-1
256,13662,1989,828,157,72,0.5122363,4,-1,-1
257,13662,1966,829,155,70,0.52386105,4,-1,-1
258,13662,1937,827,152,71,0.5413548,4,-1,-1
259,13662,1920,826,143,70,0.46585587,4,-1,-1
260,13662,1895,823,145,71,0.5676658,4,-1,-1
260,13666,1411,808,52,61,0.4831583,1,-1,-1
261,13666,1386,806,50,56,0.50438035,1,-1,-1
261,13662,1874,821,142,67,0.39302734,4,-1,-1
262,13666,1359,807,53,51,0.3051894,1,-1,-1
