1,16893,170,671,271,131,0.33758506,4,-1,-1
2,16894,4,453,63,79,0.40639117,6,-1,-1
2,16895,199,669,265,116,0.33468607,5,-1,-1
3,16894,1,445,65,81,0.39548013,6,-1,-1
3,16896,1303,497,266,122,0.40398103,6,-1,-1
3,16897,239,659,272,114,0.31049365,4,-1,-1
4,16894,1,443,65,84,0.4918821,6,-1,-1
4,16898,286,655,255,115,0.39468056,5,-1,-1
4,16899,286,655,255,115,0.39044043,6,-1,-1
5,16894,5,454,58,77,0.5403829,6,-1,-1
5,16899,316,653,248,108,0.35625023,6,-1,-1
6,16894,2,445,65,82,0.5116644,6,-1,-1
6,16899,355,648,251,117,0.50135326,6,-1,-1
7,16894,2,443,66,84,0.5137725,6,-1,-1
7,16899,381,637,238,106,0.50636244,6,-1,-1
7,16900,1354,485,248,115,0.38058323,6,-1,-1
8,16899,423,636,241,109,0.54732525,6,-1,-1
8,16894,2,444,64,83,0.50134933,6,-1,-1
9,16899,443,634,247,109,0.5691816,6,-1,-1
9,16894,5,454,58,75,0.50915474,6,-1,-1
10,16899,488,634,236,103,0.5434784,6,-1,-1
10,16894,2,446,62,78,0.5090379,6,-1,-1
11,16899,512,621,236,99,0.56663465,6,-1,-1
11,16894,3,445,60,79,0.49730402,6,-1,-1
12,16899,553,617,224,96,0.5796558,6,-1,-1
12,16894,4,455,58,73,0.52973795,6,-1,-1
13,16899,575,612,228,104,0.59614986,6,-1,-1
13,16894,4,456,58,73,0.5344493,6,-1,-1
14,16899,605,603,216,97,0.5875354,6,-1,-1
14,16894,0,447,63,75,0.49631602,6,-1,-1
15,16899,630,601,211,92,0.564948,6,-1,-1
15,16894,1,447,60,76,0.5176916,6,-1,-1
16,16899,655,601,207,89,0.5703603,6,-1,-1
16,16894,1,446,61,76,0.50374,6,-1,-1
17,16899,695,597,198,92,0.5086624,6,-1,-1
17,16894,2,446,59,76,0.47425607,6,-1,-1
18,16894,2,446,59,77,0.4768466,6,-1,-1
18,16899,721,593,189,96,0.44790116,6,-1,-1
18,16901,718,587,191,90,0.36376706,4,-1,-1
19,16899,745,585,192,89,0.57883966,6,-1,-1
19,16894,2,446,63,76,0.51524955,6,-1,-1
19,16901,745,585,192,89,0.33411846,4,-1,-1
20,16899,784,585,190,88,0.58323467,6,-1,-1
20,16894,2,444,74,79,0.46613032,6,-1,-1
21,16899,837,582,171,87,0.53565556,6,-1,-1
21,16894,8,443,89,79,0.4344819,6,-1,-1
21,16902,8,443,89,79,0.47184885,4,-1,-1
22,16894,16,448,106,67,0.51080585,6,-1,-1
22,16899,863,568,173,88,0.40614596,6,-1,-1
23,16894,42,450,103,62,0.46996415,6,-1,-1
23,16899,928,577,160,87,0.373428,6,-1,-1
23,16903,1221,876,126,85,0.41161507,4,-1,-1
23,16904,42,450,103,62,0.32270053,4,-1,-1
23,16905,928,577,160,87,0.3002765,5,-1,-1
24,16894,68,448,105,65,0.5910302,6,-1,-1
24,16903,1255,876,136,88,0.48878595,4,-1,-1
24,16906,969,565,160,86,0.36568698,4,-1,-1
24,16907,1255,876,136,88,0.3233443,5,-1,-1
25,16894,103,447,97,66,0.5081681,6,-1,-1
25,16903,1299,882,135,85,0.36782977,4,-1,-1
25,16908,2594,1108,59,113,0.42690676,1,-1,-1
25,16909,2485,1043,61,104,0.33735892,1,-1,-1
25,16910,1004,567,142,80,0.32322675,6,-1,-1
25,16911,1020,566,146,81,0.30852357,5,-1,-1
26,16894,131,448,93,62,0.56680983,6,-1,-1
26,16911,1047,559,144,85,0.41211742,5,-1,-1
26,16912,2624,1002,53,97,0.44362667,1,-1,-1
26,16913,131,448,93,62,0.41692615,5,-1,-1
27,16911,1110,562,136,80,0.3990041,5,-1,-1
27,16894,148,448,103,62,0.3900105,6,-1,-1
27,16914,148,448,103,62,0.5047115,4,-1,-1
27,16915,1093,560,137,82,0.33442447,4,-1,-1
28,16894,178,446,95,62,0.5576171,6,-1,-1
28,16911,1129,556,147,87,0.41036695,5,-1,-1
28,16915,1130,554,142,76,0.3026359,4,-1,-1
28,16916,1433,905,133,84,0.388467,5,-1,-1
28,16917,178,446,95,62,0.3076072,5,-1,-1
29,16915,1176,552,136,76,0.43738154,4,-1,-1
29,16894,198,448,100,64,0.39339718,6,-1,-1
29,16917,198,448,100,64,0.37720874,5,-1,-1
29,16916,1474,917,140,84,0.32025993,5,-1,-1
29,16911,1195,560,136,81,0.30592576,5,-1,-1
29,16918,198,448,100,64,0.39675444,4,-1,-1
29,16919,1195,560,136,81,0.3546393,6,-1,-1
29,16920,1474,917,140,84,0.32787865,4,-1,-1
30,16915,1205,549,155,79,0.52836126,4,-1,-1
30,16894,230,446,100,65,0.42509788,6,-1,-1
30,16917,230,446,100,65,0.3813101,5,-1,-1
30,16916,1526,918,146,89,0.30068746,5,-1,-1
30,16921,4,488,9,61,0.37983394,4,-1,-1
31,16894,259,447,96,62,0.54773104,6,-1,-1
31,16915,1259,550,135,78,0.4391866,4,-1,-1
31,16917,259,447,96,62,0.42757833,5,-1,-1
31,16922,1566,927,152,90,0.43744034,4,-1,-1
31,16923,2638,1065,55,110,0.42449784,1,-1,-1
31,16924,1258,561,141,77,0.3440408,6,-1,-1
31,16925,0,505,54,71,0.33470944,4,-1,-1
32,16894,275,445,107,65,0.58448917,6,-1,-1
32,16915,1297,547,141,76,0.43833256,4,-1,-1
32,16922,1612,940,152,92,0.41490036,4,-1,-1
32,16917,275,445,107,65,0.3714727,5,-1,-1
32,16924,1297,547,141,76,0.3202653,6,-1,-1
32,16926,275,445,107,65,0.32581344,4,-1,-1
32,16927,1612,940,152,92,0.30212688,5,-1,-1
33,16894,303,447,101,63,0.5641105,6,-1,-1
33,16915,1325,546,140,81,0.4015146,4,-1,-1
33,16922,1657,947,156,94,0.3544058,4,-1,-1
33,16926,303,447,101,63,0.30091134,4,-1,-1
33,16928,49,406,90,63,0.4319437,4,-1,-1
33,16929,49,519,87,55,0.32895136,4,-1,-1
34,16894,321,442,107,66,0.6079286,6,-1,-1
34,16928,76,408,86,59,0.5113612,4,-1,-1
34,16922,1699,960,159,93,0.4883833,4,-1,-1
34,16929,54,480,51,48,0.4449762,4,-1,-1
34,16915,1369,544,134,78,0.4204118,4,-1,-1
34,16930,1369,544,134,78,0.40638638,6,-1,-1
34,16931,82,520,77,52,0.3064642,4,-1,-1
35,16894,338,443,95,68,0.536801,6,-1,-1
35,16928,96,410,75,57,0.4885784,4,-1,-1
35,16922,1734,964,168,96,0.40947866,4,-1,-1
35,16929,58,482,43,41,0.37568787,4,-1,-1
35,16915,1390,544,135,78,0.3573038,4,-1,-1
35,16930,1390,544,135,78,0.3010125,6,-1,-1
35,16932,96,410,75,57,0.3264385,6,-1,-1
36,16894,339,443,96,68,0.59745896,6,-1,-1
36,16928,96,412,78,58,0.52930653,4,-1,-1
36,16929,50,479,50,44,0.4384731,4,-1,-1
36,16915,1409,540,128,80,0.3987828,4,-1,-1
36,16933,115,530,55,51,0.34904534,4,-1,-1
37,16894,334,442,104,69,0.56075644,6,-1,-1
37,16915,1434,533,123,75,0.3859311,4,-1,-1
37,16929,38,474,60,52,0.33952072,4,-1,-1
37,16928,95,410,79,60,0.3046888,4,-1,-1
37,16934,1796,981,172,98,0.5923121,4,-1,-1
37,16935,1431,538,130,79,0.31298217,6,-1,-1
38,16894,329,445,98,65,0.55888426,6,-1,-1
38,16934,1833,988,173,97,0.52607924,4,-1,-1
38,16928,95,410,77,60,0.37949774,4,-1,-1
38,16935,1452,535,124,70,0.36078206,6,-1,-1
38,16936,3,484,2,63,0.33932504,4,-1,-1
38,16937,1436,810,117,73,0.3116377,4,-1,-1
39,16934,1859,998,179,104,0.6294485,4,-1,-1
39,16894,334,444,103,67,0.53010046,6,-1,-1
39,16937,1454,817,125,73,0.49157733,4,-1,-1
39,16935,1460,534,122,70,0.4077822,6,-1,-1
39,16938,4,472,3,61,0.35653663,4,-1,-1
40,16934,1891,1005,186,102,0.6880761,4,-1,-1
40,16937,1479,823,123,72,0.6265664,4,-1,-1
40,16894,330,447,96,64,0.4840623,6,-1,-1
40,16935,1482,534,121,70,0.41545805,6,-1,-1
40,16939,1482,534,121,70,0.42212778,4,-1,-1
40,16940,3,477,14,52,0.32128632,4,-1,-1
41,16934,1928,1012,192,109,0.54750365,4,-1,-1
41,16894,335,445,100,66,0.53219473,6,-1,-1
41,16937,1519,828,121,74,0.46300828,4,-1,-1
41,16939,1499,536,117,66,0.4543666,4,-1,-1
41,16941,2,487,24,60,0.35410252,4,-1,-1
41,16942,92,410,82,60,0.33681667,4,-1,-1
42,16934,1956,1021,194,106,0.6846358,4,-1,-1
42,16937,1531,837,135,75,0.48813182,4,-1,-1
42,16941,3,487,26,61,0.4635295,4,-1,-1
42,16894,330,447,96,65,0.42684132,6,-1,-1
42,16939,1520,529,115,74,0.3045223,4,-1,-1
42,16943,1520,529,115,74,0.4608081,6,-1,-1
42,16944,330,447,96,65,0.367295,4,-1,-1
43,16934,1991,1028,196,106,0.59015447,4,-1,-1
43,16937,1550,838,140,79,0.57183194,4,-1,-1
43,16941,2,469,54,64,0.57140595,4,-1,-1
43,16894,339,447,94,66,0.521069,6,-1,-1
43,16943,1520,528,126,73,0.4918909,6,-1,-1
43,16939,1520,528,126,73,0.3034797,4,-1,-1
44,16934,2028,1039,201,107,0.66806316,4,-1,-1
44,16937,1580,843,135,83,0.6419873,4,-1,-1
44,16943,1542,523,118,80,0.588679,6,-1,-1
44,16941,0,480,59,70,0.585715,4,-1,-1
44,16894,339,445,93,67,0.5483859,6,-1,-1
45,16941,1,480,57,74,0.5682304,4,-1,-1
45,16934,2062,1047,201,107,0.56172013,4,-1,-1
45,16937,1614,855,138,81,0.47741127,4,-1,-1
45,16894,330,443,97,72,0.44275802,6,-1,-1
45,16943,1563,522,116,74,0.31497747,6,-1,-1
45,16945,1563,522,116,74,0.50238335,4,-1,-1
45,16946,330,443,97,72,0.37062088,5,-1,-1
46,16934,2098,1056,210,113,0.68467766,4,-1,-1
46,16937,1635,859,143,81,0.6383948,4,-1,-1
46,16941,2,479,61,77,0.5655462,4,-1,-1
46,16946,324,445,105,70,0.5599103,5,-1,-1
46,16945,1569,526,116,70,0.3690401,4,-1,-1
46,16943,1569,526,116,70,0.33111504,6,-1,-1
46,16947,1569,526,116,70,0.35776636,5,-1,-1
47,16937,1665,868,139,80,0.61345434,4,-1,-1
47,16934,2136,1069,214,121,0.569746,4,-1,-1
47,16941,4,489,64,69,0.5265859,4,-1,-1
47,16943,1587,521,114,73,0.46860078,6,-1,-1
47,16946,322,448,104,65,0.40503109,5,-1,-1
47,16947,1595,516,103,65,0.3802533,5,-1,-1
47,16948,322,448,104,65,0.34515005,4,-1,-1
48,16934,2173,1075,222,123,0.75241137,4,-1,-1
48,16937,1698,877,144,80,0.5604441,4,-1,-1
48,16948,322,445,103,69,0.48516148,4,-1,-1
48,16941,8,496,75,64,0.46809673,4,-1,-1
48,16946,322,445,103,69,0.4084367,5,-1,-1
48,16943,1593,524,115,70,0.32260853,6,-1,-1
48,16949,1599,517,106,65,0.38109526,4,-1,-1
49,16937,1721,880,153,84,0.7023692,4,-1,-1
49,16934,2212,1082,229,124,0.6626144,4,-1,-1
49,16948,323,445,100,69,0.6426452,4,-1,-1
49,16943,1608,526,118,66,0.41498852,6,-1,-1
49,16946,323,445,100,69,0.33858323,5,-1,-1
49,16941,17,504,69,61,0.33774418,4,-1,-1
49,16949,1608,526,118,66,0.32248807,4,-1,-1
49,16950,3,443,11,71,0.471178,4,-1,-1
49,16951,221,554,135,61,0.46152896,4,-1,-1
49,16952,1614,518,105,62,0.3171164,5,-1,-1
50,16934,2254,1096,231,127,0.72311944,4,-1,-1
50,16948,322,446,101,69,0.68679863,4,-1,-1
50,16937,1758,888,150,85,0.64417905,4,-1,-1
50,16951,227,557,153,64,0.5092382,4,-1,-1
50,16941,22,505,69,60,0.47243473,4,-1,-1
50,16950,3,441,8,74,0.43339545,4,-1,-1
50,16949,1631,523,114,68,0.3831058,4,-1,-1
50,16943,1631,523,114,68,0.37387526,6,-1,-1
50,16952,1635,518,104,63,0.36725873,5,-1,-1
51,16934,2296,1110,234,126,0.66214275,4,-1,-1
51,16937,1787,896,153,86,0.59275395,4,-1,-1
51,16948,323,447,98,68,0.5636599,4,-1,-1
51,16941,29,505,75,64,0.41981435,4,-1,-1
51,16949,1638,523,105,64,0.3842522,4,-1,-1
51,16950,3,440,5,78,0.38035473,4,-1,-1
51,16952,1638,523,105,64,0.31293437,5,-1,-1
51,16951,240,559,130,61,0.30741543,4,-1,-1
51,16953,323,447,98,68,0.4499156,6,-1,-1
51,16954,323,447,98,68,0.31225628,5,-1,-1
52,16937,1824,904,153,87,0.6957377,4,-1,-1
52,16934,2338,1118,238,124,0.60690844,4,-1,-1
52,16948,324,448,95,67,0.52785987,4,-1,-1
52,16941,32,507,76,66,0.52311903,4,-1,-1
52,16952,1654,518,102,62,0.50281256,5,-1,-1
52,16953,324,448,95,67,0.4636566,6,-1,-1
53,16934,2389,1127,245,137,0.62017715,4,-1,-1
53,16948,324,448,96,68,0.59429264,4,-1,-1
53,16941,42,507,74,65,0.5704897,4,-1,-1
53,16937,1859,910,156,86,0.46451655,4,-1,-1
53,16952,1676,517,96,62,0.4110462,5,-1,-1
53,16955,324,448,96,68,0.34829095,5,-1,-1
53,16956,230,561,107,61,0.33561987,4,-1,-1
54,16934,2429,1133,254,142,0.7479103,4,-1,-1
54,16937,1884,919,163,89,0.68588394,4,-1,-1
54,16952,1680,511,105,70,0.54961914,5,-1,-1
54,16948,322,447,100,70,0.5405281,4,-1,-1
54,16941,49,507,78,68,0.4470549,4,-1,-1
54,16957,322,447,100,70,0.41258153,6,-1,-1
55,16937,1925,925,158,92,0.6474419,4,-1,-1
55,16934,2476,1151,218,134,0.64374256,4,-1,-1
55,16948,321,446,99,71,0.57076293,4,-1,-1
55,16941,54,514,76,64,0.49735016,4,-1,-1
55,16952,1698,507,101,73,0.47063777,5,-1,-1
55,16958,252,569,75,63,0.34065387,4,-1,-1
56,16937,1959,935,170,93,0.53856957,4,-1,-1
56,16941,60,515,75,64,0.5193042,4,-1,-1
56,16934,2525,1163,166,149,0.5066552,4,-1,-1
56,16948,318,445,102,70,0.47377566,4,-1,-1
56,16952,1710,510,97,69,0.42064294,5,-1,-1
56,16958,252,568,76,65,0.30490535,4,-1,-1
56,16959,318,445,102,70,0.4029563,6,-1,-1
56,16960,318,445,102,70,0.32557935,5,-1,-1
57,16937,1993,943,167,94,0.5939603,4,-1,-1
57,16952,1722,506,101,68,0.5373589,5,-1,-1
57,16948,317,446,102,69,0.4862075,4,-1,-1
57,16941,68,517,81,64,0.43824497,4,-1,-1
57,16934,2568,1167,123,152,0.3920968,4,-1,-1
57,16960,317,446,102,69,0.35932922,5,-1,-1
58,16948,316,443,103,72,0.59568095,4,-1,-1
58,16941,72,517,82,66,0.52782106,4,-1,-1
58,16937,2034,954,168,95,0.5277857,4,-1,-1
58,16952,1729,506,96,67,0.4122503,5,-1,-1
58,16960,316,443,103,72,0.40582362,5,-1,-1
58,16961,279,571,153,72,0.45859766,4,-1,-1
58,16962,1729,506,96,67,0.3472225,4,-1,-1
58,16963,1745,510,92,66,0.33723018,6,-1,-1
58,16964,74,412,87,59,0.33714762,4,-1,-1
59,16937,2065,960,181,97,0.74389106,4,-1,-1
59,16948,315,443,104,73,0.5800619,4,-1,-1
59,16961,287,568,172,78,0.55776393,4,-1,-1
59,16941,80,524,80,63,0.51830477,4,-1,-1
59,16960,315,443,104,73,0.40241987,5,-1,-1
59,16952,1745,506,95,64,0.38459012,5,-1,-1
59,16962,1745,506,95,64,0.37066242,4,-1,-1
59,16964,73,413,86,59,0.31860122,4,-1,-1
60,16948,315,443,106,74,0.68361866,4,-1,-1
60,16937,2105,965,187,99,0.67491055,4,-1,-1
60,16962,1752,508,93,61,0.5681471,4,-1,-1
60,16941,85,525,77,64,0.4666512,4,-1,-1
60,16960,315,443,106,74,0.31301686,5,-1,-1
61,16937,2145,975,186,102,0.693264,4,-1,-1
61,16948,316,445,104,72,0.60111666,4,-1,-1
61,16962,1765,506,97,65,0.5846714,4,-1,-1
61,16941,94,524,79,70,0.55730706,4,-1,-1
61,16960,316,445,104,72,0.38284323,5,-1,-1
61,16965,293,572,169,81,0.4249084,4,-1,-1
62,16937,2183,986,194,99,0.70819294,4,-1,-1
62,16941,102,526,78,67,0.56971943,4,-1,-1
62,16948,317,447,102,69,0.5331765,4,-1,-1
62,16960,317,447,102,69,0.49831507,5,-1,-1
62,16962,1771,498,99,59,0.4265699,4,-1,-1
63,16960,318,445,104,71,0.63824713,5,-1,-1
63,16937,2226,994,196,100,0.6380435,4,-1,-1
63,16941,106,527,77,65,0.5118708,4,-1,-1
63,16962,1794,503,89,65,0.44021535,4,-1,-1
63,16966,70,409,91,59,0.3784483,4,-1,-1
64,16937,2264,1000,207,107,0.77229047,4,-1,-1
64,16960,316,437,106,76,0.6685975,5,-1,-1
64,16941,112,525,85,71,0.6046721,4,-1,-1
64,16962,1796,494,95,68,0.36509693,4,-1,-1
64,16966,74,409,85,60,0.32461435,4,-1,-1
64,16967,1796,494,95,68,0.3521525,5,-1,-1
65,16937,2309,1009,210,114,0.62079006,4,-1,-1
65,16941,121,529,82,67,0.60949194,4,-1,-1
65,16960,314,436,106,74,0.41901135,5,-1,-1
65,16966,71,406,83,61,0.40012118,4,-1,-1
65,16967,1811,493,90,68,0.39307898,5,-1,-1
65,16962,1811,493,90,68,0.3879786,4,-1,-1
65,16968,314,436,106,74,0.5070571,6,-1,-1
65,16969,1859,447,81,63,0.40146115,5,-1,-1
66,16937,2354,1019,212,112,0.6304581,4,-1,-1
66,16960,314,436,104,76,0.56854355,5,-1,-1
66,16941,124,531,83,68,0.5187532,4,-1,-1
66,16966,66,406,89,60,0.44943205,4,-1,-1
67,16937,2408,1034,210,112,0.6914067,4,-1,-1
67,16941,131,532,88,71,0.5799908,4,-1,-1
67,16960,313,438,106,74,0.49826097,5,-1,-1
67,16966,66,405,89,61,0.37117395,4,-1,-1
67,16970,313,438,106,74,0.3953132,6,-1,-1
67,16971,1830,488,102,77,0.3558771,4,-1,-1
67,16972,1847,443,92,79,0.33283406,5,-1,-1
67,16973,1830,488,102,77,0.3013057,5,-1,-1
68,16937,2450,1043,219,109,0.7244978,4,-1,-1
68,16941,138,536,85,70,0.5248593,4,-1,-1
68,16960,313,439,105,74,0.41533023,5,-1,-1
68,16974,313,439,105,74,0.55835134,4,-1,-1
68,16975,330,514,74,63,0.4406172,4,-1,-1
68,16976,68,403,87,64,0.33605188,6,-1,-1
69,16937,2507,1058,191,113,0.70877963,4,-1,-1
69,16960,313,439,103,73,0.5094282,5,-1,-1
69,16941,146,541,82,71,0.48929662,4,-1,-1
69,16974,313,439,103,73,0.365445,4,-1,-1
69,16977,69,405,83,62,0.3047566,4,-1,-1
70,16941,150,542,88,74,0.5031214,4,-1,-1
70,16937,2557,1069,137,106,0.49539635,4,-1,-1
70,16960,313,437,103,76,0.42976964,5,-1,-1
70,16978,65,405,90,60,0.46002737,6,-1,-1
70,16979,313,437,103,76,0.40481082,6,-1,-1
71,16941,155,542,88,75,0.6063604,4,-1,-1
71,16937,2610,1080,80,116,0.51094705,4,-1,-1
71,16979,312,438,102,76,0.34139058,6,-1,-1
71,16960,312,438,102,76,0.33011547,5,-1,-1
71,16980,307,439,100,75,0.49435183,4,-1,-1
71,16981,68,407,83,61,0.42455932,4,-1,-1
71,16982,1840,454,91,60,0.3851102,5,-1,-1
71,16983,1876,491,97,68,0.34528393,5,-1,-1
72,16941,160,545,88,77,0.6292587,4,-1,-1
72,16981,71,410,82,60,0.51291597,4,-1,-1
72,16980,304,443,103,72,0.44416356,4,-1,-1
72,16960,304,443,103,72,0.38355753,5,-1,-1
72,16979,304,443,103,72,0.35393998,6,-1,-1
73,16941,167,549,82,73,0.56420904,4,-1,-1
73,16960,307,440,99,74,0.38860264,5,-1,-1
73,16979,314,441,99,74,0.35987103,6,-1,-1
73,16981,68,410,83,61,0.3294428,4,-1,-1
74,16960,299,441,107,73,0.55908024,5,-1,-1
74,16941,174,552,84,75,0.5456237,4,-1,-1
74,16979,299,441,107,73,0.35707733,6,-1,-1
74,16981,64,410,90,61,0.3538379,4,-1,-1
74,16984,1827,451,100,67,0.35367787,4,-1,-1
75,16941,181,554,84,74,0.61408746,4,-1,-1
75,16960,304,442,103,73,0.5543702,5,-1,-1
75,16984,1827,450,97,69,0.40554065,4,-1,-1
75,16981,65,410,91,61,0.38011095,4,-1,-1
75,16985,1913,489,93,66,0.37299186,4,-1,-1
75,16986,304,442,103,73,0.32891676,4,-1,-1
75,16987,1827,450,97,69,0.30560008,5,-1,-1
76,16941,182,561,86,74,0.5766889,4,-1,-1
76,16960,303,440,101,74,0.49813437,5,-1,-1
76,16987,1827,450,91,67,0.39113748,5,-1,-1
76,16986,303,440,101,74,0.38887337,4,-1,-1
76,16988,303,440,101,74,0.3565974,6,-1,-1
76,16989,237,508,69,61,0.34121716,4,-1,-1
77,16960,299,440,104,74,0.6346014,5,-1,-1
77,16941,185,563,86,77,0.49604797,4,-1,-1
77,16986,299,440,104,74,0.33202204,4,-1,-1
77,16990,1829,452,91,66,0.35875335,4,-1,-1
77,16991,54,411,90,60,0.33622345,4,-1,-1
78,16986,297,444,107,69,0.6029842,4,-1,-1
78,16941,186,565,87,74,0.4611713,4,-1,-1
78,16990,1817,460,92,63,0.40538228,4,-1,-1
78,16960,297,444,107,69,0.32585576,5,-1,-1
78,16991,53,410,88,61,0.30007976,4,-1,-1
78,16992,1943,489,88,63,0.3965794,4,-1,-1
78,16993,297,444,107,69,0.35448074,6,-1,-1
79,16941,195,567,90,76,0.5370275,4,-1,-1
79,16986,296,446,104,68,0.49971846,4,-1,-1
79,16990,1812,462,96,62,0.45598993,4,-1,-1
79,16993,296,446,104,68,0.44193467,6,-1,-1
80,16941,200,574,87,71,0.630248,4,-1,-1
80,16986,294,443,103,72,0.57119244,4,-1,-1
80,16990,1807,459,103,69,0.5543668,4,-1,-1
80,16993,294,443,103,72,0.40898082,6,-1,-1
81,16993,284,445,101,70,0.51792353,6,-1,-1
81,16941,200,577,89,72,0.4403111,4,-1,-1
81,16990,1793,459,103,71,0.4365256,4,-1,-1
81,16986,284,445,101,70,0.30187938,4,-1,-1
82,16993,275,444,102,70,0.6115106,6,-1,-1
82,16990,1782,459,110,73,0.55130327,4,-1,-1
82,16941,198,579,91,82,0.44113675,4,-1,-1
82,16986,275,444,102,70,0.3365373,4,-1,-1
82,16994,166,496,63,60,0.36167586,4,-1,-1
82,16995,1782,459,110,73,0.31382677,5,-1,-1
83,16993,253,442,106,75,0.6277061,6,-1,-1
83,16990,1766,459,108,73,0.6243463,4,-1,-1
83,16941,183,585,86,77,0.5845226,4,-1,-1
83,16994,133,498,64,57,0.39277944,4,-1,-1
83,16986,253,442,106,75,0.3308517,4,-1,-1
83,16996,10,408,85,61,0.43993765,6,-1,-1
83,16997,253,442,106,75,0.324694,5,-1,-1
83,16998,1277,1141,64,65,0.30573377,1,-1,-1
84,16993,229,446,108,73,0.6541873,6,-1,-1
84,16990,1742,462,111,69,0.62415886,4,-1,-1
84,16996,3,407,62,68,0.5705675,6,-1,-1
84,16941,162,588,92,81,0.5253392,4,-1,-1
85,16990,1722,463,106,76,0.64444023,4,-1,-1
85,16993,206,449,107,73,0.52437675,6,-1,-1
85,16941,142,596,87,78,0.45848256,4,-1,-1
85,16996,0,405,32,72,0.32384434,6,-1,-1
85,16999,66,501,65,53,0.40635318,4,-1,-1
85,17000,1722,463,106,76,0.35395226,5,-1,-1
85,17001,146,431,63,56,0.3524876,4,-1,-1
86,16993,174,459,103,68,0.6062064,6,-1,-1
86,17000,1699,462,106,81,0.54512775,5,-1,-1
86,16941,124,605,101,81,0.53737164,4,-1,-1
86,16999,26,511,61,61,0.35947463,4,-1,-1
86,17002,124,426,59,61,0.37407714,6,-1,-1
86,17003,1212,1163,67,71,0.35930172,1,-1,-1
87,16993,148,460,107,74,0.63063395,6,-1,-1
87,16941,105,611,97,78,0.6102639,4,-1,-1
87,16999,0,509,54,56,0.45297942,4,-1,-1
87,17000,1676,465,108,78,0.37917957,5,-1,-1
87,17004,1676,465,108,78,0.36842233,4,-1,-1
88,16941,92,614,96,80,0.5279609,4,-1,-1
88,16993,125,459,111,76,0.50098324,6,-1,-1
88,16999,1,504,5,67,0.36950943,4,-1,-1
88,17000,1654,466,111,74,0.35695955,5,-1,-1
88,17004,1654,466,111,74,0.3188152,4,-1,-1
88,17005,125,459,111,76,0.5747418,4,-1,-1
88,17006,68,444,66,57,0.4848753,4,-1,-1
89,16993,110,459,111,74,0.59878105,6,-1,-1
89,16941,84,623,100,78,0.43924317,4,-1,-1
90,16993,112,459,105,77,0.64298606,6,-1,-1
90,16941,85,625,110,83,0.47738948,4,-1,-1
91,16993,106,459,111,74,0.68027234,6,-1,-1
91,17007,1625,494,85,61,0.33614108,4,-1,-1
91,17008,49,446,62,52,0.30288818,4,-1,-1
92,16993,108,459,108,76,0.6911284,6,-1,-1
92,17007,1614,494,73,58,0.32096794,4,-1,-1
92,17009,1655,467,78,75,0.33527926,5,-1,-1
93,16993,107,460,108,76,0.6640912,6,-1,-1
93,17009,1640,468,93,75,0.37763646,5,-1,-1
93,17010,109,632,107,67,0.3558883,4,-1,-1
94,16993,104,459,108,76,0.70244074,6,-1,-1
94,17010,129,633,96,63,0.433715,4,-1,-1
94,17011,43,444,70,54,0.40530136,4,-1,-1
95,16993,105,458,107,75,0.71363413,6,-1,-1
95,17011,46,450,55,48,0.4015617,4,-1,-1
96,16993,103,459,107,75,0.7002661,6,-1,-1
97,16993,106,460,103,76,0.67515916,6,-1,-1
98,16993,103,462,105,74,0.6077105,6,-1,-1
98,17012,1596,477,100,79,0.30100176,5,-1,-1
99,16993,100,462,105,73,0.56335825,6,-1,-1
99,17013,1592,476,107,80,0.30571115,6,-1,-1
100,16993,99,462,107,72,0.587,6,-1,-1
100,17014,1572,478,112,80,0.35980693,5,-1,-1
101,16993,102,460,102,75,0.60104656,6,-1,-1
101,17014,1607,487,80,67,0.30117232,5,-1,-1
102,16993,101,458,100,78,0.56649715,6,-1,-1
103,16993,101,460,100,76,0.55002517,6,-1,-1
103,17015,1545,490,75,69,0.3683534,4,-1,-1
104,16993,100,460,102,77,0.5521701,6,-1,-1
104,17016,1558,488,88,73,0.35585347,5,-1,-1
105,16993,95,460,99,73,0.5726299,6,-1,-1
106,16993,94,459,98,75,0.5719216,6,-1,-1
107,16993,93,460,99,74,0.52084535,6,-1,-1
107,17017,1529,486,109,77,0.35010695,5,-1,-1
107,17018,93,460,99,74,0.33634967,5,-1,-1
107,17019,1514,502,101,67,0.32218978,4,-1,-1
108,16993,92,460,101,75,0.54105425,6,-1,-1
108,17019,1510,505,99,66,0.4417619,4,-1,-1
108,17018,92,460,101,75,0.3038635,5,-1,-1
109,16993,91,460,100,74,0.5461236,6,-1,-1
109,17019,1506,501,112,72,0.4284412,4,-1,-1
109,17018,91,460,100,74,0.35078073,5,-1,-1
109,17020,1528,484,106,79,0.3052883,5,-1,-1
110,16993,91,460,101,76,0.6269244,6,-1,-1
110,17020,1537,484,89,78,0.41252273,5,-1,-1
111,16993,89,459,105,76,0.6389927,6,-1,-1
111,17020,1542,486,78,76,0.39672443,5,-1,-1
112,16993,87,459,106,74,0.6457823,6,-1,-1
113,16993,88,460,104,72,0.67646724,6,-1,-1
114,16993,90,460,100,72,0.6636255,6,-1,-1
114,17021,1465,506,113,71,0.53010774,4,-1,-1
115,16993,90,459,98,73,0.64704657,6,-1,-1
115,17021,1459,496,125,78,0.40197095,4,-1,-1
115,17022,1141,1229,76,70,0.34641454,1,-1,-1
115,17023,1472,483,123,79,0.34184042,5,-1,-1
116,16993,89,459,99,74,0.5490055,6,-1,-1
116,17021,1461,512,116,65,0.49571908,4,-1,-1
116,17024,89,459,99,74,0.33451086,5,-1,-1
117,16993,89,460,100,74,0.57518387,6,-1,-1
117,17025,1456,480,122,83,0.3107042,5,-1,-1
118,16993,86,460,98,73,0.5902527,6,-1,-1
118,17026,1427,512,97,66,0.3052328,4,-1,-1
119,16993,71,461,100,73,0.52949995,6,-1,-1
119,17026,1436,497,117,77,0.41929045,4,-1,-1
120,16993,49,460,98,71,0.5271149,6,-1,-1
120,17026,1377,508,82,70,0.36979973,4,-1,-1
120,17027,1103,1231,73,96,0.30616644,1,-1,-1
120,17028,1424,503,109,74,0.30486104,4,-1,-1
121,16993,17,458,106,79,0.6174108,6,-1,-1
121,17027,1078,1238,76,81,0.499872,1,-1,-1
121,17028,1368,493,135,85,0.34328094,4,-1,-1
122,16993,6,454,94,85,0.31250015,6,-1,-1
122,17029,1341,484,136,81,0.357482,5,-1,-1
123,17030,1326,492,134,89,0.39957345,4,-1,-1
124,17030,1308,495,132,86,0.36755475,4,-1,-1
126,17031,1300,494,136,89,0.5095108,5,-1,-1
128,17032,1314,499,106,85,0.40147406,5,-1,-1
129,17032,1256,499,152,90,0.32359573,5,-1,-1
130,17033,1252,502,150,88,0.36532122,4,-1,-1
131,17034,1431,946,132,79,0.3360062,5,-1,-1
132,17034,1464,955,143,77,0.44013062,5,-1,-1
132,17035,1225,526,82,68,0.32487455,4,-1,-1
133,17034,1493,966,139,76,0.5699057,5,-1,-1
134,17034,1526,967,149,85,0.61658823,5,-1,-1
135,17034,1570,976,145,79,0.36257476,5,-1,-1
136,17034,1595,987,151,87,0.5740384,5,-1,-1
137,17034,1629,994,162,88,0.45746037,5,-1,-1
137,17036,3,458,68,86,0.30458847,6,-1,-1
137,17037,1183,499,159,98,0.30317122,5,-1,-1
138,17034,1667,1002,159,90,0.48186475,5,-1,-1
138,17037,1160,509,165,92,0.34639177,5,-1,-1
138,17038,1160,509,165,92,0.33990356,4,-1,-1
139,17034,1695,1008,159,92,0.4713031,5,-1,-1
139,17038,1143,507,166,97,0.40103528,4,-1,-1
139,17037,1143,507,166,97,0.32076794,5,-1,-1
139,17039,1695,1008,159,92,0.4345459,4,-1,-1
139,17040,3,459,52,84,0.34600663,6,-1,-1
140,17038,1131,505,167,99,0.41659755,4,-1,-1
140,17039,1729,1012,170,96,0.3829342,4,-1,-1
140,17034,1729,1012,170,96,0.3327043,5,-1,-1
140,17037,1131,505,167,99,0.3211955,5,-1,-1
141,17039,1756,1026,175,95,0.49629545,4,-1,-1
141,17037,1114,508,166,98,0.39911523,5,-1,-1
141,17038,1114,508,166,98,0.31179145,4,-1,-1
142,17039,1794,1030,177,98,0.5565182,4,-1,-1
142,17037,1099,508,164,98,0.38154995,5,-1,-1
143,17039,1828,1039,185,102,0.5917892,4,-1,-1
143,17037,1076,505,171,105,0.4760205,5,-1,-1
143,17041,2,459,21,85,0.34361514,6,-1,-1
144,17039,1866,1050,188,97,0.6669826,4,-1,-1
144,17042,1069,507,166,100,0.48448545,4,-1,-1
145,17039,1905,1059,192,98,0.51822895,4,-1,-1
145,17042,1050,513,171,93,0.33386654,4,-1,-1
145,17043,1050,513,171,93,0.37547794,5,-1,-1
146,17039,1944,1066,199,102,0.66105396,4,-1,-1
146,17042,1031,512,173,100,0.5765143,4,-1,-1
146,17044,2669,983,28,99,0.35572848,4,-1,-1
147,17039,1989,1078,199,101,0.5195029,4,-1,-1
147,17044,2636,978,49,102,0.38508523,4,-1,-1
148,17044,2584,980,111,95,0.49125773,4,-1,-1
148,17045,2034,1086,201,105,0.6433545,5,-1,-1
148,17046,1003,511,183,104,0.4352435,4,-1,-1
148,17047,1003,511,183,104,0.30795926,5,-1,-1
149,17044,2545,980,152,94,0.5388954,4,-1,-1
149,17045,2080,1099,203,106,0.48439202,5,-1,-1
149,17046,1001,513,177,103,0.3424856,4,-1,-1
149,17047,1001,513,177,103,0.31682864,5,-1,-1
150,17046,982,516,185,102,0.47763085,4,-1,-1
150,17044,2508,980,177,90,0.4743613,4,-1,-1
150,17048,2133,1108,209,110,0.49342304,4,-1,-1
151,17048,2172,1121,220,115,0.73059666,4,-1,-1
151,17046,975,512,183,108,0.51140183,4,-1,-1
151,17044,2466,975,183,82,0.50181663,4,-1,-1
152,17048,2223,1132,218,106,0.59143764,4,-1,-1
152,17044,2434,972,171,83,0.5601373,4,-1,-1
152,17046,956,514,191,109,0.55466306,4,-1,-1
153,17048,2275,1143,229,115,0.5855322,4,-1,-1
153,17044,2396,970,166,79,0.5645986,4,-1,-1
153,17046,953,517,184,106,0.42695776,4,-1,-1
154,17048,2334,1158,231,113,0.58887297,4,-1,-1
154,17044,2365,967,166,81,0.58241254,4,-1,-1
154,17049,1017,926,157,126,0.42759463,5,-1,-1
154,17050,1017,926,157,126,0.39159,4,-1,-1
154,17051,935,518,192,105,0.30514774,5,-1,-1
155,17048,2382,1164,237,121,0.7002309,4,-1,-1
155,17044,2330,965,161,78,0.60900456,4,-1,-1
155,17050,1039,929,162,130,0.520329,4,-1,-1
156,17048,2440,1177,238,123,0.6730278,4,-1,-1
156,17050,1075,939,162,130,0.5538791,4,-1,-1
156,17044,2291,952,163,83,0.5121386,4,-1,-1
156,17052,911,526,197,106,0.34645307,9,-1,-1
156,17053,911,526,197,106,0.3174516,4,-1,-1
156,17054,911,526,197,106,0.31369582,5,-1,-1
157,17052,900,527,208,105,0.63904387,9,-1,-1
157,17048,2508,1187,179,120,0.63568217,4,-1,-1
157,17050,1098,948,172,131,0.5649958,4,-1,-1
157,17044,2258,943,171,88,0.5482359,4,-1,-1
158,17048,2565,1196,124,130,0.48427027,4,-1,-1
158,17044,2221,939,165,88,0.46862382,4,-1,-1
158,17052,890,531,199,104,0.30172658,9,-1,-1
158,17055,890,531,199,104,0.43170267,4,-1,-1
159,17052,877,528,208,108,0.54615533,9,-1,-1
159,17044,2180,929,172,89,0.36879182,4,-1,-1
159,17056,1171,958,176,137,0.34011868,5,-1,-1
159,17057,1171,958,176,137,0.3106631,4,-1,-1
160,17052,864,531,211,110,0.6129773,9,-1,-1
160,17044,2154,926,170,88,0.45207417,4,-1,-1
160,17056,1198,970,180,132,0.3517832,5,-1,-1
160,17058,852,560,101,87,0.32328483,4,-1,-1
161,17044,2121,923,159,85,0.5172728,4,-1,-1
161,17052,856,533,208,106,0.49596986,9,-1,-1
161,17056,1239,975,175,143,0.3221386,5,-1,-1
161,17059,1520,1015,177,112,0.4551306,4,-1,-1
161,17060,1239,975,175,143,0.30018836,4,-1,-1
162,17052,834,530,221,113,0.57249546,9,-1,-1
162,17044,2098,921,152,83,0.5446232,4,-1,-1
162,17059,1562,1024,176,107,0.48571494,4,-1,-1
162,17056,1275,985,182,145,0.46819788,5,-1,-1
162,17060,1275,985,182,145,0.36065963,4,-1,-1
163,17059,1600,1034,177,111,0.5846213,4,-1,-1
163,17052,818,534,222,113,0.56851584,9,-1,-1
163,17044,2057,920,157,78,0.51004887,4,-1,-1
163,17061,1316,992,186,148,0.33925107,6,-1,-1
164,17059,1634,1037,188,118,0.71657574,4,-1,-1
164,17052,811,533,221,114,0.5230365,9,-1,-1
164,17044,2031,917,154,82,0.40172654,4,-1,-1
164,17062,1341,1002,196,147,0.6092194,4,-1,-1
165,17059,1676,1047,187,122,0.61906254,4,-1,-1
165,17062,1382,1012,199,153,0.5836553,4,-1,-1
165,17044,1996,907,154,83,0.5550469,4,-1,-1
165,17052,795,540,222,115,0.5140728,9,-1,-1
166,17059,1717,1055,192,124,0.72053087,4,-1,-1
166,17062,1420,1022,203,153,0.7019974,4,-1,-1
166,17044,1968,900,155,85,0.59396607,4,-1,-1
166,17052,786,542,222,112,0.4694641,9,-1,-1
167,17059,1758,1069,197,122,0.6316072,4,-1,-1
167,17062,1461,1028,209,166,0.62047994,4,-1,-1
167,17052,768,542,227,114,0.59448344,9,-1,-1
167,17044,1931,895,157,88,0.5480802,4,-1,-1
168,17059,1797,1074,202,126,0.66779935,4,-1,-1
168,17052,748,549,236,112,0.5556614,9,-1,-1
168,17044,1903,889,162,84,0.44894812,4,-1,-1
168,17062,1501,1039,209,161,0.3866621,4,-1,-1
168,17063,358,591,80,66,0.4499383,5,-1,-1
169,17052,738,548,236,114,0.6280622,9,-1,-1
169,17059,1839,1079,208,129,0.55835485,4,-1,-1
169,17044,1871,882,155,89,0.48858246,4,-1,-1
169,17063,353,586,87,71,0.3643168,5,-1,-1
170,17052,720,551,242,114,0.7420487,9,-1,-1
170,17059,1881,1093,212,127,0.72633535,4,-1,-1
170,17044,1848,881,147,83,0.5502181,4,-1,-1
170,17063,362,588,75,65,0.30254847,5,-1,-1
170,17064,1586,1059,215,166,0.7194087,4,-1,-1
171,17059,1929,1101,208,125,0.6147596,4,-1,-1
171,17052,702,552,244,117,0.51963824,9,-1,-1
171,17044,1822,878,149,80,0.48784545,4,-1,-1
171,17064,1639,1068,220,167,0.45046762,4,-1,-1
172,17044,1782,873,153,75,0.4171358,4,-1,-1
172,17059,1971,1110,209,125,0.40699485,4,-1,-1
172,17052,696,550,233,124,0.36242068,9,-1,-1
172,17065,696,550,233,124,0.37232676,5,-1,-1
173,17059,2021,1116,221,134,0.5119201,4,-1,-1
173,17052,679,555,238,116,0.4008451,9,-1,-1
173,17044,1760,869,146,78,0.3977703,4,-1,-1
174,17044,1735,860,132,80,0.43659222,4,-1,-1
174,17052,659,555,243,129,0.3920979,9,-1,-1
174,17066,659,555,243,129,0.35569546,5,-1,-1
174,17067,1783,1099,225,165,0.34195012,4,-1,-1
175,17052,648,556,247,129,0.61737615,9,-1,-1
175,17068,2122,1138,228,137,0.51105,4,-1,-1
175,17069,2122,1138,228,137,0.3497337,5,-1,-1
176,17068,2169,1149,233,134,0.53590524,4,-1,-1
176,17052,633,560,247,131,0.4945115,9,-1,-1
176,17070,1878,1119,227,170,0.7224243,4,-1,-1
176,17071,633,560,247,131,0.4179657,5,-1,-1
176,17072,1681,852,135,75,0.38675705,4,-1,-1
177,17070,1928,1120,237,177,0.55923253,4,-1,-1
177,17068,2214,1156,236,139,0.54018503,4,-1,-1
177,17071,613,559,253,134,0.49778458,5,-1,-1
177,17072,1649,845,130,78,0.33798563,4,-1,-1
177,17073,2223,1156,236,138,0.30933705,5,-1,-1
178,17070,1979,1137,233,177,0.709359,4,-1,-1
178,17072,1624,838,132,81,0.3905597,4,-1,-1
178,17074,598,561,257,132,0.43169028,9,-1,-1
179,17074,577,563,261,130,0.52313155,9,-1,-1
180,17074,556,561,270,133,0.6704152,9,-1,-1
180,17075,2669,917,26,146,0.37924322,4,-1,-1
180,17076,1564,827,127,75,0.31637508,4,-1,-1
181,17075,2642,914,44,144,0.41689625,4,-1,-1
181,17074,541,552,265,139,0.3515178,9,-1,-1
181,17077,541,552,265,139,0.37345812,5,-1,-1
182,17074,515,541,279,138,0.4091107,9,-1,-1
183,17074,493,534,279,140,0.36796248,9,-1,-1
183,17078,506,534,269,135,0.40336168,5,-1,-1
183,17079,2238,1156,265,187,0.36321792,4,-1,-1
184,17074,483,529,273,137,0.416982,9,-1,-1
184,17080,2599,1178,95,174,0.32230923,4,-1,-1
185,17074,453,518,292,142,0.56107545,9,-1,-1
186,17074,438,519,287,142,0.5454417,9,-1,-1
187,17074,408,519,298,143,0.58409625,9,-1,-1
187,17081,2472,1188,218,200,0.36639002,4,-1,-1
188,17074,384,520,306,156,0.59387326,9,-1,-1
189,17074,361,521,307,158,0.43210596,9,-1,-1
189,17082,361,521,307,158,0.4329588,5,-1,-1
190,17082,340,528,313,155,0.5574354,5,-1,-1
190,17074,340,528,313,155,0.39650106,9,-1,-1
191,17082,316,529,314,157,0.5924325,5,-1,-1
191,17074,316,529,314,157,0.30249625,9,-1,-1
192,17082,296,532,310,157,0.57336074,5,-1,-1
192,17083,2307,837,250,144,0.3640904,5,-1,-1
193,17082,270,538,316,160,0.4393039,5,-1,-1
193,17084,273,534,313,155,0.3265576,9,-1,-1
194,17082,245,540,324,160,0.6498749,5,-1,-1
195,17082,208,542,337,166,0.64439756,5,-1,-1
195,17085,2227,833,242,135,0.40371743,5,-1,-1
196,17082,184,544,335,166,0.67217004,5,-1,-1
197,17082,160,547,339,165,0.6394339,5,-1,-1
198,17082,132,548,346,170,0.4939775,5,-1,-1
199,17082,104,554,352,172,0.42723227,5,-1,-1
199,17086,104,554,352,172,0.3387644,9,-1,-1
200,17082,70,556,358,176,0.69459295,5,-1,-1
201,17082,42,558,366,180,0.5741773,5,-1,-1
202,17082,10,559,376,182,0.43148968,5,-1,-1
202,17087,10,559,376,182,0.47302258,9,-1,-1
203,17082,10,564,342,183,0.49963942,5,-1,-1
204,17082,19,564,310,179,0.46396983,5,-1,-1
205,17082,7,570,294,190,0.6125754,5,-1,-1
205,17088,1182,886,155,92,0.3737341,5,-1,-1
206,17082,5,572,266,185,0.6905888,5,-1,-1
206,17088,1210,894,151,93,0.3691113,5,-1,-1
206,17089,1210,894,151,93,0.3014865,4,-1,-1
207,17082,7,579,231,182,0.59451365,5,-1,-1
207,17089,1229,901,162,96,0.44887605,4,-1,-1
208,17082,4,578,211,185,0.6685601,5,-1,-1
209,17082,3,587,176,173,0.71338487,5,-1,-1
209,17090,1306,920,164,95,0.3603525,5,-1,-1
209,17091,1039,899,145,96,0.30775645,4,-1,-1
210,17082,3,591,148,165,0.4822715,5,-1,-1
210,17091,1062,903,155,99,0.31446365,4,-1,-1
210,17092,3,591,148,165,0.54324394,4,-1,-1
211,17091,1098,916,150,93,0.5953225,4,-1,-1
211,17082,3,593,111,156,0.49204975,5,-1,-1
211,17092,3,593,111,156,0.46995744,4,-1,-1
211,17093,1375,938,170,94,0.36684552,4,-1,-1
211,17094,1817,782,208,114,0.30457786,6,-1,-1
212,17091,1127,923,151,93,0.72901255,4,-1,-1
212,17092,1,596,89,156,0.37775496,4,-1,-1
212,17082,0,603,91,165,0.33710578,5,-1,-1
212,17093,1417,947,173,97,0.33079776,4,-1,-1
212,17095,1417,947,173,97,0.3333265,5,-1,-1
213,17093,1450,957,183,97,0.6088764,4,-1,-1
213,17091,1160,933,155,93,0.5511254,4,-1,-1
213,17082,-1,599,60,180,0.46905428,5,-1,-1
214,17093,1493,966,187,96,0.6656646,4,-1,-1
214,17091,1191,937,159,97,0.5929395,4,-1,-1
214,17096,2649,866,40,113,0.3067491,4,-1,-1
215,17091,1230,948,151,90,0.6634324,4,-1,-1
215,17093,1532,973,187,104,0.593448,4,-1,-1
215,17096,2613,871,73,97,0.47030762,4,-1,-1
216,17093,1569,981,199,106,0.7435321,4,-1,-1
216,17091,1262,955,162,98,0.63378584,4,-1,-1
216,17096,2592,871,99,95,0.4929965,4,-1,-1
216,17097,1691,759,214,115,0.5635215,6,-1,-1
217,17093,1613,991,197,109,0.6915241,4,-1,-1
217,17091,1293,957,166,107,0.6691368,4,-1,-1
217,17097,1672,756,211,115,0.65981734,6,-1,-1
217,17096,2561,874,133,92,0.49889272,4,-1,-1
218,17093,1655,1002,203,109,0.67482305,4,-1,-1
218,17091,1330,971,169,103,0.65796137,4,-1,-1
218,17097,1651,753,207,115,0.5244254,6,-1,-1
218,17096,2539,872,158,90,0.39049408,4,-1,-1
219,17091,1369,976,170,106,0.79172647,4,-1,-1
219,17093,1709,1011,203,113,0.5995967,4,-1,-1
219,17096,2496,868,180,82,0.47589397,4,-1,-1
219,17097,1625,745,210,118,0.41407493,6,-1,-1
220,17093,1748,1021,209,116,0.7104284,4,-1,-1
220,17091,1402,985,177,107,0.60849106,4,-1,-1
220,17096,2474,866,181,83,0.59280497,4,-1,-1
220,17097,1604,743,206,115,0.55761874,6,-1,-1
221,17093,1792,1033,212,111,0.7443038,4,-1,-1
221,17096,2448,860,178,83,0.663686,4,-1,-1
221,17091,1437,994,176,110,0.63842833,4,-1,-1
221,17097,1585,740,200,113,0.6267601,6,-1,-1
222,17093,1835,1044,222,109,0.72817856,4,-1,-1
222,17091,1480,1004,175,109,0.5938928,4,-1,-1
222,17096,2423,858,176,81,0.5380219,4,-1,-1
222,17097,1564,739,199,109,0.503866,6,-1,-1
223,17091,1519,1013,181,117,0.6969235,4,-1,-1
223,17093,1888,1053,225,119,0.6670445,4,-1,-1
223,17096,2391,857,173,77,0.5179601,4,-1,-1
224,17093,1933,1066,230,111,0.73739773,4,-1,-1
224,17091,1562,1024,181,112,0.5779412,4,-1,-1
224,17096,2362,853,174,82,0.49904,4,-1,-1
224,17098,2640,1020,51,110,0.5721668,4,-1,-1
225,17093,1987,1076,241,123,0.7615964,4,-1,-1
225,17091,1599,1034,192,118,0.6995291,4,-1,-1
225,17098,2588,1010,108,115,0.533141,4,-1,-1
225,17096,2327,848,181,78,0.53013426,4,-1,-1
226,17093,2037,1087,244,129,0.6818546,4,-1,-1
226,17096,2300,841,180,82,0.66662407,4,-1,-1
226,17098,2545,999,152,114,0.65586656,4,-1,-1
226,17091,1648,1043,197,117,0.60130906,4,-1,-1
227,17093,2093,1096,246,130,0.8286877,4,-1,-1
227,17091,1689,1055,201,118,0.78085274,4,-1,-1
227,17098,2498,997,198,110,0.67117196,4,-1,-1
227,17096,2274,837,181,84,0.62102795,4,-1,-1
227,17099,1475,731,171,99,0.36491355,5,-1,-1
228,17093,2151,1113,252,128,0.7053763,4,-1,-1
228,17091,1733,1070,204,118,0.6616298,4,-1,-1
228,17098,2444,989,227,110,0.5968334,4,-1,-1
228,17096,2241,836,179,79,0.55277264,4,-1,-1
228,17099,1450,728,174,98,0.46962243,5,-1,-1
229,17091,1782,1075,205,123,0.78507304,4,-1,-1
229,17093,2203,1120,257,131,0.72502065,4,-1,-1
229,17098,2402,982,222,107,0.6103058,4,-1,-1
229,17099,1441,727,161,95,0.5562138,5,-1,-1
229,17096,2217,833,177,81,0.4909929,4,-1,-1
230,17093,2259,1137,266,132,0.78089255,4,-1,-1
230,17091,1834,1090,206,122,0.6687841,4,-1,-1
230,17098,2348,971,220,113,0.6636976,4,-1,-1
230,17099,1414,724,169,96,0.628025,5,-1,-1
230,17096,2191,828,178,78,0.5298578,4,-1,-1
231,17091,1883,1100,213,121,0.754619,4,-1,-1
231,17093,2321,1152,269,139,0.6814896,4,-1,-1
231,17098,2305,962,219,108,0.6153047,4,-1,-1
231,17096,2161,823,172,78,0.49029568,4,-1,-1
231,17099,1400,724,157,89,0.31464812,5,-1,-1
232,17091,1937,1113,214,124,0.7244023,4,-1,-1
232,17093,2382,1160,274,138,0.6935267,4,-1,-1
232,17096,2140,818,168,79,0.6052389,4,-1,-1
232,17098,2267,956,205,103,0.5462565,4,-1,-1
232,17099,1372,716,163,101,0.36278656,5,-1,-1
232,17100,2643,898,46,96,0.48663646,4,-1,-1
232,17101,2267,956,205,103,0.42456785,5,-1,-1
233,17091,1987,1122,220,125,0.72744656,4,-1,-1
233,17096,2118,816,160,76,0.6143281,4,-1,-1
233,17093,2450,1182,250,128,0.58303237,4,-1,-1
233,17101,2225,949,202,93,0.5680604,5,-1,-1
233,17100,2610,898,80,87,0.4147773,4,-1,-1
233,17098,2225,949,202,93,0.33456972,4,-1,-1
234,17091,2042,1136,219,127,0.7848405,4,-1,-1
234,17101,2187,943,192,100,0.6907864,5,-1,-1
234,17100,2585,893,111,96,0.4975829,4,-1,-1
234,17093,2516,1195,178,127,0.493525,4,-1,-1
234,17096,2091,810,162,74,0.42378566,4,-1,-1
235,17091,2100,1152,226,125,0.6268161,4,-1,-1
235,17100,2553,896,147,93,0.61216974,4,-1,-1
235,17096,2060,805,157,77,0.55223006,4,-1,-1
235,17101,2146,936,191,97,0.5321939,5,-1,-1
235,17093,2588,1202,103,133,0.43540668,4,-1,-1
235,17102,2146,936,191,97,0.3963363,4,-1,-1
236,17091,2149,1159,237,136,0.720824,4,-1,-1
236,17100,2508,893,190,99,0.6096461,4,-1,-1
236,17096,2038,802,154,80,0.5232123,4,-1,-1
236,17102,2101,926,196,94,0.42442212,4,-1,-1
236,17101,2101,926,196,94,0.3363267,5,-1,-1
236,17093,2645,1196,51,179,0.31129798,4,-1,-1
237,17091,2213,1176,235,135,0.78055185,4,-1,-1
237,17096,2017,800,146,74,0.62171334,4,-1,-1
237,17102,2067,921,184,94,0.54772353,4,-1,-1
237,17100,2492,891,185,82,0.48421133,4,-1,-1
237,17101,2067,921,184,94,0.384337,5,-1,-1
238,17091,2271,1192,243,135,0.75747925,4,-1,-1
238,17096,1992,798,148,74,0.5951158,4,-1,-1
238,17101,2027,915,180,93,0.5720789,5,-1,-1
238,17100,2461,891,191,80,0.5672398,4,-1,-1
239,17091,2334,1202,246,135,0.7197515,4,-1,-1
239,17100,2439,886,188,82,0.5460363,4,-1,-1
239,17096,1970,793,146,75,0.47211313,4,-1,-1
239,17103,1987,906,182,91,0.47635165,4,-1,-1
240,17091,2397,1219,251,138,0.75415856,4,-1,-1
240,17100,2409,882,180,81,0.64188033,4,-1,-1
240,17096,1936,788,151,75,0.42280447,4,-1,-1
240,17103,1956,898,177,95,0.35576093,4,-1,-1
240,17104,1956,898,177,95,0.4882149,5,-1,-1
241,17091,2471,1236,223,138,0.7253549,4,-1,-1
241,17100,2385,880,174,81,0.65614396,4,-1,-1
241,17096,1915,787,150,73,0.57618046,4,-1,-1
241,17103,1918,897,175,85,0.44442585,4,-1,-1
241,17104,1918,897,175,85,0.41047457,5,-1,-1
242,17096,1890,782,152,75,0.6296932,4,-1,-1
242,17100,2351,874,174,85,0.5277216,4,-1,-1
242,17103,1882,885,171,87,0.51537865,4,-1,-1
242,17091,2548,1247,139,133,0.49908495,4,-1,-1
242,17104,1882,885,171,87,0.38090402,5,-1,-1
243,17096,1869,777,145,76,0.61258924,4,-1,-1
243,17100,2324,867,178,84,0.5844367,4,-1,-1
243,17091,2607,1262,82,130,0.55099034,4,-1,-1
243,17103,1842,879,174,90,0.49191183,4,-1,-1
244,17100,2298,863,178,83,0.6443953,4,-1,-1
244,17096,1848,774,144,78,0.5918461,4,-1,-1
244,17103,1813,871,168,93,0.3569778,4,-1,-1
244,17105,1813,871,168,93,0.41639322,5,-1,-1
245,17100,2271,858,184,84,0.5203457,4,-1,-1
245,17096,1825,771,144,79,0.4380464,4,-1,-1
245,17105,1773,863,173,91,0.39585263,5,-1,-1
245,17103,1773,863,173,91,0.36056766,4,-1,-1
246,17100,2236,853,184,88,0.54016584,4,-1,-1
246,17105,1737,858,170,93,0.49554515,5,-1,-1
246,17096,1801,767,151,72,0.47122872,4,-1,-1
247,17105,1710,854,162,89,0.57685894,5,-1,-1
247,17096,1782,762,144,73,0.5202951,4,-1,-1
247,17100,2210,847,183,83,0.43568873,4,-1,-1
248,17105,1675,847,157,94,0.52830756,5,-1,-1
248,17100,2187,843,182,89,0.45621422,4,-1,-1
249,17105,1646,838,159,95,0.5377868,5,-1,-1
249,17100,2158,840,177,89,0.47641885,4,-1,-1
250,17105,1613,835,153,88,0.68463904,5,-1,-1
250,17100,2138,841,165,80,0.6083786,4,-1,-1
251,17100,2112,839,165,80,0.51482457,4,-1,-1
251,17105,1586,830,152,87,0.49615878,5,-1,-1
251,17106,1688,752,140,75,0.34062752,4,-1,-1
252,17105,1554,821,145,87,0.65846735,5,-1,-1
252,17100,2089,835,164,80,0.47198206,4,-1,-1
252,17106,1668,745,134,73,0.37114713,4,-1,-1
252,17107,1668,745,134,73,0.36617902,5,-1,-1
253,17100,2057,834,163,82,0.5136082,4,-1,-1
253,17105,1526,818,142,85,0.50995624,5,-1,-1
254,17105,1489,814,147,83,0.5990067,5,-1,-1
254,17100,2032,828,167,81,0.3770837,4,-1,-1
255,17100,2008,824,165,84,0.51225847,4,-1,-1
255,17105,1463,813,146,81,0.4977626,5,-1,-1
256,17100,1988,824,161,83,0.53823054,4,-1,-1
257,17100,1964,823,161,82,0.4495976,4,-1,-1
258,17100,1935,823,155,80,0.40385124,4,-1,-1
260,17108,1893,817,148,82,0.46792546,4,-1,-1
261,17108,1869,815,152,79,0.38399306,4,-1,-1
262,17109,132,557,86,61,0.32322845,5,-1,-1
264,17110,1802,804,145,82,0.36059585,4,-1,-1
265,17110,1781,799,142,84,0.37198138,4,-1,-1
265,17111,81,552,82,57,0.32787615,5,-1,-1
