1,14905,-23,448,113,101,0.35627368,6,-1,-1
2,14905,-2,458,72,64,0.5235111,6,-1,-1
2,14906,1294,496,275,121,0.33977163,6,-1,-1
3,14905,-3,457,72,67,0.5135396,6,-1,-1
3,14906,1297,496,272,124,0.50778085,6,-1,-1
4,14905,-1,455,70,71,0.50574434,6,-1,-1
4,14906,1308,492,287,131,0.3756508,6,-1,-1
5,14905,0,456,65,71,0.46658164,6,-1,-1
6,14905,-1,448,68,73,0.46921045,6,-1,-1
6,14907,1324,496,267,122,0.30191272,4,-1,-1
7,14905,0,454,64,75,0.48160416,6,-1,-1
8,14905,0,447,67,75,0.5162363,6,-1,-1
8,14908,1358,489,245,111,0.41788024,4,-1,-1
9,14905,0,446,66,75,0.51166815,6,-1,-1
10,14905,0,447,65,74,0.44539818,6,-1,-1
11,14905,1,456,61,70,0.43497944,6,-1,-1
12,14905,0,456,63,72,0.43153167,6,-1,-1
13,14905,0,448,65,73,0.3942384,6,-1,-1
14,14905,-1,455,66,73,0.33908898,6,-1,-1
15,14905,-1,455,65,72,0.40391767,6,-1,-1
16,14905,-2,457,65,68,0.4041259,6,-1,-1
17,14905,0,449,63,72,0.35351202,6,-1,-1
18,14905,0,449,60,73,0.44183412,6,-1,-1
19,14905,-2,447,71,75,0.39023766,6,-1,-1
19,14909,1041,861,140,76,0.373372,4,-1,-1
20,14909,1054,860,163,85,0.42784125,4,-1,-1
21,14909,1114,868,141,78,0.4510827,4,-1,-1
22,14909,1158,868,139,82,0.47174606,4,-1,-1
22,14910,2524,978,69,112,0.39365974,1,-1,-1
22,14911,852,580,193,90,0.38561323,4,-1,-1
23,14909,1198,878,144,80,0.5440091,4,-1,-1
23,14911,901,578,176,86,0.34501386,4,-1,-1
24,14909,1237,881,151,85,0.5824548,4,-1,-1
24,14911,965,571,168,83,0.35292047,4,-1,-1
25,14909,1288,888,151,83,0.5362248,4,-1,-1
26,14909,1329,897,155,83,0.5782552,4,-1,-1
27,14909,1376,904,153,81,0.6339146,4,-1,-1
28,14909,1421,911,152,82,0.6325423,4,-1,-1
28,14912,165,446,123,73,0.40155086,6,-1,-1
29,14909,1461,920,163,85,0.6897415,4,-1,-1
29,14912,185,445,124,72,0.36060187,6,-1,-1
29,14913,2676,1062,19,141,0.34596053,1,-1,-1
30,14909,1508,924,161,86,0.6160971,4,-1,-1
30,14912,222,445,115,68,0.30414143,6,-1,-1
30,14914,0,491,15,59,0.3963318,4,-1,-1
31,14909,1556,937,168,87,0.5200434,4,-1,-1
31,14914,1,484,45,44,0.33888346,4,-1,-1
31,14912,245,445,121,67,0.31836283,6,-1,-1
32,14909,1604,945,168,90,0.7131565,4,-1,-1
32,14912,258,445,134,66,0.38920426,6,-1,-1
32,14915,1283,551,174,79,0.30478638,4,-1,-1
33,14909,1649,953,172,97,0.5888755,4,-1,-1
33,14912,283,444,134,69,0.4358037,6,-1,-1
33,14916,25,480,65,44,0.40326872,4,-1,-1
34,14909,1689,962,182,95,0.6514102,4,-1,-1
34,14912,305,441,132,70,0.5210272,6,-1,-1
34,14916,47,480,59,41,0.34251472,4,-1,-1
34,14917,1357,549,158,76,0.33283654,4,-1,-1
35,14909,1731,967,178,96,0.677676,4,-1,-1
35,14912,305,442,138,70,0.5219333,6,-1,-1
35,14916,48,481,60,39,0.3757914,4,-1,-1
36,14909,1762,976,181,100,0.6755453,4,-1,-1
36,14916,46,479,55,38,0.5823037,4,-1,-1
36,14912,303,441,142,73,0.4662321,6,-1,-1
36,14918,1400,547,147,74,0.40459877,4,-1,-1
36,14919,1341,795,153,81,0.32984838,4,-1,-1
37,14909,1788,981,187,100,0.7532397,4,-1,-1
37,14919,1377,800,144,81,0.5323386,4,-1,-1
37,14916,42,477,55,39,0.49792746,4,-1,-1
37,14912,316,443,123,68,0.44694138,6,-1,-1
37,14918,1405,547,146,71,0.35912806,4,-1,-1
37,14920,0,488,8,53,0.34240267,4,-1,-1
38,14919,1402,804,144,80,0.549547,4,-1,-1
38,14909,1826,989,180,97,0.5379237,4,-1,-1
38,14912,313,443,129,70,0.5323055,6,-1,-1
38,14916,38,476,55,40,0.47269168,4,-1,-1
38,14920,0,488,11,54,0.43206316,4,-1,-1
38,14918,1430,542,142,75,0.34976724,4,-1,-1
39,14909,1853,1002,190,100,0.71666485,4,-1,-1
39,14919,1433,815,141,78,0.52984667,4,-1,-1
39,14912,315,445,125,67,0.48787212,6,-1,-1
39,14920,0,488,16,50,0.4372771,4,-1,-1
39,14916,33,479,49,37,0.42617837,4,-1,-1
40,14909,1892,1009,184,99,0.69390255,4,-1,-1
40,14920,0,492,24,49,0.54629844,4,-1,-1
40,14912,314,445,128,68,0.46181485,6,-1,-1
40,14919,1467,825,137,73,0.44367573,4,-1,-1
40,14916,24,480,52,38,0.34290263,4,-1,-1
40,14921,1464,532,148,76,0.41334903,4,-1,-1
41,14909,1923,1018,195,102,0.6114751,4,-1,-1
41,14920,0,492,32,51,0.5329688,4,-1,-1
41,14912,317,444,123,68,0.46375504,6,-1,-1
41,14921,1467,532,151,73,0.3717888,4,-1,-1
41,14919,1495,832,134,65,0.36072117,4,-1,-1
42,14909,1956,1024,195,102,0.7349776,4,-1,-1
42,14919,1518,839,138,68,0.48554558,4,-1,-1
42,14912,317,445,122,67,0.43750405,6,-1,-1
42,14920,0,494,35,47,0.42992166,4,-1,-1
42,14921,1486,531,153,74,0.3298223,4,-1,-1
43,14909,1987,1034,204,104,0.655606,4,-1,-1
43,14919,1547,842,142,72,0.5142014,4,-1,-1
43,14920,0,490,53,54,0.47385716,4,-1,-1
43,14912,307,442,137,71,0.36076918,6,-1,-1
44,14919,1577,851,140,68,0.6947593,4,-1,-1
44,14909,2026,1040,204,105,0.6610224,4,-1,-1
44,14920,2,488,52,57,0.55170643,4,-1,-1
44,14912,306,441,136,72,0.31286764,6,-1,-1
45,14909,2063,1049,201,105,0.5553461,4,-1,-1
45,14920,0,487,58,63,0.5535538,4,-1,-1
45,14919,1604,858,138,71,0.48911837,4,-1,-1
45,14912,303,440,139,71,0.41168302,6,-1,-1
45,14922,1523,523,157,80,0.34287223,4,-1,-1
46,14909,2101,1059,208,110,0.716545,4,-1,-1
46,14919,1630,862,149,74,0.65838134,4,-1,-1
46,14920,1,489,64,66,0.54807514,4,-1,-1
46,14912,304,440,136,71,0.51256204,6,-1,-1
47,14909,2138,1068,215,119,0.6376364,4,-1,-1
47,14919,1664,873,143,69,0.55855936,4,-1,-1
47,14920,0,497,73,61,0.46634728,4,-1,-1
47,14912,312,444,126,67,0.45897916,6,-1,-1
47,14923,0,452,21,57,0.33722338,4,-1,-1
48,14909,2178,1080,219,118,0.7435252,4,-1,-1
48,14923,0,457,23,51,0.48740044,4,-1,-1
48,14920,10,503,69,52,0.46668944,4,-1,-1
48,14919,1691,880,136,72,0.42369473,4,-1,-1
48,14912,315,446,116,64,0.41944763,6,-1,-1
48,14924,1534,520,178,81,0.30452278,4,-1,-1
49,14919,1720,884,155,75,0.7654598,4,-1,-1
49,14909,2220,1087,223,115,0.6316781,4,-1,-1
49,14912,313,446,117,63,0.5883826,6,-1,-1
49,14923,0,454,18,53,0.5803782,4,-1,-1
49,14920,18,507,68,52,0.54778963,4,-1,-1
50,14909,2259,1100,230,116,0.73245347,4,-1,-1
50,14920,23,508,67,54,0.61683136,4,-1,-1
50,14919,1748,890,164,82,0.55926806,4,-1,-1
50,14923,0,454,10,51,0.5463894,4,-1,-1
50,14912,312,448,119,63,0.4054722,6,-1,-1
50,14925,1588,519,157,76,0.302255,4,-1,-1
51,14909,2299,1111,233,123,0.7111574,4,-1,-1
51,14919,1779,897,166,83,0.6917812,4,-1,-1
51,14920,33,512,66,47,0.584196,4,-1,-1
51,14923,0,457,7,48,0.45212463,4,-1,-1
51,14926,227,565,67,42,0.4227676,4,-1,-1
52,14919,1816,904,163,84,0.7250456,4,-1,-1
52,14920,41,515,64,52,0.6867639,4,-1,-1
52,14909,2340,1122,239,121,0.6426088,4,-1,-1
53,14920,45,515,67,54,0.6779603,4,-1,-1
53,14909,2384,1134,237,125,0.6518524,4,-1,-1
53,14919,1842,911,172,84,0.6087868,4,-1,-1
53,14927,2036,469,204,88,0.30116442,6,-1,-1
54,14919,1880,919,171,88,0.754803,4,-1,-1
54,14909,2434,1141,244,132,0.6006492,4,-1,-1
54,14920,53,516,68,55,0.5660643,4,-1,-1
54,14927,2048,470,211,88,0.30639985,6,-1,-1
55,14909,2475,1149,216,145,0.7656625,4,-1,-1
55,14919,1917,928,172,87,0.6965241,4,-1,-1
55,14920,57,518,69,54,0.65811026,4,-1,-1
56,14920,60,518,73,56,0.68375576,4,-1,-1
56,14909,2518,1164,173,147,0.65354,4,-1,-1
56,14919,1952,936,169,87,0.5162401,4,-1,-1
57,14919,1987,943,180,91,0.6777831,4,-1,-1
57,14909,2560,1170,133,155,0.5772229,4,-1,-1
57,14920,71,521,74,56,0.50364584,4,-1,-1
57,14928,310,444,118,70,0.30463484,6,-1,-1
58,14919,2026,955,176,91,0.6141201,4,-1,-1
58,14920,74,522,75,56,0.5731703,4,-1,-1
58,14909,2612,1182,78,159,0.44349474,4,-1,-1
59,14919,2064,961,184,96,0.7484583,4,-1,-1
59,14920,82,528,73,55,0.63643247,4,-1,-1
59,14909,2669,1167,27,195,0.34793255,4,-1,-1
59,14929,310,447,116,66,0.3412207,6,-1,-1
60,14919,2101,970,185,92,0.5804949,4,-1,-1
60,14920,89,529,71,55,0.5115018,4,-1,-1
61,14919,2141,979,193,99,0.72225976,4,-1,-1
61,14920,99,530,68,56,0.72185963,4,-1,-1
62,14920,105,531,70,57,0.7342082,4,-1,-1
62,14919,2180,988,196,97,0.6282797,4,-1,-1
62,14930,399,540,61,43,0.53890455,4,-1,-1
63,14919,2219,997,206,103,0.7173815,4,-1,-1
63,14920,115,531,72,56,0.5328763,4,-1,-1
63,14930,386,539,63,42,0.3486759,4,-1,-1
63,14931,311,587,73,51,0.42407435,4,-1,-1
64,14920,119,532,71,55,0.72721523,4,-1,-1
64,14919,2265,1003,202,105,0.71418345,4,-1,-1
65,14920,125,535,73,55,0.7440091,4,-1,-1
65,14919,2309,1012,206,110,0.7351548,4,-1,-1
65,14932,364,529,62,42,0.40118536,4,-1,-1
66,14919,2357,1024,203,108,0.6796115,4,-1,-1
66,14920,129,535,74,58,0.5402262,4,-1,-1
66,14932,361,528,60,42,0.3965374,4,-1,-1
67,14919,2412,1038,203,109,0.6759308,4,-1,-1
67,14920,137,538,74,56,0.6466774,4,-1,-1
68,14920,142,540,76,59,0.6748614,4,-1,-1
68,14919,2453,1045,215,110,0.62439823,4,-1,-1
68,14933,336,525,62,42,0.46706662,4,-1,-1
69,14919,2508,1057,178,118,0.5436163,4,-1,-1
69,14920,147,545,76,54,0.5382644,4,-1,-1
69,14933,318,526,65,40,0.46383557,4,-1,-1
70,14919,2558,1072,126,123,0.49854216,4,-1,-1
70,14920,157,548,74,55,0.46944833,4,-1,-1
71,14920,162,550,72,57,0.5985486,4,-1,-1
71,14919,2603,1082,85,149,0.4306702,4,-1,-1
72,14920,167,554,71,56,0.6661328,4,-1,-1
73,14920,171,556,74,59,0.5608582,4,-1,-1
73,14934,276,519,64,42,0.34673792,4,-1,-1
74,14920,178,558,77,59,0.57294095,4,-1,-1
75,14920,181,560,79,60,0.5932554,4,-1,-1
75,14935,291,442,124,70,0.3785284,6,-1,-1
76,14935,290,442,124,70,0.46073017,6,-1,-1
76,14920,185,564,78,58,0.46047604,4,-1,-1
77,14920,193,569,72,56,0.4498993,4,-1,-1
77,14935,289,443,123,68,0.40280542,6,-1,-1
77,14936,45,407,101,55,0.3079652,6,-1,-1
78,14920,199,572,75,55,0.46307433,4,-1,-1
78,14935,290,442,121,68,0.42873037,6,-1,-1
79,14920,202,575,77,57,0.5715414,4,-1,-1
79,14935,285,444,122,67,0.38521937,6,-1,-1
80,14920,202,579,79,57,0.7052447,4,-1,-1
80,14935,286,445,116,66,0.30310196,6,-1,-1
80,14937,196,505,65,44,0.35185507,4,-1,-1
81,14920,203,582,80,58,0.5867418,4,-1,-1
81,14937,186,505,62,44,0.47807586,4,-1,-1
82,14920,200,583,83,61,0.5128698,4,-1,-1
82,14937,165,503,63,43,0.49912393,4,-1,-1
82,14938,260,442,126,70,0.3951833,6,-1,-1
83,14920,188,591,76,59,0.58319604,4,-1,-1
83,14937,141,506,65,41,0.4664179,4,-1,-1
83,14938,244,447,123,68,0.44869107,6,-1,-1
83,14939,1280,1138,54,54,0.37877962,4,-1,-1
83,14940,1762,463,119,67,0.34539258,4,-1,-1
84,14937,100,506,69,40,0.59117055,4,-1,-1
84,14920,166,594,82,65,0.5831677,4,-1,-1
84,14938,224,450,116,66,0.35765135,6,-1,-1
85,14920,144,603,83,62,0.45997205,4,-1,-1
85,14937,55,508,80,42,0.42299694,4,-1,-1
85,14938,202,458,112,63,0.36658305,6,-1,-1
85,14941,1246,1157,42,47,0.55390626,1,-1,-1
85,14942,1712,469,120,68,0.4867843,4,-1,-1
86,14937,24,518,64,37,0.58739614,4,-1,-1
86,14920,123,614,83,63,0.49064577,4,-1,-1
87,14920,109,617,87,68,0.579665,4,-1,-1
87,14937,-2,513,54,43,0.49786747,4,-1,-1
87,14943,135,462,125,64,0.39591286,6,-1,-1
87,14944,1201,1172,51,57,0.35288784,4,-1,-1
88,14944,1192,1178,47,53,0.5374171,4,-1,-1
88,14920,96,623,84,65,0.53012073,4,-1,-1
88,14943,113,463,129,70,0.3275677,6,-1,-1
88,14937,0,511,14,51,0.3238326,4,-1,-1
89,14943,94,462,137,72,0.5321599,6,-1,-1
89,14920,89,630,84,63,0.52262646,4,-1,-1
89,14944,1182,1176,51,62,0.38388136,4,-1,-1
90,14920,87,634,96,63,0.7027561,4,-1,-1
90,14943,95,464,133,72,0.6111338,6,-1,-1
91,14943,97,462,125,74,0.6161192,6,-1,-1
91,14920,98,633,90,61,0.48288885,4,-1,-1
91,14945,1183,1183,47,68,0.46469566,4,-1,-1
92,14943,93,462,132,74,0.57076734,6,-1,-1
92,14920,112,639,83,55,0.5274344,4,-1,-1
93,14943,93,464,130,71,0.5893386,6,-1,-1
93,14920,116,641,91,56,0.5006975,4,-1,-1
93,14946,1180,1189,48,63,0.5776603,4,-1,-1
94,14943,94,462,127,73,0.61692536,6,-1,-1
94,14920,133,639,83,52,0.53125286,4,-1,-1
95,14943,92,461,131,75,0.72713894,6,-1,-1
95,14947,1178,1193,51,67,0.4314201,4,-1,-1
96,14943,86,463,137,73,0.45099026,6,-1,-1
96,14947,1179,1198,49,62,0.37832642,4,-1,-1
97,14943,89,466,131,73,0.57355875,6,-1,-1
97,14947,1174,1199,51,61,0.3929136,4,-1,-1
98,14947,1178,1203,43,63,0.46485305,4,-1,-1
98,14943,87,466,132,73,0.415927,6,-1,-1
99,14943,87,465,130,73,0.40597564,6,-1,-1
99,14947,1172,1209,46,54,0.30888262,4,-1,-1
100,14943,86,462,132,75,0.51503766,6,-1,-1
100,14947,1173,1207,48,60,0.32422128,4,-1,-1
101,14947,1173,1210,43,59,0.5899973,4,-1,-1
101,14943,74,464,141,74,0.43480954,6,-1,-1
102,14947,1173,1211,43,55,0.4886498,4,-1,-1
102,14943,76,465,137,73,0.4831373,6,-1,-1
103,14943,79,466,132,72,0.5242519,6,-1,-1
103,14947,1172,1209,45,54,0.369118,4,-1,-1
104,14943,80,466,130,72,0.4988735,6,-1,-1
104,14947,1171,1211,42,56,0.33345953,4,-1,-1
104,14948,796,962,128,184,0.3509095,6,-1,-1
105,14943,79,465,132,74,0.56028664,6,-1,-1
105,14947,1169,1217,45,54,0.35232502,4,-1,-1
106,14943,77,462,134,77,0.6263443,6,-1,-1
107,14943,75,463,137,78,0.5864555,6,-1,-1
107,14949,1166,1218,49,61,0.43152007,4,-1,-1
108,14943,77,464,133,76,0.5601523,6,-1,-1
108,14949,1161,1214,52,68,0.352931,4,-1,-1
109,14943,76,463,133,77,0.6650305,6,-1,-1
110,14943,74,464,134,76,0.68428373,6,-1,-1
111,14943,76,463,130,75,0.6759705,6,-1,-1
111,14950,793,958,132,196,0.3227673,6,-1,-1
112,14943,74,463,132,76,0.6592471,6,-1,-1
112,14951,1160,1217,51,69,0.35528743,4,-1,-1
113,14943,74,462,133,76,0.65917176,6,-1,-1
113,14951,1157,1217,52,67,0.35458657,4,-1,-1
114,14943,72,462,136,77,0.65192443,6,-1,-1
115,14943,70,462,136,76,0.61859614,6,-1,-1
116,14943,71,462,132,75,0.6364274,6,-1,-1
116,14952,1156,1226,52,62,0.48044974,4,-1,-1
117,14943,72,462,130,75,0.6875881,6,-1,-1
117,14952,1155,1229,46,58,0.3448312,4,-1,-1
118,14943,66,463,133,72,0.48107517,6,-1,-1
119,14943,50,461,135,76,0.59128344,6,-1,-1
119,14953,1134,1231,55,64,0.53088295,4,-1,-1
120,14943,31,463,131,73,0.3857941,6,-1,-1
121,14943,2,465,132,74,0.5100583,6,-1,-1
122,14943,-2,470,112,67,0.36045715,6,-1,-1
125,14954,1287,493,165,84,0.3208213,4,-1,-1
126,14954,1288,495,154,83,0.34829822,4,-1,-1
126,14955,-1,462,95,78,0.30351353,6,-1,-1
127,14955,-1,463,95,79,0.3369541,6,-1,-1
128,14955,-6,461,90,81,0.3056649,6,-1,-1
129,14955,-5,464,90,78,0.33021316,6,-1,-1
130,14955,0,468,91,74,0.4021564,6,-1,-1
130,14956,1243,499,163,88,0.35437465,4,-1,-1
131,14955,1,468,89,73,0.36556444,6,-1,-1
131,14957,1421,949,156,86,0.62100965,4,-1,-1
132,14957,1448,960,170,83,0.52437866,4,-1,-1
132,14955,0,467,89,75,0.38193,6,-1,-1
133,14957,1482,965,167,84,0.70612365,4,-1,-1
133,14955,-5,465,88,78,0.42980236,6,-1,-1
134,14957,1519,971,163,86,0.68252903,4,-1,-1
134,14955,-5,464,88,78,0.37746233,6,-1,-1
135,14957,1556,979,167,87,0.5389038,4,-1,-1
135,14955,-6,463,91,81,0.38155785,6,-1,-1
136,14957,1589,988,169,88,0.7075319,4,-1,-1
136,14955,-6,462,90,81,0.35377532,6,-1,-1
137,14957,1622,998,173,92,0.6543993,4,-1,-1
137,14955,-6,461,86,80,0.45711008,6,-1,-1
138,14957,1657,1002,177,96,0.6409039,4,-1,-1
138,14955,-5,464,76,77,0.43300754,6,-1,-1
138,14958,1152,503,181,92,0.31168833,5,-1,-1
139,14957,1689,1009,176,96,0.72715044,4,-1,-1
139,14955,-2,467,64,74,0.39894542,6,-1,-1
140,14957,1722,1019,183,93,0.71876395,4,-1,-1
140,14955,-3,467,58,72,0.4333993,6,-1,-1
141,14957,1754,1024,184,101,0.6398978,4,-1,-1
142,14957,1793,1031,180,98,0.64126605,4,-1,-1
142,14959,0,467,32,72,0.3919703,6,-1,-1
143,14957,1823,1042,194,99,0.7564753,4,-1,-1
143,14959,0,466,22,73,0.30164188,6,-1,-1
143,14960,1028,1246,54,67,0.30090266,4,-1,-1
144,14957,1864,1048,191,102,0.6748625,4,-1,-1
145,14957,1897,1057,193,103,0.5840249,4,-1,-1
146,14957,1947,1064,196,108,0.61857414,4,-1,-1
146,14961,2670,983,23,99,0.3674479,4,-1,-1
146,14962,1019,509,199,100,0.3470272,5,-1,-1
147,14957,1987,1076,205,109,0.6777593,4,-1,-1
147,14961,2631,981,58,95,0.47347823,4,-1,-1
148,14957,2032,1085,208,111,0.7121927,4,-1,-1
148,14961,2590,982,98,88,0.583441,4,-1,-1
149,14957,2074,1093,216,115,0.6784244,4,-1,-1
149,14961,2552,982,141,87,0.64806396,4,-1,-1
149,14963,1166,935,142,90,0.3491519,4,-1,-1
150,14957,2129,1105,214,111,0.68612885,4,-1,-1
150,14961,2509,976,177,81,0.5134363,4,-1,-1
150,14963,1187,943,149,89,0.40404105,4,-1,-1
151,14957,2174,1117,220,117,0.7410814,4,-1,-1
151,14963,1206,940,158,103,0.7293234,4,-1,-1
151,14961,2466,970,185,87,0.6216275,4,-1,-1
152,14963,1233,952,156,100,0.63916504,4,-1,-1
152,14961,2431,971,179,80,0.6218769,4,-1,-1
152,14957,2225,1129,217,114,0.5836316,4,-1,-1
152,14964,941,930,174,104,0.5278429,4,-1,-1
153,14957,2282,1143,223,115,0.7237777,4,-1,-1
153,14964,981,931,171,114,0.6135203,4,-1,-1
153,14963,1260,963,170,93,0.55732965,4,-1,-1
153,14961,2399,968,184,79,0.53826946,4,-1,-1
153,14965,932,516,210,104,0.31311902,9,-1,-1
154,14964,1002,933,179,117,0.6608874,4,-1,-1
154,14957,2335,1152,234,126,0.65324175,4,-1,-1
154,14963,1291,968,172,96,0.5541864,4,-1,-1
154,14961,2356,964,192,82,0.5453061,4,-1,-1
154,14965,929,517,204,104,0.4323565,9,-1,-1
155,14963,1324,978,169,95,0.62927985,4,-1,-1
155,14957,2387,1161,230,131,0.5957044,4,-1,-1
155,14964,1029,938,185,126,0.5590631,4,-1,-1
155,14961,2320,962,185,81,0.489164,4,-1,-1
155,14965,920,518,208,103,0.4703782,9,-1,-1
156,14964,1063,946,184,124,0.77226555,4,-1,-1
156,14957,2443,1176,237,130,0.7521002,4,-1,-1
156,14963,1355,981,172,97,0.61981773,4,-1,-1
156,14961,2285,954,176,78,0.5979366,4,-1,-1
156,14965,902,518,218,106,0.50366694,9,-1,-1
157,14963,1392,990,167,96,0.6565505,4,-1,-1
157,14957,2506,1184,185,130,0.62202555,4,-1,-1
157,14964,1090,948,194,130,0.6124772,4,-1,-1
157,14961,2254,948,177,80,0.5721799,4,-1,-1
157,14965,895,522,213,109,0.5311655,9,-1,-1
158,14957,2558,1194,134,136,0.70646024,4,-1,-1
158,14965,878,523,222,110,0.6783531,9,-1,-1
158,14963,1424,998,177,98,0.6674274,4,-1,-1
158,14961,2218,945,173,76,0.6206971,4,-1,-1
158,14964,1124,957,195,131,0.5617683,4,-1,-1
159,14963,1455,1005,179,96,0.7593074,4,-1,-1
159,14964,1158,965,200,130,0.65088135,4,-1,-1
159,14965,857,525,228,111,0.5446464,9,-1,-1
159,14961,2183,938,171,72,0.45475653,4,-1,-1
159,14957,2622,1212,73,140,0.40730244,4,-1,-1
159,14966,1158,965,200,130,0.38821906,5,-1,-1
160,14961,2156,935,169,74,0.64213854,4,-1,-1
160,14963,1493,1009,174,101,0.6302137,4,-1,-1
160,14965,851,526,231,110,0.50902176,9,-1,-1
160,14966,1191,970,199,133,0.44582722,5,-1,-1
160,14957,2684,1169,13,146,0.35743648,4,-1,-1
160,14964,1191,970,199,133,0.35619485,4,-1,-1
161,14963,1524,1015,187,111,0.66798544,4,-1,-1
161,14966,1228,980,197,135,0.59358156,5,-1,-1
161,14961,2126,930,175,77,0.54975253,4,-1,-1
161,14964,1228,980,197,135,0.43590337,4,-1,-1
162,14963,1561,1024,184,110,0.69422597,4,-1,-1
162,14966,1265,989,198,135,0.67336684,5,-1,-1
162,14961,2095,930,165,70,0.61338454,4,-1,-1
162,14964,1265,989,198,135,0.30353752,4,-1,-1
163,14963,1598,1036,190,110,0.78854257,4,-1,-1
163,14966,1303,996,202,138,0.5975029,5,-1,-1
163,14961,2065,923,171,72,0.5017847,4,-1,-1
163,14967,1025,1253,51,67,0.31735823,4,-1,-1
164,14963,1638,1044,188,109,0.7579014,4,-1,-1
164,14961,2033,917,160,71,0.5495009,4,-1,-1
164,14966,1338,1007,205,138,0.47062054,5,-1,-1
164,14967,1026,1255,57,64,0.34350955,4,-1,-1
164,14968,1338,1007,205,138,0.49942535,4,-1,-1
164,14969,802,535,235,110,0.34775937,5,-1,-1
165,14963,1672,1052,199,114,0.76651406,4,-1,-1
165,14966,1374,1014,211,147,0.6449416,5,-1,-1
165,14961,1996,910,161,76,0.58474725,4,-1,-1
165,14968,1374,1014,211,147,0.38002118,4,-1,-1
165,14967,1029,1247,57,65,0.3374813,4,-1,-1
166,14963,1715,1063,195,112,0.7552418,4,-1,-1
166,14966,1414,1025,211,145,0.6920008,5,-1,-1
166,14961,1971,907,157,71,0.6655109,4,-1,-1
166,14968,1414,1025,211,145,0.34259012,4,-1,-1
166,14967,1031,1250,54,71,0.32990384,4,-1,-1
167,14963,1753,1072,208,116,0.77188456,4,-1,-1
167,14966,1453,1033,216,150,0.6450876,5,-1,-1
167,14961,1944,902,157,72,0.48130736,4,-1,-1
167,14968,1453,1033,216,150,0.37522426,4,-1,-1
167,14970,759,537,243,119,0.40636724,5,-1,-1
168,14963,1797,1080,204,117,0.78581643,4,-1,-1
168,14961,1911,895,152,71,0.6090659,4,-1,-1
168,14968,1496,1041,217,154,0.59332454,4,-1,-1
168,14966,1496,1041,217,154,0.4275976,5,-1,-1
168,14970,747,540,239,118,0.35258618,5,-1,-1
169,14963,1839,1089,211,121,0.6891184,4,-1,-1
169,14968,1533,1052,228,157,0.6669808,4,-1,-1
169,14970,738,544,235,115,0.57879627,5,-1,-1
169,14961,1883,888,155,74,0.57492405,4,-1,-1
170,14963,1883,1095,209,121,0.77904934,4,-1,-1
170,14968,1576,1063,230,155,0.6637257,4,-1,-1
170,14961,1844,887,160,70,0.5613441,4,-1,-1
170,14970,719,543,244,118,0.43800062,5,-1,-1
171,14963,1928,1103,210,122,0.7346156,4,-1,-1
171,14968,1619,1073,234,156,0.6573804,4,-1,-1
171,14961,1819,884,153,68,0.5147973,4,-1,-1
171,14970,713,547,238,119,0.3625555,5,-1,-1
172,14963,1969,1112,214,126,0.71068233,4,-1,-1
172,14968,1676,1082,230,157,0.6993624,4,-1,-1
172,14961,1783,877,151,67,0.40909192,4,-1,-1
173,14963,2024,1123,215,125,0.6901432,4,-1,-1
173,14968,1722,1092,232,165,0.58605605,4,-1,-1
173,14961,1758,875,152,65,0.5269192,4,-1,-1
173,14971,669,552,250,120,0.32628953,5,-1,-1
173,14972,1722,1092,232,165,0.32414308,5,-1,-1
174,14963,2071,1129,218,132,0.7210071,4,-1,-1
174,14968,1770,1102,232,164,0.6780392,4,-1,-1
174,14961,1729,866,139,68,0.5596294,4,-1,-1
174,14971,652,555,254,127,0.4530535,5,-1,-1
175,14968,1822,1110,236,171,0.70997924,4,-1,-1
175,14963,2119,1140,231,128,0.6790862,4,-1,-1
175,14961,1705,861,136,67,0.47066754,4,-1,-1
176,14968,1869,1120,242,164,0.7190613,4,-1,-1
176,14963,2171,1149,230,130,0.71805257,4,-1,-1
176,14961,1667,854,137,67,0.39779723,4,-1,-1
176,14973,625,557,257,125,0.4613549,5,-1,-1
177,14963,2223,1158,238,132,0.708127,4,-1,-1
177,14968,1923,1127,244,177,0.6384083,4,-1,-1
177,14961,1642,848,138,72,0.4870631,4,-1,-1
177,14973,606,557,258,129,0.38495165,5,-1,-1
178,14963,2273,1169,239,135,0.7096967,4,-1,-1
178,14968,1972,1142,247,165,0.70590436,4,-1,-1
178,14973,596,558,260,130,0.3604439,5,-1,-1
179,14963,2325,1178,249,137,0.7122696,4,-1,-1
179,14968,2027,1149,249,172,0.62949497,4,-1,-1
179,14973,576,560,262,129,0.5686631,5,-1,-1
179,14974,1071,1248,53,66,0.3510473,4,-1,-1
180,14968,2073,1156,255,168,0.73680663,4,-1,-1
180,14963,2377,1184,247,145,0.6824574,4,-1,-1
180,14973,554,560,265,128,0.6140468,5,-1,-1
180,14975,2675,926,18,131,0.48657966,4,-1,-1
181,14963,2435,1186,246,149,0.77918214,4,-1,-1
181,14968,2126,1159,269,172,0.7076717,4,-1,-1
181,14973,532,553,273,131,0.5798506,5,-1,-1
181,14975,2637,916,56,136,0.46422988,4,-1,-1
182,14963,2482,1185,203,158,0.66099954,4,-1,-1
182,14968,2175,1160,266,172,0.62601525,4,-1,-1
182,14975,2599,898,93,141,0.54006636,4,-1,-1
182,14973,509,541,285,134,0.4506218,5,-1,-1
183,14968,2234,1160,269,177,0.68603826,4,-1,-1
183,14975,2564,887,130,153,0.54362774,4,-1,-1
183,14963,2525,1183,168,168,0.507656,4,-1,-1
183,14973,503,532,275,138,0.41072845,5,-1,-1
184,14968,2288,1159,286,181,0.55117685,4,-1,-1
184,14975,2549,870,139,156,0.5234688,4,-1,-1
184,14963,2590,1177,105,179,0.48727965,4,-1,-1
185,14968,2344,1169,302,186,0.7180108,4,-1,-1
185,14975,2506,864,185,152,0.6235093,4,-1,-1
185,14963,2643,1171,52,188,0.33933833,4,-1,-1
185,14976,1074,1192,53,70,0.31941366,4,-1,-1
186,14968,2405,1182,273,177,0.61368465,4,-1,-1
186,14975,2481,857,210,147,0.54802626,4,-1,-1
186,14976,1076,1187,49,69,0.46000293,4,-1,-1
186,14977,437,524,291,133,0.44247854,5,-1,-1
187,14968,2459,1180,234,206,0.6950293,4,-1,-1
187,14975,2460,855,234,144,0.65582186,4,-1,-1
187,14977,411,526,295,140,0.4074377,5,-1,-1
187,14976,1075,1185,52,72,0.3989452,4,-1,-1
188,14975,2428,852,258,145,0.5830143,4,-1,-1
188,14968,2512,1190,182,224,0.5312254,4,-1,-1
188,14977,389,526,294,143,0.48849523,5,-1,-1
188,14976,1075,1184,52,73,0.34401816,4,-1,-1
189,14977,366,527,299,146,0.6679019,5,-1,-1
189,14975,2400,850,272,150,0.37253904,4,-1,-1
189,14968,2588,1201,101,209,0.37202808,4,-1,-1
189,14976,1076,1187,51,70,0.3270463,4,-1,-1
190,14977,345,530,299,144,0.75034916,5,-1,-1
190,14976,1075,1185,50,72,0.34038118,4,-1,-1
191,14977,320,532,308,146,0.6420158,5,-1,-1
191,14976,1074,1185,50,71,0.42066976,4,-1,-1
192,14977,297,535,308,145,0.61027753,5,-1,-1
192,14976,1073,1183,52,72,0.3687836,4,-1,-1
192,14978,2301,840,264,136,0.4070905,4,-1,-1
193,14976,1072,1183,54,71,0.43876263,4,-1,-1
193,14978,2263,839,259,131,0.40986753,4,-1,-1
193,14977,262,545,311,147,0.37536216,5,-1,-1
194,14978,2241,839,259,128,0.53085357,4,-1,-1
194,14977,237,545,319,149,0.43896037,5,-1,-1
194,14976,1072,1186,52,67,0.43625656,4,-1,-1
195,14978,2224,839,246,125,0.52713454,4,-1,-1
195,14977,209,548,329,150,0.4937154,5,-1,-1
195,14976,1074,1188,48,63,0.3452887,4,-1,-1
196,14977,182,555,331,146,0.493474,5,-1,-1
196,14978,2184,838,245,124,0.44869202,4,-1,-1
196,14976,1072,1189,51,63,0.379592,4,-1,-1
197,14977,157,551,342,154,0.5551663,5,-1,-1
197,14978,2166,836,240,121,0.50388056,4,-1,-1
197,14976,1071,1187,52,65,0.50384456,4,-1,-1
198,14978,2144,827,239,122,0.53659016,4,-1,-1
198,14976,1070,1187,52,64,0.45100945,4,-1,-1
198,14977,122,565,339,150,0.34105146,5,-1,-1
199,14978,2119,822,242,125,0.62182397,4,-1,-1
199,14976,1071,1193,49,59,0.4282626,4,-1,-1
200,14978,2097,820,244,125,0.5315322,4,-1,-1
200,14976,1071,1190,51,63,0.41063002,4,-1,-1
201,14978,2074,816,242,127,0.43703988,4,-1,-1
201,14976,1072,1189,45,59,0.43190548,4,-1,-1
202,14978,2037,814,240,126,0.47608057,4,-1,-1
202,14976,1073,1188,45,60,0.46742046,4,-1,-1
203,14978,2016,804,232,127,0.5254644,4,-1,-1
203,14976,1072,1185,45,62,0.43828222,4,-1,-1
204,14978,1992,802,234,125,0.62306774,4,-1,-1
204,14976,1071,1185,46,64,0.5491011,4,-1,-1
204,14979,1140,881,156,86,0.32749698,4,-1,-1
205,14978,1961,801,227,125,0.5999717,4,-1,-1
205,14976,1071,1184,45,66,0.459883,4,-1,-1
205,14979,1164,889,165,84,0.34608728,4,-1,-1
206,14979,1199,900,171,90,0.63070124,4,-1,-1
206,14978,1938,796,227,125,0.60696995,4,-1,-1
206,14976,1070,1183,47,69,0.4340979,4,-1,-1
206,14980,3,589,260,149,0.35623834,5,-1,-1
207,14976,1071,1187,43,62,0.5309726,4,-1,-1
207,14979,1234,906,173,91,0.52895606,4,-1,-1
207,14978,1913,791,227,126,0.45411104,4,-1,-1
207,14980,3,588,231,151,0.36033583,5,-1,-1
207,14981,1913,791,227,126,0.3535272,5,-1,-1
208,14979,1262,918,176,92,0.6140096,4,-1,-1
208,14978,1894,786,219,119,0.4997973,4,-1,-1
208,14976,1072,1194,40,56,0.45390993,4,-1,-1
208,14982,996,897,158,93,0.4550718,4,-1,-1
209,14979,1297,924,188,90,0.5881404,4,-1,-1
209,14976,1070,1188,44,63,0.44816303,4,-1,-1
209,14982,1029,902,163,93,0.4135158,4,-1,-1
209,14978,1876,785,213,115,0.3412699,4,-1,-1
209,14983,2,589,174,153,0.50931466,5,-1,-1
210,14979,1333,934,190,94,0.5913608,4,-1,-1
210,14978,1843,781,211,114,0.5343676,4,-1,-1
210,14982,1056,911,166,96,0.4844813,4,-1,-1
210,14976,1071,1190,43,60,0.43256006,4,-1,-1
210,14983,1,593,141,148,0.42245123,5,-1,-1
211,14979,1366,941,191,95,0.6319871,4,-1,-1
211,14983,1,598,107,137,0.5658323,5,-1,-1
211,14982,1089,919,166,92,0.5630026,4,-1,-1
211,14978,1820,780,212,113,0.409597,4,-1,-1
211,14976,1069,1189,44,60,0.35633993,4,-1,-1
211,14984,1820,780,212,113,0.30973643,5,-1,-1
212,14982,1117,924,169,92,0.7481458,4,-1,-1
212,14979,1410,947,188,97,0.56460494,4,-1,-1
212,14983,1,603,71,137,0.30700004,5,-1,-1
212,14985,1795,776,216,113,0.34169757,6,-1,-1
212,14986,1,603,71,137,0.30284584,4,-1,-1
213,14979,1448,959,195,95,0.74761677,4,-1,-1
213,14982,1151,932,167,92,0.51369154,4,-1,-1
213,14987,2687,871,10,106,0.38923112,4,-1,-1
213,14988,1770,770,218,109,0.34271142,4,-1,-1
213,14989,1067,1184,48,62,0.32312015,4,-1,-1
214,14979,1491,966,191,97,0.71106356,4,-1,-1
214,14982,1188,937,165,98,0.6663843,4,-1,-1
214,14987,2647,879,47,95,0.38772517,4,-1,-1
214,14990,1747,766,217,112,0.41441244,6,-1,-1
215,14979,1526,977,200,98,0.7765471,4,-1,-1
215,14982,1221,946,164,95,0.7445542,4,-1,-1
215,14987,2631,872,59,96,0.41317305,4,-1,-1
215,14991,1711,766,217,108,0.41005,4,-1,-1
216,14979,1572,984,196,102,0.749621,4,-1,-1
216,14982,1253,957,165,93,0.6404617,4,-1,-1
216,14987,2598,882,96,76,0.6037927,4,-1,-1
216,14991,1689,764,218,106,0.5219647,4,-1,-1
217,14982,1289,962,168,95,0.7987465,4,-1,-1
217,14979,1610,993,206,106,0.7547183,4,-1,-1
217,14987,2564,880,133,79,0.585805,4,-1,-1
217,14991,1672,760,211,104,0.45555162,4,-1,-1
218,14979,1655,1002,210,108,0.691562,4,-1,-1
218,14982,1325,972,170,97,0.6284613,4,-1,-1
218,14987,2542,876,154,79,0.5280463,4,-1,-1
218,14991,1652,760,204,99,0.41460195,4,-1,-1
219,14982,1363,978,176,103,0.7676935,4,-1,-1
219,14979,1701,1012,216,112,0.6736123,4,-1,-1
219,14987,2505,869,188,78,0.6279813,4,-1,-1
219,14991,1632,752,200,103,0.3610769,4,-1,-1
220,14979,1747,1024,212,110,0.69504154,4,-1,-1
220,14982,1396,988,177,99,0.60278213,4,-1,-1
220,14987,2471,866,189,76,0.5740801,4,-1,-1
220,14991,1608,748,201,105,0.41027325,4,-1,-1
220,14992,1063,1177,48,59,0.35570794,4,-1,-1
220,14993,1608,748,201,105,0.32642213,6,-1,-1
221,14979,1790,1034,217,110,0.7950095,4,-1,-1
221,14982,1433,998,182,103,0.77602816,4,-1,-1
221,14987,2444,861,189,76,0.6352311,4,-1,-1
221,14993,1589,745,200,106,0.48903248,6,-1,-1
221,14991,1589,745,200,106,0.30813453,4,-1,-1
222,14979,1840,1045,219,110,0.75359094,4,-1,-1
222,14982,1473,1008,186,101,0.730555,4,-1,-1
222,14987,2420,859,185,76,0.5776282,4,-1,-1
222,14993,1567,745,202,103,0.3900044,6,-1,-1
223,14982,1513,1015,191,108,0.7727258,4,-1,-1
223,14979,1887,1056,229,115,0.760368,4,-1,-1
223,14987,2389,854,177,70,0.5094932,4,-1,-1
223,14993,1545,741,201,105,0.47403827,6,-1,-1
223,14994,2686,981,8,137,0.34274644,4,-1,-1
224,14979,1936,1066,233,112,0.7291619,4,-1,-1
224,14982,1555,1026,194,107,0.69231725,4,-1,-1
224,14987,2361,851,181,70,0.6226231,4,-1,-1
224,14995,2642,1013,54,121,0.5191782,4,-1,-1
224,14996,1529,739,186,104,0.3309605,4,-1,-1
225,14979,1988,1078,246,120,0.7923768,4,-1,-1
225,14982,1598,1038,197,111,0.70527935,4,-1,-1
225,14995,2596,1011,96,122,0.5656015,4,-1,-1
225,14987,2334,848,184,72,0.5237201,4,-1,-1
225,14996,1504,726,190,110,0.36612335,4,-1,-1
226,14995,2546,1003,150,107,0.6758907,4,-1,-1
226,14979,2043,1088,238,122,0.6545848,4,-1,-1
226,14987,2303,841,180,74,0.57249033,4,-1,-1
226,14982,1639,1047,198,110,0.5378118,4,-1,-1
226,14996,1479,726,198,106,0.36308983,4,-1,-1
227,14979,2096,1099,252,124,0.8131342,4,-1,-1
227,14995,2501,994,197,107,0.71326125,4,-1,-1
227,14982,1691,1058,195,114,0.6918666,4,-1,-1
227,14987,2276,840,177,72,0.558182,4,-1,-1
228,14979,2154,1115,249,121,0.7789123,4,-1,-1
228,14982,1739,1069,193,108,0.6399218,4,-1,-1
228,14995,2449,987,216,101,0.6317263,4,-1,-1
228,14987,2252,837,178,74,0.46380228,4,-1,-1
229,14982,1782,1081,205,115,0.73208624,4,-1,-1
229,14979,2209,1126,244,121,0.69708896,4,-1,-1
229,14995,2404,980,216,99,0.63074666,4,-1,-1
229,14987,2219,832,176,70,0.5581233,4,-1,-1
230,14979,2267,1138,254,130,0.75021964,4,-1,-1
230,14982,1836,1089,206,122,0.6612943,4,-1,-1
230,14995,2363,973,213,102,0.5264943,4,-1,-1
230,14987,2195,830,173,69,0.5127548,4,-1,-1
231,14982,1883,1103,214,118,0.7310796,4,-1,-1
231,14979,2328,1150,258,132,0.7187895,4,-1,-1
231,14995,2311,963,206,97,0.6638238,4,-1,-1
231,14987,2163,828,167,66,0.47372085,4,-1,-1
231,14997,2685,898,11,94,0.3730373,4,-1,-1
232,14982,1937,1117,216,118,0.7070402,4,-1,-1
232,14979,2391,1159,263,137,0.7056491,4,-1,-1
232,14995,2269,957,204,92,0.6149823,4,-1,-1
232,14987,2136,821,176,71,0.5518162,4,-1,-1
232,14997,2642,907,51,84,0.49042273,4,-1,-1
233,14982,1987,1124,219,124,0.6799243,4,-1,-1
233,14979,2455,1175,242,137,0.6782282,4,-1,-1
233,14995,2226,948,201,91,0.661629,4,-1,-1
233,14987,2113,819,169,68,0.56187123,4,-1,-1
233,14997,2612,902,77,82,0.54115486,4,-1,-1
234,14982,2045,1138,219,127,0.74513346,4,-1,-1
234,14979,2515,1190,172,140,0.6957616,4,-1,-1
234,14995,2182,940,202,97,0.68622017,4,-1,-1
234,14997,2592,896,96,84,0.5400297,4,-1,-1
234,14987,2094,819,155,65,0.4318618,4,-1,-1
235,14982,2105,1153,222,130,0.7459594,4,-1,-1
235,14997,2561,897,129,84,0.63554865,4,-1,-1
235,14995,2145,936,192,94,0.6331417,4,-1,-1
235,14987,2058,813,164,64,0.5949475,4,-1,-1
235,14979,2566,1206,127,150,0.4699496,4,-1,-1
236,14995,2103,928,194,88,0.6868231,4,-1,-1
236,14987,2032,807,169,66,0.67756224,4,-1,-1
236,14982,2153,1163,230,132,0.59402984,4,-1,-1
236,14979,2639,1221,51,168,0.49654892,4,-1,-1
236,14997,2522,893,174,79,0.44813785,4,-1,-1
237,14982,2212,1176,238,138,0.6890878,4,-1,-1
237,14995,2064,920,192,91,0.6575411,4,-1,-1
237,14987,2009,803,161,67,0.646647,4,-1,-1
237,14997,2491,888,191,79,0.5901247,4,-1,-1
238,14997,2462,886,194,80,0.68554443,4,-1,-1
238,14982,2278,1191,231,136,0.66377157,4,-1,-1
238,14987,1985,801,161,66,0.556439,4,-1,-1
238,14995,2023,914,193,92,0.5210051,4,-1,-1
239,14997,2438,884,190,77,0.62740666,4,-1,-1
239,14982,2352,1205,238,147,0.6210992,4,-1,-1
239,14995,1995,908,185,86,0.5944478,4,-1,-1
239,14987,1967,801,152,61,0.50865126,4,-1,-1
239,14998,0,602,29,50,0.33652925,4,-1,-1
240,14995,1956,900,182,88,0.69051164,4,-1,-1
240,14982,2409,1220,249,138,0.6448785,4,-1,-1
240,14997,2403,880,193,75,0.6133658,4,-1,-1
240,14987,1935,797,155,57,0.43307343,4,-1,-1
240,14998,0,604,51,49,0.33694157,4,-1,-1
241,14982,2468,1230,224,147,0.7844892,4,-1,-1
241,14987,1909,792,160,62,0.6547173,4,-1,-1
241,14997,2379,878,187,77,0.60300523,4,-1,-1
241,14995,1916,897,182,81,0.5965418,4,-1,-1
241,14998,0,606,56,48,0.31297016,4,-1,-1
242,14995,1875,888,184,84,0.7016524,4,-1,-1
242,14987,1886,788,157,62,0.6744578,4,-1,-1
242,14997,2352,870,193,78,0.552746,4,-1,-1
242,14982,2527,1252,164,145,0.5390985,4,-1,-1
243,14987,1864,783,157,64,0.6686058,4,-1,-1
243,14997,2324,868,181,78,0.6498102,4,-1,-1
243,14995,1845,880,184,89,0.56992185,4,-1,-1
243,14982,2606,1264,82,135,0.45301005,4,-1,-1
244,14997,2297,864,181,78,0.6697543,4,-1,-1
244,14987,1845,780,148,61,0.6092089,4,-1,-1
244,14995,1809,875,178,83,0.59281343,4,-1,-1
245,14995,1769,865,179,84,0.7211776,4,-1,-1
245,14997,2265,860,178,77,0.56761354,4,-1,-1
245,14987,1823,778,146,61,0.48258284,4,-1,-1
246,14997,2240,859,177,75,0.6140732,4,-1,-1
246,14987,1800,772,150,62,0.58494127,4,-1,-1
246,14995,1744,859,173,83,0.57583576,4,-1,-1
247,14987,1778,768,149,61,0.5811608,4,-1,-1
247,14995,1704,853,174,82,0.5416939,4,-1,-1
247,14997,2211,851,178,77,0.5333645,4,-1,-1
248,14995,1667,848,172,82,0.6362729,4,-1,-1
248,14997,2180,848,179,77,0.5611662,4,-1,-1
248,14987,1759,765,143,62,0.54112196,4,-1,-1
249,14997,2159,846,177,78,0.6009091,4,-1,-1
249,14995,1639,843,172,79,0.5595459,4,-1,-1
249,14987,1728,758,141,63,0.5430609,4,-1,-1
250,14997,2136,843,174,79,0.68499666,4,-1,-1
250,14995,1603,838,170,77,0.60041505,4,-1,-1
250,14987,1705,752,142,63,0.49770036,4,-1,-1
251,14997,2111,843,171,75,0.68150884,4,-1,-1
251,14987,1687,752,136,62,0.49869546,4,-1,-1
251,14995,1570,829,164,78,0.45121023,4,-1,-1
252,14995,1545,821,157,84,0.6719535,4,-1,-1
252,14997,2085,839,174,76,0.6187741,4,-1,-1
252,14987,1661,749,137,64,0.5391259,4,-1,-1
253,14987,1646,745,134,66,0.5978794,4,-1,-1
253,14997,2053,838,174,76,0.56922257,4,-1,-1
253,14995,1517,821,161,80,0.56822634,4,-1,-1
253,14999,1052,1179,50,69,0.35630444,4,-1,-1
254,14995,1480,818,162,75,0.5728793,4,-1,-1
254,14997,2033,836,168,74,0.5310845,4,-1,-1
254,14987,1628,746,131,62,0.50796944,4,-1,-1
254,14999,1054,1175,50,67,0.3728804,4,-1,-1
255,14999,1052,1183,50,66,0.52340275,4,-1,-1
255,14997,2009,830,169,76,0.52339256,4,-1,-1
255,14995,1457,813,156,79,0.49418032,4,-1,-1
256,14997,1987,829,167,75,0.5890108,4,-1,-1
256,14999,1050,1185,49,65,0.51620084,4,-1,-1
256,14995,1417,808,165,75,0.49759135,4,-1,-1
257,14999,1048,1190,51,67,0.564413,4,-1,-1
257,14997,1964,829,162,75,0.5597399,4,-1,-1
257,14995,1394,808,160,70,0.3427674,4,-1,-1
258,14997,1939,827,168,76,0.5369392,4,-1,-1
259,14997,1910,826,164,76,0.55944073,4,-1,-1
259,15000,1335,798,156,73,0.4748521,4,-1,-1
260,14997,1888,822,163,76,0.6268454,4,-1,-1
260,15000,1314,796,144,71,0.33311507,4,-1,-1
261,14997,1865,819,163,77,0.6555298,4,-1,-1
262,14997,1839,815,163,78,0.55728304,4,-1,-1
263,14997,1814,812,166,80,0.46762288,4,-1,-1
264,14997,1794,807,161,77,0.5007951,4,-1,-1
265,14997,1773,804,161,76,0.530493,4,-1,-1
265,15001,1049,1194,51,67,0.3801342,4,-1,-1
