1,0,144,679,308,132,1,6,0,1
2,0,181,673,301,130,1,6,0,1
3,0,218,668,294,128,1,6,0,1
4,0,256,663,287,125,1,6,0,1
5,0,293,657,280,124,1,6,0,1
6,0,330,652,273,121,1,6,0,1
7,0,368,647,266,119,1,6,0,1
8,0,405,641,259,117,1,6,0,1
9,0,442,636,252,115,1,6,0,1
10,0,480,631,245,113,1,6,0,1
11,0,509,626,241,113,1,6,0,1
12,0,539,622,236,112,1,6,0,1
13,0,569,617,231,112,1,6,0,1
14,0,599,613,226,111,1,6,0,1
15,0,629,609,221,110,1,6,0,1
16,0,659,604,217,108,1,6,0,1
17,0,689,599,213,107,1,6,0,1
18,0,719,594,210,106,1,6,0,1
19,0,749,589,206,105,1,6,0,1
20,0,779,585,203,103,1,6,0,1
21,0,822,582,199,101,1,6,0,1
22,0,865,580,195,99,1,6,0,1
23,0,908,577,192,98,1,6,0,1
24,0,952,575,187,95,1,6,0,1
25,0,995,572,184,94,1,6,0,1
26,0,1038,570,180,92,1,6,0,1
27,0,1082,568,176,90,1,6,0,1
28,0,1123,566,174,88,1,6,0,1
29,0,1164,564,172,86,1,6,0,1
30,0,1201,561,169,85,1,6,0,1
31,0,1238,558,166,85,1,6,0,1
32,0,1279,556,163,86,1,6,0,1
33,0,1323,553,161,85,1,6,0,1
34,0,1357,551,158,86,1,6,0,1
35,0,1377,548,155,84,1,6,0,1
36,0,1397,546,152,82,1,6,0,1
37,0,1418,544,149,80,1,6,0,1
38,0,1433,541,147,80,1,6,0,1
39,0,1449,539,145,80,1,6,0,1
40,0,1464,537,144,80,1,6,0,1
41,0,1480,535,142,80,1,6,0,1
42,0,1495,533,141,80,1,6,0,1
43,0,1511,530,139,80,1,6,0,1
44,0,1526,528,138,80,1,6,0,1
45,0,1542,526,136,80,1,6,0,1
46,0,1557,524,135,80,1,6,0,1
47,0,1573,522,133,80,1,6,0,1
48,0,1588,519,132,80,1,6,0,1
49,0,1604,517,130,80,1,6,0,1
50,0,1619,515,129,80,1,6,0,1
51,0,1635,513,127,80,1,6,0,1
52,0,1651,511,125,80,1,6,0,1
53,0,1662,510,124,78,1,6,0,1
54,0,1674,510,123,76,1,6,0,1
55,0,1685,510,123,74,1,6,0,1
56,0,1697,509,122,73,1,6,0,1
57,0,1708,509,122,71,1,6,0,1
58,0,1720,509,121,69,1,6,0,1
59,0,1731,508,121,68,1,6,0,1
60,0,1743,508,120,66,1,6,0,1
61,0,1754,508,120,64,1,6,0,1
62,0,1766,508,119,62,1,6,0,1
63,0,1776,507,118,62,1,6,0,1
64,0,1787,506,117,62,1,6,0,1
65,0,1798,505,116,62,1,6,0,1
66,0,1809,505,115,62,1,6,0,1
67,0,1820,504,114,62,1,6,0,1
68,0,1831,503,113,62,1,6,0,1
69,0,1842,503,112,62,1,6,0,1
70,0,1853,502,111,62,1,6,0,1
71,0,1864,501,109,62,1,6,0,1
72,0,1875,500,108,62,1,6,0,1
73,0,1886,500,107,62,1,6,0,1
74,0,1897,499,106,62,1,6,0,1
75,0,1908,498,105,62,1,6,0,1
76,0,1919,498,104,62,1,6,0,1
77,0,1930,497,103,62,1,6,0,1
78,0,1941,496,102,62,1,6,0,1
79,0,1952,496,101,62,1,6,0,1
80,0,1951,495,100,62,1,6,0,1
81,0,1951,495,99,62,1,6,0,1
82,0,1950,494,99,62,1,6,0,1
83,0,1950,494,98,62,1,6,0,1
84,0,1950,494,97,62,1,6,0,1
85,0,1941,497,95,62,1,6,0,1
86,0,1926,496,95,62,1,6,0,1
87,0,1914,499,95,62,1,6,0,1
88,0,1904,500,94,62,1,6,0,1
89,0,1901,498,94,62,1,6,0,1
90,0,1909,497,93,62,1,6,0,1
91,0,1917,496,92,62,1,6,0,1
92,0,1925,496,92,62,1,6,0,1
93,0,1934,495,90,62,1,6,0,1
94,0,1942,494,89,62,1,6,0,1
95,0,1950,494,89,62,1,6,0,1
96,0,1958,493,88,62,1,6,0,1
97,0,1967,492,86,62,1,6,0,1
98,0,1975,492,86,62,1,6,0,1
99,0,1983,491,85,62,1,6,0,1
100,0,1991,490,84,62,1,6,0,1
101,0,2000,490,83,62,1,6,0,1
102,0,2006,490,82,61,1,6,0,1
103,0,2012,490,82,60,1,6,0,1
104,0,2019,490,81,59,1,6,0,1
105,0,2025,490,81,58,1,6,0,1
106,0,2032,490,80,58,1,6,0,1
107,0,2038,490,79,57,1,6,0,1
108,0,2044,490,79,56,1,6,0,1
109,0,2051,490,78,55,1,6,0,1
110,0,2057,490,78,54,1,6,0,1
111,0,2064,490,77,54,1,6,0,1
112,0,2070,490,76,53,1,6,0,1
113,0,2076,490,76,52,1,6,0,1
114,0,2083,490,75,51,1,6,0,1
115,0,2089,490,75,50,1,6,0,1
116,0,2096,490,74,50,1,6,0,1
117,0,2089,489,74,50,1,6,0,1
118,0,2083,488,74,50,1,6,0,1
119,0,2077,487,74,50,1,6,0,1
120,0,2071,486,74,50,1,6,0,1
121,0,2065,485,74,50,1,6,0,1
122,0,2059,485,74,50,1,6,0,1
123,0,2060,483,74,50,1,6,0,1
124,0,2061,482,74,50,1,6,0,1
125,0,2065,482,74,50,1,6,0,1
126,0,2069,483,74,50,1,6,0,1
127,0,2074,484,74,50,1,6,0,1
128,0,2078,484,74,50,1,6,0,1
129,0,2082,485,74,50,1,6,0,1
130,0,2087,486,74,50,1,6,0,1
131,0,2089,484,73,50,1,6,0,1
132,0,2091,483,72,49,1,6,0,1
133,0,2093,482,72,49,1,6,0,1
134,0,2095,481,71,48,1,6,0,1
135,0,2098,480,70,48,1,6,0,1
136,0,2100,479,69,47,1,6,0,1
137,0,2102,478,69,47,1,6,0,1
138,0,2104,477,68,46,1,6,0,1
139,0,2107,476,67,46,1,6,0,1
140,0,2106,475,66,46,1,6,0,1
141,0,2105,475,65,45,1,6,0,1
142,0,2104,474,64,45,1,6,0,1
143,0,2103,474,63,44,1,6,0,1
144,0,2102,473,62,44,1,6,0,1
145,0,2101,473,61,43,1,6,0,1
146,0,2100,472,60,43,1,6,0,1
147,0,2099,472,59,42,1,6,0,1
148,0,2098,472,58,41,1,6,0,1
149,0,2101,471,58,41,1,6,0,1
150,0,2105,471,58,41,1,6,0,1
151,0,2109,470,58,41,1,6,0,1
152,0,2113,470,58,41,1,6,0,1
153,0,2116,470,58,41,1,6,0,1
154,0,2120,469,58,41,1,6,0,1
155,0,2124,469,58,41,1,6,0,1
156,0,2128,469,58,41,1,6,0,2
157,0,2130,469,58,41,1,6,0,2
158,0,2133,469,58,41,1,6,0,2
159,0,2136,469,58,41,1,6,0,2
160,0,2138,469,59,41,1,6,0,2
161,0,2141,469,59,41,1,6,0,2
162,0,2144,469,59,41,1,6,0,2
163,0,2146,469,60,41,1,6,0,2
164,0,2149,469,60,41,1,6,0,2
165,0,2152,469,60,41,1,6,0,2
166,0,2153,468,60,41,1,6,0,2
167,0,2155,468,60,41,1,6,0,2
168,0,2157,467,60,41,1,6,0,2
169,0,2159,467,59,41,1,6,0,2
170,0,2160,466,60,41,1,6,0,2
171,0,2162,466,60,41,1,6,0,2
172,0,2164,465,60,41,1,6,0,2
173,0,2166,465,59,41,1,6,0,2
174,0,2168,464,59,41,1,6,0,2
175,0,2169,464,60,41,1,6,0,2
176,0,2171,463,59,41,1,6,0,2
177,0,2173,463,59,41,1,6,0,2
178,0,2175,462,59,41,1,6,0,2
179,0,2177,462,59,41,1,6,0,2
180,0,2180,452,59,41,1,6,0,2
181,0,2184,442,59,41,1,6,0,2
182,0,2187,432,59,41,1,6,0,2
183,0,2191,422,59,41,1,6,0,2
184,0,2195,413,59,41,1,6,0,2
185,0,2197,409,59,41,1,6,0,2
186,0,2199,405,59,41,1,6,0,2
187,0,2201,402,59,41,1,6,0,2
188,0,2212,401,59,41,1,6,0,2
189,0,2212,401,59,41,1,6,0,2
190,0,2212,401,59,41,1,6,0,2
191,0,2212,401,59,41,1,6,0,2
192,0,2214,400,59,41,1,6,0,2
193,0,2217,400,59,41,1,6,0,2
194,0,2219,400,59,41,1,6,0,2
195,0,2222,400,59,41,1,6,0,2
196,0,2224,400,59,41,1,6,0,2
197,0,2227,400,59,41,1,6,0,2
198,0,2230,399,59,41,1,6,0,2
199,0,2232,399,59,41,1,6,0,2
200,0,2235,399,59,41,1,6,0,2
201,0,2237,399,59,41,1,6,0,2
202,0,2240,399,59,41,1,6,0,2
203,0,2243,399,59,41,1,6,0,2
204,0,2244,398,58,41,1,6,0,2
205,0,2246,398,57,40,1,6,0,2
206,0,2247,398,57,40,1,6,0,2
207,0,2249,397,56,40,1,6,0,2
208,0,2250,397,56,39,1,6,0,2
209,0,2252,397,55,39,1,6,0,2
210,0,2253,396,55,39,1,6,0,2
211,0,2255,396,54,38,1,6,0,2
212,0,2257,396,53,38,1,6,0,2
213,0,2258,395,53,38,1,6,0,2
214,0,2260,395,52,37,1,6,0,2
215,0,2261,395,52,37,1,6,0,2
216,0,2263,394,51,37,1,6,0,2
217,0,2264,394,51,37,1,6,0,2
218,0,2266,394,50,36,1,6,0,2
219,0,2267,393,50,36,1,6,0,2
220,0,2269,393,49,36,1,6,0,2
221,0,2271,393,48,35,1,6,0,2
222,0,2272,392,48,35,1,6,0,2
223,0,2274,392,47,35,1,6,0,2
224,0,2275,392,47,34,1,6,0,2
225,0,2277,391,46,34,1,6,0,2
226,0,2278,391,46,34,1,6,0,2
227,0,2280,391,45,33,1,6,0,2
228,0,2282,391,44,33,1,6,0,2
229,0,2285,391,43,32,1,6,0,2
230,0,2289,391,41,32,1,6,0,2
231,0,2293,391,39,32,1,6,0,2
232,0,2297,391,38,32,1,6,0,2
233,0,2298,390,38,32,1,6,0,2
234,0,2300,390,38,32,1,6,0,2
235,0,2301,389,38,32,1,6,0,2
236,0,2303,389,38,32,1,6,0,2
237,0,2304,389,38,32,1,6,0,2
238,0,2306,388,38,32,1,6,0,2
239,0,2307,388,38,32,1,6,0,2
240,0,2309,388,38,32,1,6,0,2
241,0,2310,387,38,32,1,6,0,2
242,0,2312,387,38,32,1,6,0,2
243,0,2314,387,38,32,1,6,0,2
244,0,2316,386,38,32,1,6,0,2
245,0,2317,386,38,32,1,6,0,2
246,0,2319,386,38,32,1,6,0,2
247,0,2321,385,38,32,1,6,0,2
248,0,2323,385,38,32,1,6,0,2
249,0,2324,385,38,32,1,6,0,2
250,0,2326,384,38,32,1,6,0,2
251,0,2328,384,38,32,1,6,0,2
252,0,2330,384,38,32,1,6,0,2
253,0,2331,383,38,32,1,6,0,2
254,0,2333,383,38,32,1,6,0,2
255,0,2334,383,38,32,1,6,0,2
256,0,2336,383,38,32,1,6,0,2
257,0,2337,382,38,32,1,6,0,2
258,0,2339,382,38,32,1,6,0,2
259,0,2340,382,38,32,1,6,0,2
260,0,2342,382,38,32,1,6,0,2
261,0,2343,381,38,32,1,6,0,2
262,0,2345,381,38,32,1,6,0,2
263,0,2346,381,38,32,1,6,0,2
264,0,2348,381,38,32,1,6,0,2
265,0,2350,381,38,32,1,6,0,2
1,1,1280,497,190,107,1,6,0,0
2,1,1291,495,189,107,1,6,0,0
3,1,1303,493,187,107,1,6,0,0
4,1,1315,491,185,107,1,6,0,0
5,1,1327,490,184,107,1,6,0,0
6,1,1339,488,182,107,1,6,0,0
7,1,1351,486,180,107,1,6,0,0
8,1,1362,485,180,106,1,6,0,0
9,1,1374,483,178,107,1,6,0,0
10,1,1386,481,176,107,1,6,0,0
11,1,1398,480,175,106,1,6,0,0
12,1,1410,478,173,106,1,6,0,0
13,1,1422,476,171,107,1,6,0,0
14,1,1433,475,171,106,1,6,0,0
15,1,1445,473,169,106,1,6,0,0
16,1,1457,471,167,106,1,6,0,0
17,1,1469,470,166,106,1,6,0,0
18,1,1481,468,164,106,1,6,0,0
19,1,1493,466,162,106,1,6,0,0
20,1,1505,465,161,106,1,6,0,0
21,1,1534,464,161,106,1,6,0,0
22,1,1563,464,161,105,1,6,0,0
23,1,1593,463,161,105,1,6,0,0
24,1,1622,463,161,104,1,6,0,0
25,1,1651,463,161,103,1,6,0,0
26,1,1681,462,161,103,1,6,0,0
27,1,1710,462,161,102,1,6,0,0
28,1,1740,462,161,101,1,6,0,0
29,1,1768,462,161,99,1,6,0,0
30,1,1797,462,161,98,1,6,0,0
31,1,1825,462,161,96,1,6,0,0
32,1,1854,462,161,95,1,6,0,0
33,1,1872,463,161,94,1,6,0,0
34,1,1890,465,161,92,1,6,0,0
35,1,1908,467,161,90,1,6,0,0
36,1,1926,469,161,89,1,6,0,0
37,1,1933,468,160,88,1,6,0,0
38,1,1941,467,158,88,1,6,0,0
39,1,1949,466,157,87,1,6,0,0
40,1,1957,465,155,87,1,6,0,0
41,1,1965,464,154,87,1,6,0,0
42,1,1972,464,153,85,1,6,0,0
43,1,1980,463,152,85,1,6,0,0
44,1,1988,462,150,85,1,6,0,0
45,1,1996,461,149,84,1,6,0,0
46,1,2004,460,147,84,1,6,0,0
47,1,2012,460,146,83,1,6,0,0
48,1,2018,460,146,82,1,6,0,0
49,1,2024,460,146,82,1,6,0,0
50,1,2030,460,146,81,1,6,0,0
51,1,2036,460,146,81,1,6,0,0
52,1,2042,460,146,80,1,6,0,0
53,1,2048,460,146,80,1,6,0,0
54,1,2054,460,146,79,1,6,0,0
55,1,2060,460,146,79,1,6,0,0
56,1,2066,460,146,78,1,6,0,0
57,1,2072,460,146,78,1,6,0,0
58,1,2078,460,146,77,1,6,0,0
59,1,2084,460,146,77,1,6,0,0
60,1,2090,460,146,77,1,6,0,0
61,1,2096,460,144,77,1,6,0,0
62,1,2102,460,143,77,1,6,0,0
63,1,2108,460,142,77,1,6,0,0
64,1,2114,460,140,77,1,6,0,0
65,1,2121,460,138,77,1,6,0,0
66,1,2127,460,137,77,1,6,0,0
67,1,2133,460,136,77,1,6,0,0
68,1,2139,460,134,77,1,6,0,0
69,1,2145,460,133,77,1,6,0,0
70,1,2152,460,131,77,1,6,0,0
71,1,2158,460,129,77,1,6,0,0
72,1,2164,460,128,77,1,6,0,0
73,1,2170,460,127,77,1,6,0,0
74,1,2177,460,125,77,1,6,0,0
75,1,2185,460,125,76,1,6,0,0
76,1,2193,461,125,74,1,6,0,0
77,1,2201,462,125,72,1,6,0,0
78,1,2210,463,125,71,1,6,0,0
79,1,2213,462,125,71,1,6,0,0
80,1,2217,461,125,71,1,6,0,0
81,1,2220,460,125,71,1,6,0,0
82,1,2224,460,125,71,1,6,0,0
83,1,2213,461,125,71,1,6,0,0
84,1,2203,462,125,71,1,6,0,0
85,1,2187,465,125,71,1,6,0,0
86,1,2171,469,125,71,1,6,0,0
87,1,2153,472,125,72,1,6,0,0
88,1,2136,469,125,72,1,6,0,0
89,1,2141,469,125,71,1,6,0,0
90,1,2146,469,125,71,1,6,0,0
91,1,2151,469,125,71,1,6,0,0
92,1,2156,469,125,71,1,6,0,0
93,1,2162,469,125,71,1,6,0,1
94,1,2167,468,125,71,1,6,0,1
95,1,2172,468,125,71,1,6,0,1
96,1,2178,468,125,71,1,6,0,1
97,1,2183,468,125,71,1,6,0,1
98,1,2188,468,125,71,1,6,0,1
99,1,2194,468,125,71,1,6,0,1
100,1,2199,468,125,71,1,6,0,1
101,1,2204,468,125,71,1,6,0,1
102,1,2210,468,125,71,1,6,0,1
103,1,2215,468,125,71,1,6,0,1
104,1,2220,468,125,71,1,6,0,1
105,1,2226,468,125,71,1,6,0,1
106,1,2231,468,125,71,1,6,0,1
107,1,2236,468,125,71,1,6,0,1
108,1,2242,468,125,71,1,6,0,1
109,1,2247,468,125,71,1,6,0,1
110,1,2253,468,125,71,1,6,0,1
111,1,2258,469,125,71,1,6,0,1
112,1,2264,470,125,71,1,6,0,1
113,1,2270,471,125,71,1,6,0,1
114,1,2275,471,125,71,1,6,0,1
115,1,2281,471,125,71,1,6,0,1
116,1,2287,471,125,71,1,6,0,1
117,1,2293,471,125,71,1,6,0,1
118,1,2299,471,125,71,1,6,0,1
119,1,2291,470,125,71,1,6,0,1
120,1,2283,469,125,71,1,6,0,1
121,1,2275,469,125,71,1,6,0,1
122,1,2267,468,125,71,1,6,0,1
123,1,2259,467,125,71,1,6,0,1
124,1,2252,467,125,71,1,6,0,1
125,1,2257,469,128,71,1,6,0,1
126,1,2263,471,131,71,1,6,0,1
127,1,2269,471,130,71,1,6,0,1
128,1,2275,471,129,71,1,6,0,1
129,1,2282,471,128,71,1,6,0,1
130,1,2288,471,127,71,1,6,0,1
131,1,2294,471,126,71,1,6,0,1
132,1,2301,472,125,71,1,6,0,1
133,1,2307,470,134,71,1,6,0,1
134,1,2306,472,152,71,1,6,0,1
135,1,2313,471,149,71,1,6,0,1
136,1,2321,471,146,71,1,6,0,1
137,1,2322,471,144,71,1,6,0,1
138,1,2323,471,142,71,1,6,0,1
139,1,2324,471,140,71,1,6,0,1
140,1,2325,471,138,71,1,6,0,1
141,1,2326,471,136,71,1,6,0,1
142,1,2327,472,134,71,1,6,0,1
143,1,2327,472,125,71,1,6,0,1
144,1,2325,472,133,70,1,6,0,1
145,1,2323,472,141,69,1,6,0,1
146,1,2321,472,149,68,1,6,0,1
147,1,2328,472,147,68,1,6,0,1
148,1,2336,472,145,69,1,6,0,1
149,1,2344,473,143,69,1,6,0,1
150,1,2352,473,141,69,1,6,0,1
151,1,2359,473,139,70,1,6,0,1
152,1,2367,474,137,70,1,6,0,1
153,1,2375,474,135,70,1,6,0,1
154,1,2383,474,133,71,1,6,0,1
155,1,2391,475,131,71,1,6,0,1
156,1,2395,475,134,71,1,6,0,1
157,1,2400,475,137,71,1,6,0,1
158,1,2405,476,140,71,1,6,0,1
159,1,2410,476,142,71,1,6,0,1
160,1,2415,477,145,71,1,6,0,1
161,1,2420,477,148,71,1,6,0,1
162,1,2425,478,151,71,1,6,0,1
163,1,2431,478,151,71,1,6,0,1
164,1,2438,478,151,71,1,6,0,1
165,1,2445,478,151,71,1,6,0,1
166,1,2452,478,151,71,1,6,0,1
167,1,2457,478,151,71,1,6,0,1
168,1,2462,479,151,71,1,6,0,1
169,1,2467,480,151,71,1,6,0,1
170,1,2472,481,151,71,1,6,0,1
171,1,2478,480,151,71,1,6,0,1
172,1,2484,480,151,71,1,6,0,1
173,1,2491,479,151,71,1,6,0,1
174,1,2497,479,151,71,1,6,0,1
175,1,2503,478,151,71,1,6,0,1
176,1,2510,478,151,71,1,6,0,1
177,1,2516,477,151,71,1,6,0,1
178,1,2522,477,151,71,1,6,0,1
179,1,2529,477,151,71,1,6,0,1
180,1,2535,471,151,72,1,6,0,1
181,1,2541,466,151,72,1,6,0,1
182,1,2549,456,151,71,1,6,0,1
183,1,2557,446,151,71,1,6,0,1
184,1,2565,436,151,71,1,6,0,1
185,1,2565,430,151,71,1,6,1,1
186,1,2565,429,151,71,1,6,1,1
187,1,2566,428,151,71,1,6,1,1
188,1,2567,428,151,71,1,6,1,1
1,2,1247,505,316,133,1,6,0,1
2,2,1258,502,313,133,1,6,0,1
3,2,1269,500,310,133,1,6,0,1
4,2,1280,498,307,132,1,6,0,1
5,2,1292,496,303,132,1,6,0,1
6,2,1303,493,300,133,1,6,0,1
7,2,1314,491,297,132,1,6,0,1
8,2,1326,489,293,132,1,6,0,1
9,2,1337,487,290,132,1,6,0,1
10,2,1348,485,287,131,1,6,0,1
11,2,1359,482,284,132,1,6,0,1
12,2,1371,480,280,132,1,6,0,1
13,2,1382,478,277,131,1,6,0,1
14,2,1393,476,274,131,1,6,0,1
15,2,1405,474,271,131,1,6,0,1
16,2,1418,474,270,129,1,6,0,1
17,2,1431,474,270,127,1,6,0,1
18,2,1444,474,270,125,1,6,0,1
19,2,1457,474,270,123,1,6,0,1
20,2,1470,474,270,121,1,6,0,1
21,2,1484,475,269,119,1,6,0,1
22,2,1514,475,267,119,1,6,0,1
23,2,1545,475,265,119,1,6,0,1
24,2,1575,475,264,119,1,6,0,1
25,2,1606,475,261,119,1,6,0,1
26,2,1636,476,260,119,1,6,0,1
27,2,1667,476,258,119,1,6,0,1
28,2,1697,476,256,119,1,6,0,1
29,2,1728,476,254,119,1,6,0,1
30,2,1758,476,253,119,1,6,0,1
31,2,1789,477,251,119,1,6,0,1
32,2,1823,482,251,118,1,6,0,1
33,2,1857,481,249,117,1,6,0,1
34,2,1891,481,248,116,1,6,0,1
35,2,1898,480,246,114,1,6,0,1
36,2,1905,479,244,112,1,6,0,1
37,2,1912,478,242,111,1,6,0,1
38,2,1919,477,241,109,1,6,0,1
39,2,1926,476,239,108,1,6,0,1
40,2,1933,475,237,106,1,6,0,1
41,2,1941,475,235,104,1,6,0,1
42,2,1948,475,234,102,1,6,0,1
43,2,1956,475,233,101,1,6,0,1
44,2,1964,475,231,100,1,6,0,1
45,2,1971,475,231,99,1,6,0,1
46,2,1979,475,230,98,1,6,0,1
47,2,1987,475,228,96,1,6,0,1
48,2,1994,475,228,95,1,6,0,1
49,2,2002,475,226,94,1,6,0,1
50,2,2010,475,225,93,1,6,0,1
51,2,2018,475,224,92,1,6,0,1
52,2,2022,475,224,92,1,6,0,1
53,2,2027,475,224,92,1,6,0,1
54,2,2032,475,224,92,1,6,0,1
55,2,2037,475,224,92,1,6,0,1
56,2,2042,475,224,92,1,6,0,1
57,2,2047,475,224,92,1,6,0,1
58,2,2052,475,224,92,1,6,0,1
59,2,2057,475,224,92,1,6,0,1
60,2,2062,475,224,92,1,6,0,1
61,2,2067,475,224,92,1,6,0,1
62,2,2072,475,224,92,1,6,0,1
63,2,2078,474,224,92,1,6,0,1
64,2,2084,474,224,92,1,6,0,1
65,2,2090,473,224,92,1,6,0,1
66,2,2096,473,224,92,1,6,0,1
67,2,2102,472,224,92,1,6,0,1
68,2,2108,472,224,92,1,6,0,1
69,2,2114,471,224,92,1,6,0,1
70,2,2120,471,224,92,1,6,0,1
71,2,2126,470,224,92,1,6,0,1
72,2,2132,470,224,92,1,6,0,1
73,2,2138,469,224,92,1,6,0,1
74,2,2145,469,224,92,1,6,0,1
75,2,2151,469,224,92,1,6,0,1
76,2,2158,470,224,92,1,6,0,1
77,2,2164,470,224,92,1,6,0,1
78,2,2171,471,224,92,1,6,0,1
79,2,2177,471,224,92,1,6,0,1
80,2,2184,472,224,92,1,6,0,1
81,2,2190,472,224,92,1,6,0,1
82,2,2197,473,224,92,1,6,0,1
83,2,2183,474,224,92,1,6,0,1
84,2,2170,475,224,92,1,6,0,1
85,2,2157,476,224,92,1,6,0,1
86,2,2131,479,224,92,1,6,0,1
87,2,2117,479,224,92,1,6,0,1
88,2,2097,484,224,92,1,6,0,1
89,2,2103,483,224,92,1,6,0,1
90,2,2109,482,224,92,1,6,0,1
91,2,2115,481,224,92,1,6,0,1
92,2,2121,480,224,92,1,6,0,1
93,2,2127,480,224,92,1,6,0,1
94,2,2133,479,224,92,1,6,0,1
95,2,2139,478,224,92,1,6,0,1
96,2,2145,477,224,92,1,6,0,1
97,2,2151,477,224,92,1,6,0,1
98,2,2157,476,224,92,1,6,0,1
99,2,2163,475,224,92,1,6,0,1
100,2,2169,474,224,92,1,6,0,1
101,2,2175,474,224,92,1,6,0,1
102,2,2180,475,224,92,1,6,0,1
103,2,2186,476,224,92,1,6,0,1
104,2,2192,477,224,92,1,6,0,1
105,2,2198,479,224,92,1,6,0,1
106,2,2203,480,224,92,1,6,0,1
107,2,2209,481,224,92,1,6,0,1
108,2,2215,483,224,92,1,6,0,1
109,2,2221,484,224,92,1,6,0,1
110,2,2227,485,224,92,1,6,0,1
111,2,2232,486,224,92,1,6,0,1
112,2,2238,488,224,92,1,6,0,1
113,2,2244,489,224,92,1,6,0,1
114,2,2250,490,224,92,1,6,0,1
115,2,2256,492,224,92,1,6,0,1
116,2,2256,493,236,93,1,6,0,1
117,2,2255,493,236,89,1,6,0,1
118,2,2255,493,236,85,1,6,0,1
119,2,2255,493,236,81,1,6,0,1
120,2,2255,493,236,77,1,6,0,1
121,2,2255,493,236,74,1,6,0,1
122,2,2222,490,236,75,1,6,0,1
123,2,2228,490,236,75,1,6,0,1
124,2,2234,490,236,75,1,6,0,1
125,2,2240,491,236,74,1,6,0,1
126,2,2247,491,236,75,1,6,0,1
127,2,2253,492,236,74,1,6,0,1
128,2,2259,492,236,74,1,6,0,1
129,2,2266,492,236,75,1,6,0,1
130,2,2272,493,236,74,1,6,0,1
131,2,2278,493,236,74,1,6,0,1
132,2,2285,494,236,74,1,6,0,1
133,2,2287,493,236,74,1,6,0,1
134,2,2289,493,237,74,1,6,0,1
135,2,2291,492,238,75,1,6,0,1
136,2,2293,492,238,74,1,6,0,1
137,2,2295,492,239,74,1,6,0,1
138,2,2297,491,240,75,1,6,0,1
139,2,2299,491,240,74,1,6,0,1
140,2,2301,490,241,75,1,6,0,1
141,2,2303,490,242,75,1,6,0,1
142,2,2306,490,242,75,1,6,0,1
143,2,2301,491,247,75,1,6,0,1
144,2,2297,493,251,74,1,6,0,1
145,2,2293,495,256,74,1,6,0,1
146,2,2300,495,256,74,1,6,0,1
147,2,2307,495,256,74,1,6,0,1
148,2,2315,495,256,74,1,6,0,1
149,2,2322,495,256,74,1,6,0,1
150,2,2329,495,257,74,1,6,0,1
151,2,2337,496,256,73,1,6,0,1
152,2,2344,496,257,73,1,6,0,1
153,2,2352,496,256,74,1,6,0,1
154,2,2359,496,256,74,1,6,0,1
155,2,2366,496,257,74,1,6,0,1
156,2,2374,497,256,73,1,6,0,1
157,2,2381,497,257,73,1,6,0,1
158,2,2388,497,257,73,1,6,0,1
159,2,2396,497,257,73,1,6,0,1
160,2,2403,497,257,73,1,6,0,1
161,2,2411,498,257,73,1,6,0,1
162,2,2420,499,257,73,1,6,0,1
163,2,2429,501,257,73,1,6,0,1
164,2,2434,502,257,73,1,6,0,1
165,2,2439,503,257,73,1,6,0,1
166,2,2445,504,257,74,1,6,0,1
167,2,2451,505,256,74,1,6,0,1
168,2,2457,506,256,74,1,6,0,1
169,2,2463,507,256,74,1,6,0,1
170,2,2463,505,255,74,1,6,1,1
171,2,2464,504,254,74,1,6,1,1
172,2,2465,503,252,74,1,6,1,1
173,2,2466,502,251,74,1,6,1,1
174,2,2473,502,244,74,1,6,1,1
175,2,2480,502,237,74,1,6,1,1
176,2,2487,502,231,74,1,6,1,1
177,2,2494,502,224,74,1,6,1,1
178,2,2501,502,218,74,1,6,1,1
1,3,1559,428,81,57,1,6,0,1
2,3,1559,428,81,57,1,6,0,1
3,3,1561,427,81,57,1,6,0,1
4,3,1563,426,81,58,1,6,0,1
5,3,1566,426,80,58,1,6,0,1
6,3,1568,425,80,58,1,6,0,1
7,3,1570,424,80,59,1,6,0,1
8,3,1573,424,80,59,1,6,0,1
9,3,1574,424,80,59,1,6,0,1
10,3,1576,425,80,59,1,6,0,1
11,3,1578,426,80,59,1,6,0,1
12,3,1579,426,80,59,1,6,0,1
13,3,1581,427,80,59,1,6,0,1
14,3,1583,428,80,59,1,6,0,1
15,3,1585,429,80,59,1,6,0,1
16,3,1591,428,80,59,1,6,0,1
17,3,1597,428,80,59,1,6,0,1
18,3,1604,428,80,59,1,6,0,1
19,3,1610,428,80,59,1,6,0,1
20,3,1616,428,80,59,1,6,0,1
21,3,1623,428,80,59,1,6,0,1
22,3,1644,428,80,59,1,6,0,1
23,3,1666,428,80,59,1,6,0,1
24,3,1687,428,80,59,1,6,0,1
25,3,1709,428,80,59,1,6,0,1
26,3,1731,429,80,59,1,6,0,1
27,3,1753,430,80,59,1,6,0,1
28,3,1775,431,80,59,1,6,0,1
29,3,1797,432,81,59,1,6,0,1
30,3,1820,434,80,59,1,6,0,1
31,3,1842,435,80,59,1,6,0,1
32,3,1864,436,81,59,1,6,0,1
33,3,1886,437,81,59,1,6,0,1
34,3,1909,439,81,59,1,6,0,1
35,3,1907,440,80,59,1,6,0,1
36,3,1905,441,80,59,1,6,0,1
37,3,1903,442,80,59,1,6,0,1
38,3,1901,443,80,59,1,6,0,1
39,3,1899,445,80,59,1,6,0,1
40,3,1898,446,80,59,1,6,0,0
41,3,1897,446,80,59,1,6,0,0
42,3,1897,446,80,59,1,6,0,0
43,3,1896,446,80,59,1,6,0,0
44,3,1896,447,80,59,1,6,0,0
45,3,1895,447,80,59,1,6,0,0
46,3,1895,447,80,59,1,6,0,0
47,3,1894,448,80,59,1,6,0,0
48,3,1894,448,80,59,1,6,0,0
49,3,1893,448,80,59,1,6,0,0
50,3,1893,448,80,59,1,6,0,0
51,3,1892,449,80,59,1,6,0,0
52,3,1892,449,80,59,1,6,0,0
53,3,1891,449,80,59,1,6,0,0
54,3,1891,450,80,59,1,6,0,0
55,3,1890,450,80,59,1,6,0,0
56,3,1890,450,80,59,1,6,0,0
57,3,1890,451,80,59,1,6,0,1
58,3,1890,451,80,59,1,6,0,0
59,3,1887,450,80,59,1,6,0,0
60,3,1884,450,80,59,1,6,0,0
61,3,1881,450,80,59,1,6,0,0
62,3,1878,450,80,59,1,6,0,0
63,3,1875,450,80,59,1,6,0,0
64,3,1872,450,80,59,1,6,0,0
65,3,1869,450,80,59,1,6,0,0
66,3,1866,450,80,59,1,6,0,0
67,3,1863,450,80,59,1,6,0,0
68,3,1860,450,80,59,1,6,0,0
69,3,1855,450,82,61,1,6,0,0
70,3,1850,451,85,62,1,6,0,0
71,3,1845,451,87,64,1,6,0,0
72,3,1840,452,90,66,1,6,0,0
73,3,1835,452,92,68,1,6,0,0
74,3,1830,453,95,69,1,6,0,0
75,3,1825,453,98,71,1,6,0,0
76,3,1820,454,100,73,1,6,0,0
77,3,1815,454,103,75,1,6,0,0
78,3,1810,455,105,76,1,6,0,0
79,3,1805,455,108,78,1,6,0,0
80,3,1801,456,110,80,1,6,0,0
81,3,1790,457,113,80,1,6,0,0
82,3,1775,456,115,80,1,6,0,0
83,3,1761,456,116,80,1,6,0,0
84,3,1747,456,117,80,1,6,0,0
85,3,1718,461,118,80,1,6,0,0
86,3,1690,466,118,80,1,6,0,0
87,3,1674,467,119,80,1,6,0,0
88,3,1659,468,119,80,1,6,0,0
89,3,1643,469,121,80,1,6,0,0
90,3,1628,470,121,80,1,6,0,0
91,3,1613,471,122,80,1,6,0,0
92,3,1607,472,123,80,1,6,0,0
93,3,1601,473,124,80,1,6,0,0
94,3,1595,474,125,80,1,6,0,0
95,3,1588,474,126,80,1,6,0,0
96,3,1581,474,128,81,1,6,0,0
97,3,1574,474,129,82,1,6,0,0
98,3,1567,475,131,81,1,6,0,0
99,3,1560,475,132,82,1,6,0,0
100,3,1553,475,134,83,1,6,0,0
101,3,1546,476,136,83,1,6,0,0
102,3,1539,476,137,83,1,6,0,0
103,3,1532,476,139,84,1,6,0,0
104,3,1525,476,140,85,1,6,0,0
105,3,1518,477,142,84,1,6,0,0
106,3,1511,477,143,85,1,6,0,0
107,3,1504,477,145,86,1,6,0,0
108,3,1498,478,146,86,1,6,0,0
109,3,1489,478,148,87,1,6,0,0
110,3,1481,479,149,87,1,6,0,0
111,3,1473,479,150,88,1,6,0,0
112,3,1464,480,152,88,1,6,0,0
113,3,1456,480,153,89,1,6,0,0
114,3,1448,481,155,89,1,6,0,0
115,3,1439,480,157,90,1,6,0,0
116,3,1431,480,158,90,1,6,0,0
117,3,1423,479,159,91,1,6,0,0
118,3,1415,479,161,91,1,6,0,0
119,3,1389,480,163,91,1,6,0,0
120,3,1364,481,164,92,1,6,0,0
121,3,1338,482,166,92,1,6,0,0
122,3,1313,484,167,92,1,6,0,0
123,3,1302,485,169,92,1,6,0,0
124,3,1291,486,171,93,1,6,0,0
125,3,1280,488,173,93,1,6,0,0
126,3,1269,489,175,94,1,6,0,0
127,3,1258,490,177,95,1,6,0,0
128,3,1248,492,178,95,1,6,0,0
129,3,1237,493,180,96,1,6,0,0
130,3,1226,494,182,97,1,6,0,0
131,3,1215,496,184,97,1,6,0,0
132,3,1204,497,186,98,1,6,0,0
133,3,1194,499,188,98,1,6,0,0
134,3,1184,498,190,99,1,6,0,0
135,3,1174,498,192,99,1,6,0,0
136,3,1165,498,194,100,1,6,0,0
137,3,1150,499,196,100,1,6,0,0
138,3,1136,500,198,101,1,6,0,0
139,3,1122,501,200,102,1,6,0,0
140,3,1107,502,202,103,1,6,0,0
141,3,1093,503,204,103,1,6,0,0
142,3,1079,504,206,104,1,6,0,0
143,3,1065,505,208,105,1,6,0,0
144,3,1050,506,210,106,1,6,0,0
145,3,1036,507,212,107,1,6,0,0
146,3,1022,508,214,107,1,6,0,0
147,3,1007,509,216,108,1,6,0,0
148,3,993,510,218,109,1,6,0,0
149,3,979,511,220,110,1,6,0,0
150,3,965,512,222,110,1,6,0,0
151,3,950,513,224,111,1,6,0,0
152,3,936,514,226,112,1,6,0,0
153,3,922,515,228,113,1,6,0,0
154,3,908,517,230,113,1,6,0,0
155,3,895,518,232,114,1,6,0,0
156,3,882,520,235,115,1,6,0,0
157,3,870,521,236,116,1,6,0,0
158,3,857,523,239,117,1,6,0,0
159,3,844,524,242,119,1,6,0,0
160,3,832,526,243,119,1,6,0,0
161,3,819,528,246,120,1,6,0,0
162,3,806,529,249,122,1,6,0,0
163,3,794,531,250,122,1,6,0,0
164,3,781,532,253,124,1,6,0,0
165,3,768,534,256,125,1,6,0,0
166,3,756,535,257,126,1,6,0,0
167,3,743,537,260,127,1,6,0,0
168,3,731,539,262,128,1,6,0,0
169,3,715,541,264,128,1,6,0,0
170,3,700,543,266,129,1,6,0,0
171,3,685,545,268,130,1,6,0,0
172,3,669,547,271,131,1,6,0,0
173,3,654,549,273,132,1,6,0,0
174,3,639,551,275,133,1,6,0,0
175,3,623,553,278,134,1,6,0,0
176,3,608,555,280,135,1,6,0,0
177,3,593,557,282,136,1,6,0,0
178,3,578,559,284,137,1,6,0,0
179,3,556,554,290,139,1,6,0,0
180,3,535,550,295,140,1,6,0,0
181,3,514,546,301,142,1,6,0,0
182,3,493,541,306,144,1,6,0,0
183,3,472,537,312,145,1,6,0,0
184,3,451,533,318,146,1,6,0,0
185,3,430,529,324,148,1,6,0,0
186,3,409,525,330,149,1,6,0,0
187,3,388,521,336,150,1,6,0,0
188,3,368,517,341,152,1,6,0,0
189,3,341,520,346,154,1,6,0,0
190,3,314,523,352,156,1,6,0,0
191,3,287,527,358,157,1,6,0,0
192,3,260,530,363,159,1,6,0,0
193,3,233,533,369,161,1,6,0,0
194,3,206,537,375,162,1,6,0,0
195,3,179,540,380,164,1,6,0,0
196,3,152,543,386,166,1,6,0,0
197,3,125,547,392,167,1,6,0,0
198,3,99,550,392,167,1,6,0,0
199,3,74,553,392,167,1,6,0,0
200,3,69,554,392,175,1,6,1,0
201,3,65,556,392,183,1,6,1,0
202,3,65,556,320,182,1,6,1,0
203,3,55,565,320,182,1,6,1,0
204,3,46,568,320,182,1,6,1,0
205,3,0,571,304,182,1,6,1,0
1,4,429,566,72,44,1,4,0,1
2,4,428,565,72,44,1,4,0,1
3,4,427,565,72,44,1,4,0,1
4,4,426,564,73,44,1,4,0,1
5,4,426,564,72,44,1,4,0,1
6,4,425,564,72,44,1,4,0,1
7,4,424,563,73,44,1,4,0,1
8,4,424,563,72,44,1,4,0,1
9,4,423,563,72,44,1,4,0,1
10,4,422,562,73,44,1,4,0,1
11,4,421,562,73,44,1,4,0,1
12,4,421,562,72,44,1,4,0,1
13,4,420,561,73,44,1,4,0,1
14,4,419,561,73,44,1,4,0,1
15,4,419,561,72,44,1,4,0,1
16,4,418,560,73,44,1,4,0,1
17,4,417,560,73,44,1,4,0,1
18,4,417,560,73,44,1,4,0,1
19,4,434,561,73,44,1,4,0,1
20,4,451,562,73,44,1,4,0,1
21,4,469,563,73,44,1,4,0,1
22,4,486,564,73,44,1,4,0,1
23,4,504,565,73,44,1,4,0,1
24,4,526,563,73,44,1,4,0,1
25,4,548,561,74,44,1,4,0,1
26,4,571,560,74,44,1,4,0,1
27,4,593,558,75,44,1,4,0,1
28,4,616,557,75,44,1,4,0,1
29,4,637,556,75,44,1,4,0,1
30,4,658,556,75,44,1,4,0,1
31,4,679,555,75,44,1,4,0,1
32,4,701,555,74,44,1,4,0,1
33,4,717,554,74,44,1,4,0,1
34,4,733,554,74,44,1,4,0,1
35,4,750,554,74,44,1,4,0,1
36,4,748,553,74,44,1,4,0,1
37,4,746,552,74,44,1,4,0,1
38,4,745,552,74,44,1,4,0,1
39,4,744,552,74,44,1,4,0,1
40,4,744,552,74,44,1,4,0,1
41,4,743,552,74,44,1,4,0,1
42,4,743,552,74,44,1,4,0,1
43,4,742,552,74,44,1,4,0,1
44,4,742,552,74,44,1,4,0,1
45,4,741,552,74,44,1,4,0,1
46,4,741,553,74,44,1,4,0,1
47,4,740,553,74,44,1,4,0,1
48,4,740,553,74,44,1,4,0,1
49,4,739,553,74,44,1,4,0,1
50,4,739,553,74,44,1,4,0,1
51,4,738,553,74,44,1,4,0,1
52,4,738,553,74,44,1,4,0,1
53,4,737,553,74,44,1,4,0,1
54,4,737,554,74,44,1,4,0,1
55,4,736,554,74,44,1,4,0,1
56,4,736,554,74,44,1,4,0,1
57,4,735,554,74,44,1,4,0,1
58,4,735,554,74,44,1,4,0,1
59,4,734,554,74,44,1,4,0,1
60,4,734,554,74,44,1,4,0,1
61,4,733,554,74,44,1,4,0,1
62,4,733,555,74,44,1,4,0,1
63,4,732,555,74,44,1,4,0,1
64,4,731,555,74,44,1,4,0,1
65,4,730,556,74,44,1,4,0,1
66,4,730,556,74,44,1,4,0,1
67,4,729,556,74,44,1,4,0,1
68,4,728,557,74,44,1,4,0,1
69,4,728,557,74,44,1,4,0,1
70,4,727,558,74,44,1,4,0,1
71,4,726,558,74,44,1,4,0,1
72,4,726,558,74,44,1,4,0,1
73,4,725,559,74,44,1,4,0,1
74,4,724,559,74,44,1,4,0,1
75,4,724,559,74,44,1,4,0,1
76,4,723,560,74,44,1,4,0,1
77,4,722,560,74,44,1,4,0,1
78,4,722,561,74,44,1,4,0,1
79,4,718,560,74,44,1,4,0,1
80,4,714,560,74,44,1,4,0,1
81,4,710,560,74,44,1,4,0,1
82,4,694,561,74,44,1,4,0,1
83,4,678,562,74,44,1,4,0,1
84,4,662,564,74,44,1,4,0,1
85,4,634,576,74,44,1,4,0,1
86,4,608,581,74,44,1,4,0,1
87,4,587,584,74,44,1,4,0,1
88,4,570,587,74,44,1,4,0,1
89,4,559,588,74,44,1,4,0,1
90,4,558,586,74,44,1,4,0,1
91,4,557,584,74,44,1,4,0,1
92,4,557,583,74,44,1,4,0,1
93,4,553,584,74,44,1,4,0,1
94,4,550,586,74,44,1,4,0,1
95,4,547,588,74,44,1,4,0,1
96,4,548,587,74,44,1,4,0,1
97,4,550,587,74,44,1,4,0,1
98,4,549,586,74,44,1,4,0,1
99,4,548,586,74,44,1,4,0,1
100,4,548,586,74,44,1,4,0,1
101,4,547,586,74,44,1,4,0,1
102,4,546,586,74,44,1,4,0,1
103,4,546,586,74,44,1,4,0,1
104,4,545,586,74,44,1,4,0,1
105,4,544,586,74,44,1,4,0,1
106,4,544,586,74,44,1,4,0,1
107,4,543,586,74,44,1,4,0,1
108,4,542,586,74,44,1,4,0,1
109,4,542,586,74,44,1,4,0,1
110,4,541,586,74,44,1,4,0,1
111,4,540,586,74,44,1,4,0,1
112,4,540,586,74,44,1,4,0,1
113,4,539,586,74,44,1,4,0,1
114,4,538,586,74,44,1,4,0,1
115,4,538,586,74,44,1,4,0,1
116,4,532,587,74,44,1,4,0,1
117,4,526,588,74,44,1,4,0,1
118,4,520,589,74,44,1,4,0,1
119,4,515,590,74,44,1,4,0,1
120,4,499,590,74,44,1,4,0,1
121,4,474,590,74,44,1,4,0,1
122,4,457,594,74,44,1,4,0,1
123,4,450,594,74,44,1,4,0,1
124,4,448,594,74,44,1,4,0,1
125,4,447,594,74,44,1,4,0,1
126,4,446,594,74,44,1,4,0,1
127,4,445,594,74,44,1,4,0,1
128,4,444,594,74,44,1,4,0,1
129,4,443,594,74,44,1,4,0,1
130,4,442,594,74,44,1,4,0,1
131,4,441,594,74,44,1,4,0,1
132,4,440,594,74,44,1,4,0,1
133,4,439,595,74,44,1,4,0,1
134,4,435,595,74,44,1,4,0,1
135,4,431,595,74,44,1,4,0,1
136,4,427,595,74,44,1,4,0,1
137,4,423,595,74,44,1,4,0,1
138,4,419,595,74,44,1,4,0,1
139,4,416,595,74,44,1,4,0,1
140,4,409,595,74,44,1,4,0,1
141,4,402,595,74,44,1,4,0,1
142,4,395,595,74,44,1,4,0,1
143,4,388,595,74,44,1,4,0,1
144,4,381,595,74,44,1,4,0,1
145,4,375,595,74,44,1,4,0,1
146,4,375,595,74,44,1,4,0,1
147,4,375,595,74,44,1,4,0,1
148,4,375,595,74,44,1,4,0,1
149,4,375,595,74,44,1,4,0,1
150,4,375,595,74,44,1,4,0,1
151,4,375,595,74,44,1,4,0,1
152,4,375,595,74,44,1,4,0,1
153,4,375,595,74,44,1,4,0,1
154,4,375,595,74,44,1,4,0,1
155,4,375,595,74,44,1,4,0,1
156,4,375,595,74,44,1,4,0,1
157,4,375,596,74,44,1,4,0,1
158,4,375,597,74,44,1,4,0,1
159,4,375,598,74,44,1,4,0,1
160,4,376,599,74,44,1,4,0,1
161,4,376,600,74,44,1,4,0,1
162,4,376,601,74,44,1,4,0,1
163,4,376,602,74,44,1,4,0,1
164,4,376,603,74,44,1,4,0,1
165,4,377,604,74,44,1,4,0,1
166,4,376,604,74,44,1,4,0,1
167,4,375,605,74,44,1,4,0,1
168,4,374,605,74,44,1,4,0,1
169,4,373,606,74,44,1,4,0,1
170,4,372,606,74,44,1,4,0,1
171,4,371,607,74,44,1,4,0,1
172,4,370,607,74,44,1,4,0,1
173,4,369,608,74,44,1,4,0,1
174,4,369,609,74,44,1,4,0,1
175,4,368,606,74,44,1,4,0,1
176,4,368,604,74,44,1,4,0,1
177,4,367,601,74,44,1,4,0,1
178,4,367,599,74,44,1,4,0,1
179,4,366,596,74,44,1,4,0,1
180,4,366,594,74,44,1,4,0,1
181,4,366,592,74,44,1,4,0,1
182,4,366,581,74,44,1,4,0,1
183,4,366,570,74,44,1,4,0,1
184,4,366,559,74,44,1,4,0,1
185,4,365,554,74,44,1,4,0,1
186,4,364,550,74,44,1,4,0,1
187,4,364,550,74,44,1,4,0,1
188,4,364,550,74,44,1,4,0,2
189,4,364,550,74,44,1,4,0,2
190,4,364,550,74,44,1,4,0,2
191,4,364,550,74,44,1,4,0,2
192,4,364,550,74,44,1,4,0,2
193,4,364,550,74,44,1,4,0,2
194,4,364,550,74,44,1,4,0,2
195,4,364,550,74,44,1,4,0,2
196,4,364,550,74,44,1,4,0,2
197,4,364,550,74,44,1,4,0,2
198,4,364,550,74,44,1,4,0,2
199,4,364,550,74,44,1,4,0,2
200,4,364,550,74,44,1,4,0,2
201,4,364,550,74,44,1,4,0,1
202,4,363,548,74,44,1,4,0,1
203,4,363,547,74,44,1,4,0,1
204,4,362,545,74,44,1,4,0,1
205,4,362,544,74,44,1,4,0,1
206,4,361,544,74,44,1,4,0,1
207,4,360,544,74,44,1,4,0,1
208,4,360,544,74,44,1,4,0,1
209,4,359,544,74,44,1,4,0,1
210,4,359,544,74,44,1,4,0,1
211,4,358,544,74,44,1,4,0,1
212,4,357,544,74,44,1,4,0,1
213,4,357,544,74,44,1,4,0,1
214,4,356,544,74,44,1,4,0,1
215,4,356,544,74,44,1,4,0,1
216,4,355,544,74,44,1,4,0,1
217,4,354,544,74,44,1,4,0,1
218,4,354,544,74,44,1,4,0,1
219,4,353,544,74,44,1,4,0,1
220,4,353,544,74,44,1,4,0,1
221,4,352,544,74,44,1,4,0,1
222,4,352,544,74,44,1,4,0,1
223,4,351,544,74,44,1,4,0,1
224,4,351,544,74,44,1,4,0,1
225,4,350,544,74,44,1,4,0,1
226,4,350,544,74,44,1,4,0,1
227,4,349,544,74,44,1,4,0,1
228,4,349,544,74,44,1,4,0,1
229,4,348,544,74,44,1,4,0,1
230,4,348,544,74,44,1,4,0,1
231,4,347,544,74,44,1,4,0,1
232,4,347,544,74,44,1,4,0,1
233,4,346,543,74,44,1,4,0,1
234,4,346,543,74,44,1,4,0,1
235,4,346,543,74,44,1,4,0,1
236,4,346,543,74,44,1,4,0,1
237,4,346,543,74,44,1,4,0,1
238,4,345,543,74,44,1,4,0,1
239,4,345,543,74,44,1,4,0,1
240,4,345,543,74,44,1,4,0,1
241,4,345,542,74,44,1,4,0,1
242,4,345,542,74,44,1,4,0,1
243,4,344,542,74,44,1,4,0,1
244,4,344,542,74,44,1,4,0,1
245,4,344,542,74,44,1,4,0,1
246,4,344,542,74,44,1,4,0,1
247,4,344,542,74,44,1,4,0,1
248,4,344,542,74,44,1,4,0,1
249,4,343,542,74,44,1,4,0,1
250,4,342,542,74,44,1,4,0,1
251,4,342,543,74,44,1,4,0,1
252,4,341,543,74,44,1,4,0,1
253,4,341,543,74,44,1,4,0,1
254,4,340,544,74,44,1,4,0,1
255,4,340,544,74,44,1,4,0,1
256,4,339,544,74,44,1,4,0,1
257,4,339,545,74,44,1,4,0,1
258,4,338,545,74,44,1,4,0,1
259,4,338,545,74,44,1,4,0,1
260,4,337,546,74,44,1,4,0,1
261,4,337,546,74,44,1,4,0,1
262,4,336,546,74,44,1,4,0,1
263,4,336,547,74,44,1,4,0,1
264,4,335,547,74,44,1,4,0,1
265,4,335,548,74,44,1,4,0,1
21,5,0,442,103,80,1,6,1,0
22,5,10,445,120,78,1,6,0,0
23,5,34,445,120,78,1,6,0,0
24,5,58,445,120,78,1,6,0,0
25,5,85,443,120,78,1,6,0,0
26,5,112,442,120,77,1,6,0,0
27,5,140,441,119,77,1,6,0,0
28,5,166,440,119,77,1,6,0,0
29,5,192,439,119,77,1,6,0,0
30,5,218,439,119,77,1,6,0,0
31,5,243,438,119,77,1,6,0,0
32,5,268,438,119,77,1,6,0,0
33,5,293,438,119,77,1,6,0,0
34,5,297,438,119,77,1,6,0,0
35,5,301,439,119,77,1,6,0,0
36,5,305,439,119,77,1,6,0,0
37,5,309,440,119,77,1,6,0,0
38,5,313,440,119,77,1,6,0,0
39,5,318,441,119,77,1,6,0,0
40,5,317,441,119,77,1,6,0,0
41,5,316,441,119,77,1,6,0,0
42,5,316,441,119,77,1,6,0,0
43,5,315,441,119,77,1,6,0,0
44,5,314,441,119,77,1,6,0,0
45,5,314,441,119,77,1,6,0,0
46,5,313,441,119,77,1,6,0,0
47,5,313,441,119,77,1,6,0,0
48,5,312,441,119,77,1,6,0,0
49,5,311,441,119,77,1,6,0,0
50,5,311,441,119,77,1,6,0,0
51,5,310,441,119,77,1,6,0,0
52,5,310,441,119,77,1,6,0,0
53,5,309,441,119,77,1,6,0,0
54,5,308,441,119,77,1,6,0,0
55,5,308,441,119,77,1,6,0,0
56,5,307,441,119,77,1,6,0,0
57,5,307,442,119,77,1,6,0,0
58,5,306,440,119,77,1,6,0,0
59,5,305,439,119,77,1,6,0,0
60,5,305,438,119,77,1,6,0,0
61,5,304,437,119,77,1,6,0,0
62,5,304,436,119,77,1,6,0,0
63,5,303,434,119,77,1,6,0,0
64,5,303,433,119,77,1,6,0,0
65,5,302,432,119,77,1,6,0,0
66,5,302,431,119,77,1,6,0,0
67,5,301,430,119,77,1,6,0,0
68,5,301,429,119,77,1,6,0,0
69,5,299,429,119,77,1,6,0,0
70,5,298,430,119,77,1,6,0,0
71,5,296,431,119,77,1,6,0,0
72,5,295,431,119,77,1,6,0,0
73,5,293,432,119,77,1,6,0,0
74,5,292,433,119,77,1,6,0,0
75,5,290,434,119,77,1,6,0,0
76,5,289,434,119,77,1,6,0,0
77,5,287,435,119,77,1,6,0,0
78,5,286,436,119,77,1,6,0,0
79,5,285,437,119,77,1,6,0,0
80,5,279,438,119,77,1,6,0,0
81,5,273,439,119,77,1,6,0,0
82,5,268,440,119,77,1,6,0,0
83,5,244,441,119,77,1,6,0,0
84,5,220,442,119,77,1,6,0,0
85,5,193,446,119,77,1,6,0,0
86,5,166,451,119,77,1,6,0,0
87,5,139,456,119,77,1,6,0,0
88,5,115,460,119,77,1,6,0,0
89,5,102,462,119,77,1,6,0,0
90,5,101,461,119,77,1,6,0,0
91,5,99,460,119,77,1,6,0,0
92,5,98,460,119,77,1,6,0,0
93,5,97,459,119,77,1,6,0,0
94,5,96,459,119,77,1,6,0,0
95,5,95,459,119,77,1,6,0,0
96,5,93,458,119,77,1,6,0,0
97,5,92,458,119,77,1,6,0,0
98,5,91,457,119,77,1,6,0,0
99,5,90,457,119,77,1,6,0,0
100,5,89,457,119,77,1,6,0,0
101,5,87,457,119,77,1,6,0,0
102,5,86,457,119,77,1,6,0,0
103,5,85,457,119,77,1,6,0,0
104,5,84,457,119,77,1,6,0,0
105,5,83,458,119,77,1,6,0,0
106,5,82,458,119,77,1,6,0,0
107,5,81,458,119,77,1,6,0,0
108,5,79,458,119,77,1,6,0,0
109,5,78,458,119,77,1,6,0,0
110,5,77,459,119,77,1,6,0,0
111,5,76,459,119,77,1,6,0,0
112,5,75,459,119,77,1,6,0,0
113,5,74,459,119,77,1,6,0,0
114,5,73,460,119,77,1,6,0,0
115,5,72,459,119,77,1,6,0,0
116,5,72,459,119,77,1,6,0,0
117,5,71,458,119,77,1,6,0,0
118,5,71,458,119,77,1,6,0,0
119,5,52,458,119,77,1,6,0,0
120,5,34,459,119,77,1,6,0,0
121,5,11,461,119,77,1,6,0,0
122,5,7,460,109,77,1,6,1,0
123,5,3,460,100,77,1,6,1,0
124,5,2,460,98,77,1,6,1,0
125,5,2,460,95,77,1,6,1,0
126,5,1,459,103,77,1,6,1,0
127,5,1,459,111,77,1,6,1,0
128,5,1,459,119,77,1,6,1,0
1,6,2355,494,74,44,1,4,0,1
2,6,2364,494,74,44,1,4,0,1
3,6,2373,495,74,44,1,4,0,1
4,6,2382,495,74,44,1,4,0,1
5,6,2391,496,74,44,1,4,0,1
6,6,2400,496,74,44,1,4,0,1
7,6,2409,497,74,44,1,4,0,1
8,6,2419,497,75,44,1,4,0,1
9,6,2429,497,76,44,1,4,0,1
10,6,2439,497,77,44,1,4,0,1
11,6,2449,497,78,44,1,4,0,1
12,6,2459,498,79,44,1,4,0,1
13,6,2469,498,80,44,1,4,0,1
14,6,2479,498,81,44,1,4,0,1
15,6,2489,498,82,44,1,4,0,1
16,6,2499,499,83,44,1,4,0,1
17,6,2513,500,83,44,1,4,0,1
18,6,2527,501,83,44,1,4,0,1
19,6,2541,502,83,44,1,4,0,1
20,6,2569,502,84,44,1,4,0,1
21,6,2599,502,84,45,1,4,0,1
1,7,2312,419,109,47,0,0,0,0
2,7,2313,418,109,47,0,0,0,0
3,7,2314,418,109,47,0,0,0,0
4,7,2315,417,109,47,0,0,0,0
5,7,2316,417,109,47,0,0,0,0
6,7,2317,416,109,47,0,0,0,0
7,7,2318,416,109,47,0,0,0,0
8,7,2319,416,110,47,0,0,0,0
9,7,2320,415,110,47,0,0,0,0
10,7,2321,415,110,47,0,0,0,0
11,7,2322,414,110,47,0,0,0,0
12,7,2323,414,110,47,0,0,0,0
13,7,2324,413,110,47,0,0,0,0
14,7,2325,413,110,47,0,0,0,0
15,7,2327,413,110,47,0,0,0,0
16,7,2327,414,110,47,0,0,0,0
17,7,2327,416,110,47,0,0,0,0
18,7,2328,418,110,47,0,0,0,0
19,7,2343,417,110,47,0,0,0,0
20,7,2359,416,110,47,0,0,0,0
21,7,2374,415,110,47,0,0,0,0
22,7,2390,414,110,47,0,0,0,0
23,7,2419,414,108,47,0,0,0,0
24,7,2448,415,106,47,0,0,0,0
25,7,2477,416,105,47,0,0,0,0
26,7,2506,417,103,47,0,0,0,0
27,7,2535,418,101,47,0,0,0,0
28,7,2564,419,100,47,0,0,0,0
29,7,2593,420,98,47,0,0,0,0
30,7,2622,421,97,47,0,0,0,0
12,8,882,829,142,74,1,4,0,1
13,8,909,838,142,74,1,4,0,1
14,8,927,841,142,74,1,4,0,1
15,8,948,845,142,73,1,4,0,0
16,8,969,851,142,73,1,4,0,0
17,8,1003,855,142,73,1,4,0,0
18,8,1038,860,142,73,1,4,0,0
19,8,1072,865,143,73,1,4,0,0
20,8,1107,870,143,73,1,4,0,0
21,8,1142,875,142,73,1,4,0,0
22,8,1176,880,143,73,1,4,0,0
23,8,1211,885,143,73,1,4,0,0
24,8,1246,890,143,73,1,4,0,0
25,8,1288,895,148,77,1,4,0,0
26,8,1330,901,153,80,1,4,0,0
27,8,1372,907,159,83,1,4,0,0
28,8,1419,914,158,83,1,4,0,0
29,8,1466,922,158,83,1,4,0,0
30,8,1513,929,158,83,1,4,0,0
31,8,1560,937,158,83,1,4,0,0
32,8,1607,945,158,83,1,4,0,0
33,8,1660,954,161,86,1,4,0,0
34,8,1703,961,164,88,1,4,0,0
35,8,1735,968,167,90,1,4,0,0
36,8,1767,975,170,93,1,4,0,0
37,8,1799,982,173,96,1,4,0,0
38,8,1831,990,177,98,1,4,0,0
39,8,1863,998,181,101,1,4,0,0
40,8,1895,1007,185,103,1,4,0,0
41,8,1927,1015,189,105,1,4,0,0
42,8,1959,1023,193,108,1,4,0,0
43,8,1991,1032,197,110,1,4,0,0
44,8,2030,1041,201,112,1,4,0,0
45,8,2069,1051,205,113,1,4,0,0
46,8,2109,1061,208,114,1,4,0,0
47,8,2148,1071,212,115,1,4,0,0
48,8,2187,1081,216,117,1,4,0,0
49,8,2227,1091,219,118,1,4,0,0
50,8,2266,1101,223,119,1,4,0,0
51,8,2305,1111,227,120,1,4,0,0
52,8,2345,1121,230,122,1,4,0,0
53,8,2391,1132,231,122,1,4,0,0
54,8,2437,1144,232,122,1,4,0,0
55,8,2483,1156,233,122,1,4,0,0
56,8,2520,1165,197,122,1,4,1,0
29,9,7,534,58,35,1,4,0,0
30,9,39,532,58,35,1,4,0,0
31,9,72,535,58,35,1,4,0,0
32,9,111,533,58,35,1,4,0,0
33,9,145,533,58,35,1,4,0,0
34,9,180,533,58,35,1,4,0,0
35,9,190,536,59,35,1,4,0,0
36,9,200,539,60,35,1,4,0,0
37,9,211,542,60,35,1,4,0,0
38,9,218,544,60,35,1,4,0,0
39,9,225,546,60,35,1,4,0,0
40,9,232,549,60,35,1,4,0,0
41,9,239,551,60,35,1,4,0,0
42,9,247,554,60,35,1,4,0,0
43,9,255,556,60,35,1,4,0,0
44,9,264,558,60,35,1,4,0,0
45,9,272,560,60,35,1,4,0,0
46,9,281,562,60,35,1,4,0,0
47,9,289,564,60,35,1,4,0,0
48,9,298,566,60,35,1,4,0,0
49,9,305,566,62,39,1,4,0,0
50,9,312,567,64,43,1,4,0,0
51,9,320,568,65,47,1,4,0,0
52,9,332,571,65,47,1,4,0,1
53,9,340,572,65,47,1,4,0,1
54,9,348,573,65,47,1,4,0,1
55,9,359,576,65,47,1,4,0,1
56,9,370,579,65,48,1,4,0,1
57,9,381,583,65,48,1,4,0,1
58,9,388,585,65,48,1,4,0,1
59,9,395,587,65,48,1,4,0,1
60,9,402,589,65,48,1,4,0,1
61,9,413,591,65,48,1,4,0,1
62,9,425,594,65,47,1,4,0,1
63,9,432,592,65,47,1,4,0,1
64,9,441,597,65,47,1,4,0,2
65,9,450,600,65,47,1,4,0,2
66,9,459,603,65,47,1,4,0,2
67,9,468,604,65,47,1,4,0,2
68,9,477,606,65,47,1,4,0,2
69,9,487,611,65,47,1,4,0,2
70,9,500,616,66,47,1,4,0,2
71,9,513,621,67,48,1,4,0,2
72,9,526,626,68,48,1,4,0,2
73,9,539,631,69,49,1,4,0,2
74,9,552,636,71,49,1,4,0,2
75,9,565,641,72,50,1,4,0,2
76,9,578,646,73,50,1,4,0,2
77,9,591,651,74,51,1,4,0,2
78,9,604,656,76,51,1,4,0,2
79,9,617,662,77,51,1,4,0,2
80,9,630,667,78,51,1,4,0,2
81,9,643,672,79,52,1,4,0,2
82,9,656,677,80,53,1,4,0,2
83,9,669,682,82,53,1,4,0,2
84,9,682,687,83,54,1,4,0,2
85,9,695,692,84,54,1,4,0,2
86,9,708,697,85,55,1,4,0,2
87,9,721,702,87,55,1,4,0,2
88,9,734,707,88,56,1,4,0,2
89,9,747,713,89,55,1,4,0,2
90,9,760,718,90,56,1,4,0,2
91,9,773,723,92,56,1,4,0,2
92,9,786,728,93,57,1,4,0,2
93,9,800,733,93,58,1,4,0,2
94,9,813,738,94,58,1,4,0,2
95,9,826,743,95,59,1,4,0,2
96,9,839,748,97,59,1,4,0,2
97,9,852,753,98,60,1,4,0,2
98,9,865,759,99,59,1,4,0,2
99,9,878,764,100,60,1,4,0,2
100,9,891,769,102,60,1,4,0,2
101,9,904,774,103,61,1,4,0,2
102,9,917,779,104,61,1,4,0,2
103,9,930,784,105,62,1,4,0,2
104,9,943,789,107,62,1,4,0,2
105,9,956,794,108,63,1,4,0,2
106,9,969,799,109,64,1,4,0,2
107,9,982,804,110,64,1,4,0,2
108,9,995,810,111,64,1,4,0,2
109,9,1008,815,113,64,1,4,0,2
110,9,1021,820,114,65,1,4,0,2
111,9,1034,825,115,65,1,4,0,2
112,9,1047,830,116,66,1,4,0,2
113,9,1060,835,118,66,1,4,0,2
114,9,1073,840,119,67,1,4,0,2
115,9,1086,845,120,67,1,4,0,2
116,9,1099,850,121,68,1,4,0,2
117,9,1113,856,122,68,1,4,0,2
118,9,1125,860,123,68,1,4,0,2
119,9,1138,864,123,68,1,4,0,2
120,9,1150,870,123,68,1,4,0,2
121,9,1132,874,146,74,1,4,0,1
122,9,1159,883,146,74,1,4,0,0
123,9,1186,890,146,74,1,4,0,0
124,9,1213,898,146,74,1,4,0,0
125,9,1241,905,146,75,1,4,0,0
126,9,1268,913,146,74,1,4,0,0
127,9,1295,920,146,75,1,4,0,0
128,9,1323,928,146,75,1,4,0,0
129,9,1355,934,149,77,1,4,0,0
130,9,1387,941,152,79,1,4,0,0
131,9,1419,947,156,82,1,4,0,0
132,9,1451,954,159,84,1,4,0,0
133,9,1483,961,163,86,1,4,0,0
134,9,1516,969,166,88,1,4,0,0
135,9,1550,978,168,89,1,4,0,0
136,9,1584,986,171,91,1,4,0,0
137,9,1617,995,174,92,1,4,0,0
138,9,1651,1003,176,94,1,4,0,0
139,9,1685,1012,179,95,1,4,0,0
140,9,1720,1019,181,96,1,4,0,0
141,9,1755,1026,184,98,1,4,0,0
142,9,1790,1033,186,99,1,4,0,0
143,9,1825,1040,189,101,1,4,0,0
144,9,1860,1047,191,102,1,4,0,0
145,9,1895,1054,194,104,1,4,0,0
146,9,1941,1064,198,106,1,4,0,0
147,9,1987,1075,203,107,1,4,0,0
148,9,2033,1085,207,109,1,4,0,0
149,9,2079,1096,212,110,1,4,0,0
150,9,2125,1106,216,112,1,4,0,0
151,9,2171,1117,221,113,1,4,0,0
152,9,2227,1131,221,113,1,4,0,0
153,9,2283,1146,221,113,1,4,0,0
154,9,2335,1158,225,115,1,4,0,0
155,9,2387,1170,230,118,1,4,0,0
156,9,2446,1182,238,118,1,4,0,0
157,9,2499,1188,218,118,1,4,1,0
31,10,0,526,52,50,1,4,1,0
32,10,15,526,76,50,1,4,0,0
33,10,45,526,76,50,1,4,0,0
34,10,75,526,76,50,1,4,0,0
35,10,89,528,73,50,1,4,0,0
36,10,103,530,70,50,1,4,0,0
37,10,117,532,67,50,1,4,0,0
38,10,124,534,67,50,1,4,0,0
39,10,131,536,68,50,1,4,0,0
40,10,139,538,68,50,1,4,0,0
41,10,146,540,68,51,1,4,0,0
42,10,154,542,68,51,1,4,0,0
43,10,161,544,69,51,1,4,0,0
44,10,169,547,69,51,1,4,0,0
45,10,179,551,68,50,1,4,0,0
46,10,184,552,68,50,1,4,1,0
47,10,200,555,69,50,1,4,1,0
48,10,200,555,69,50,1,4,0,0
49,10,207,557,69,50,1,4,0,0
50,10,215,559,69,50,1,4,0,0
51,10,223,561,68,50,1,4,0,0
52,10,231,563,68,50,1,4,0,0
53,10,238,568,68,50,1,4,0,0
54,10,242,571,77,50,1,4,0,0
55,10,254,573,77,50,1,4,0,1
56,10,261,575,77,50,1,4,0,1
57,10,268,577,77,50,1,4,0,1
58,10,275,579,77,50,1,4,0,1
59,10,283,581,77,50,1,4,0,1
60,10,291,583,77,50,1,4,0,1
61,10,299,585,77,50,1,4,0,1
62,10,306,586,77,50,1,4,0,1
63,10,314,587,77,50,1,4,0,1
64,10,322,589,77,50,1,4,0,1
65,10,329,589,77,50,1,4,0,1
66,10,337,589,77,50,1,4,0,1
67,10,344,592,77,50,1,4,0,1
68,10,352,595,77,50,1,4,0,1
69,10,357,595,77,50,1,4,0,1
70,10,363,603,77,50,1,4,0,2
71,10,371,606,78,51,1,4,0,2
72,10,379,610,79,52,1,4,0,2
73,10,387,614,81,52,1,4,0,2
74,10,395,618,82,53,1,4,0,2
75,10,403,622,84,53,1,4,0,2
76,10,412,626,84,54,1,4,0,2
77,10,420,630,85,54,1,4,0,2
78,10,428,634,87,55,1,4,0,2
79,10,436,638,88,55,1,4,0,2
80,10,444,642,90,56,1,4,0,2
81,10,453,646,90,56,1,4,0,2
82,10,461,650,92,57,1,4,0,2
83,10,469,654,93,57,1,4,0,2
84,10,477,658,94,58,1,4,0,2
85,10,485,662,96,58,1,4,0,2
86,10,494,666,96,59,1,4,0,2
87,10,502,670,98,59,1,4,0,2
88,10,510,674,99,60,1,4,0,2
89,10,518,678,101,60,1,4,0,2
90,10,526,682,102,61,1,4,0,2
91,10,535,686,102,61,1,4,0,2
92,10,543,690,104,62,1,4,0,2
93,10,551,694,105,62,1,4,0,2
94,10,559,698,107,63,1,4,0,2
95,10,567,702,108,63,1,4,0,2
96,10,575,706,110,64,1,4,0,2
97,10,584,710,110,64,1,4,0,2
98,10,592,714,111,65,1,4,0,2
99,10,600,718,113,65,1,4,0,2
100,10,608,722,114,66,1,4,0,2
101,10,616,726,116,66,1,4,0,2
102,10,625,730,116,67,1,4,0,2
103,10,633,734,118,67,1,4,0,2
104,10,641,738,119,68,1,4,0,2
105,10,649,742,120,69,1,4,0,2
106,10,657,746,122,69,1,4,0,2
107,10,666,750,122,70,1,4,0,2
108,10,674,754,124,70,1,4,0,2
109,10,682,758,125,71,1,4,0,2
110,10,690,762,127,71,1,4,0,2
111,10,698,766,128,72,1,4,0,2
112,10,707,770,128,72,1,4,0,2
113,10,715,774,130,73,1,4,0,2
114,10,723,778,131,73,1,4,0,2
115,10,731,782,133,74,1,4,0,2
116,10,739,786,134,74,1,4,0,2
117,10,747,790,136,75,1,4,0,2
118,10,756,794,136,75,1,4,0,2
119,10,764,798,137,76,1,4,0,2
120,10,772,802,139,76,1,4,0,2
121,10,780,806,140,77,1,4,0,2
122,10,788,810,142,77,1,4,0,2
123,10,797,814,142,78,1,4,0,2
124,10,805,818,144,78,1,4,0,2
125,10,813,822,145,79,1,4,0,2
126,10,821,826,146,79,1,4,0,2
127,10,829,830,148,80,1,4,0,2
128,10,838,834,148,80,1,4,0,2
129,10,846,838,150,81,1,4,0,2
130,10,854,842,151,81,1,4,0,2
131,10,862,846,153,82,1,4,0,2
132,10,870,850,154,82,1,4,0,2
133,10,879,854,154,83,1,4,0,2
134,10,887,858,156,83,1,4,0,2
135,10,895,862,157,84,1,4,0,2
136,10,903,866,159,84,1,4,0,2
137,10,911,870,160,85,1,4,0,2
138,10,920,874,161,86,1,4,0,2
139,10,938,880,161,86,1,4,0,2
140,10,956,886,161,86,1,4,0,2
141,10,971,892,161,86,1,4,0,2
142,10,986,895,161,86,1,4,0,2
143,10,1009,901,161,86,1,4,0,1
144,10,1024,904,161,86,1,4,0,0
145,10,1046,910,161,90,1,4,0,0
146,10,1068,916,161,95,1,4,0,0
147,10,1095,921,163,97,1,4,0,0
148,10,1123,927,165,99,1,4,0,0
149,10,1151,933,166,101,1,4,0,0
150,10,1179,938,168,104,1,4,0,0
151,10,1207,944,170,106,1,4,0,0
152,10,1234,950,172,107,1,4,0,0
153,10,1262,955,174,110,1,4,0,0
154,10,1290,961,175,112,1,4,0,0
155,10,1318,967,177,114,1,4,0,0
156,10,1346,973,179,116,1,4,0,0
157,10,1382,981,181,116,1,4,0,0
158,10,1419,990,182,116,1,4,0,0
159,10,1455,998,184,116,1,4,0,0
160,10,1492,1007,185,116,1,4,0,0
161,10,1528,1015,187,116,1,4,0,0
162,10,1565,1024,188,116,1,4,0,0
163,10,1601,1032,190,116,1,4,0,0
164,10,1638,1041,191,116,1,4,0,0
165,10,1674,1049,193,116,1,4,0,0
166,10,1711,1058,194,116,1,4,0,0
167,10,1753,1066,198,120,1,4,0,0
168,10,1795,1075,202,123,1,4,0,0
169,10,1838,1084,205,127,1,4,0,0
170,10,1880,1093,209,130,1,4,0,0
171,10,1923,1102,212,134,1,4,0,0
172,10,1972,1110,217,137,1,4,0,0
173,10,2021,1119,222,139,1,4,0,0
174,10,2071,1127,226,142,1,4,0,0
175,10,2120,1136,232,145,1,4,0,0
176,10,2169,1145,237,147,1,4,0,0
177,10,2219,1153,241,150,1,4,0,0
178,10,2268,1162,246,152,1,4,0,0
179,10,2318,1171,251,155,1,4,0,0
180,10,2374,1175,254,155,1,4,0,0
181,10,2430,1180,257,155,1,4,0,0
182,10,2479,1183,240,155,1,4,1,0
31,11,1,492,49,37,1,4,1,0
32,11,15,490,49,38,1,4,0,0
33,11,36,488,50,38,1,4,0,0
34,11,58,486,51,38,1,4,0,0
35,11,55,485,51,38,1,4,0,0
36,11,52,485,51,38,1,4,0,0
37,11,46,483,51,38,1,4,0,0
38,11,40,481,51,38,1,4,0,0
39,11,34,479,51,38,1,4,0,0
40,11,28,477,51,38,1,4,0,0
41,11,22,476,51,38,1,4,0,0
42,11,16,474,51,38,1,4,0,0
43,11,10,472,51,38,1,4,0,0
44,11,5,470,50,38,1,4,0,0
45,11,0,469,49,38,1,4,1,0
43,12,2,497,49,50,1,5,1,0
44,12,2,498,55,50,1,5,1,0
45,12,2,499,62,50,1,5,1,0
46,12,3,503,62,49,1,5,0,0
47,12,6,502,65,57,1,5,0,0
48,12,12,504,65,57,1,5,0,0
49,12,18,506,65,57,1,5,0,0
50,12,25,508,65,57,1,5,0,0
51,12,31,511,65,56,1,5,0,0
52,12,38,513,65,56,1,5,0,0
53,12,44,515,65,56,1,5,0,0
54,12,51,518,65,56,1,5,0,0
55,12,58,520,65,56,1,5,0,0
56,12,65,522,65,56,1,5,0,0
57,12,73,524,65,56,1,5,0,0
58,12,80,526,65,56,1,5,0,0
59,12,87,528,65,56,1,5,0,0
60,12,95,531,65,56,1,5,0,0
61,12,101,532,66,56,1,5,0,0
62,12,107,533,67,57,1,5,0,0
63,12,113,535,68,57,1,5,0,0
64,12,119,536,69,58,1,5,0,0
65,12,125,538,70,58,1,5,0,0
66,12,131,539,71,59,1,5,0,0
67,12,137,541,72,59,1,5,0,0
68,12,143,542,73,60,1,5,0,0
69,12,150,544,73,60,1,5,0,0
70,12,155,547,73,60,1,5,0,0
71,12,160,550,73,60,1,5,0,0
72,12,165,553,73,60,1,5,0,0
73,12,170,556,73,60,1,5,0,0
74,12,175,559,73,60,1,5,0,0
75,12,180,562,73,60,1,5,0,0
76,12,189,562,73,60,1,5,0,0
77,12,192,569,73,59,1,5,0,1
78,12,193,571,75,61,1,5,0,1
79,12,195,574,77,62,1,5,0,1
80,12,196,577,79,63,1,5,0,1
81,12,198,580,81,64,1,5,0,1
82,12,200,583,83,65,1,5,0,1
83,12,183,587,86,68,1,5,0,1
84,12,167,592,89,71,1,5,0,1
85,12,149,601,89,71,1,5,0,1
86,12,127,610,89,72,1,5,0,1
87,12,109,616,89,72,1,5,0,1
88,12,94,623,89,71,1,5,0,1
89,12,88,627,90,71,1,5,0,1
90,12,97,630,90,71,1,5,0,1
91,12,106,635,90,71,1,5,0,1
92,12,112,638,90,71,1,5,0,2
93,12,124,642,91,72,1,5,0,2
94,12,136,647,93,72,1,5,0,2
95,12,148,652,95,72,1,5,0,2
96,12,160,656,97,74,1,5,0,2
97,12,172,661,99,74,1,5,0,2
98,12,184,666,101,74,1,5,0,2
99,12,196,670,103,75,1,5,0,2
100,12,209,675,104,76,1,5,0,2
101,12,221,680,106,76,1,5,0,2
102,12,233,685,107,76,1,5,0,2
103,12,245,689,109,77,1,5,0,2
104,12,257,694,111,78,1,5,0,2
105,12,269,699,113,78,1,5,0,2
106,12,281,703,115,79,1,5,0,2
107,12,293,708,117,79,1,5,0,2
108,12,306,713,118,80,1,5,0,2
109,12,318,717,120,81,1,5,0,2
110,12,330,722,122,81,1,5,0,2
111,12,342,727,123,81,1,5,0,2
112,12,354,732,125,82,1,5,0,2
113,12,366,736,127,83,1,5,0,2
114,12,378,741,129,83,1,5,0,2
115,12,390,746,131,83,1,5,0,2
116,12,403,750,132,85,1,5,0,2
117,12,415,755,134,85,1,5,0,2
118,12,427,760,136,85,1,5,0,2
119,12,439,765,138,86,1,5,0,2
120,12,451,769,139,87,1,5,0,2
121,12,463,774,141,87,1,5,0,2
122,12,475,779,143,87,1,5,0,2
123,12,488,783,144,89,1,5,0,2
124,12,500,788,146,89,1,5,0,2
125,12,512,793,148,89,1,5,0,2
126,12,524,797,150,90,1,5,0,2
127,12,536,802,152,91,1,5,0,2
128,12,548,807,154,91,1,5,0,2
129,12,560,812,155,91,1,5,0,2
130,12,572,816,157,92,1,5,0,2
131,12,585,821,158,93,1,5,0,2
132,12,597,826,160,93,1,5,0,2
133,12,609,830,162,94,1,5,0,2
134,12,621,835,164,94,1,5,0,2
135,12,633,840,166,95,1,5,0,2
136,12,645,844,168,96,1,5,0,2
137,12,657,849,170,96,1,5,0,2
138,12,669,854,171,96,1,5,0,2
139,12,682,859,172,97,1,5,0,2
140,12,694,863,174,98,1,5,0,2
141,12,706,868,176,98,1,5,0,2
142,12,718,873,178,98,1,5,0,2
143,12,730,877,180,100,1,5,0,2
144,12,742,882,182,100,1,5,0,2
145,12,754,887,184,100,1,5,0,2
146,12,767,892,185,101,1,5,0,2
147,12,799,898,185,101,1,5,0,2
148,12,820,903,185,101,1,5,0,2
149,12,847,906,184,110,1,5,0,2
150,12,880,912,184,110,1,5,0,1
151,12,901,915,184,110,1,5,0,1
152,12,936,915,184,125,1,5,0,1
153,12,970,918,184,128,1,5,0,0
154,12,1002,925,187,131,1,5,0,0
155,12,1035,932,189,134,1,5,0,0
156,12,1068,939,191,137,1,5,0,0
157,12,1101,946,194,140,1,5,0,0
158,12,1134,954,196,143,1,5,0,0
159,12,1166,961,199,146,1,5,0,0
160,12,1199,968,202,149,1,5,0,0
161,12,1232,975,204,152,1,5,0,0
162,12,1265,982,206,155,1,5,0,0
163,12,1298,990,209,158,1,5,0,0
164,12,1339,998,213,160,1,5,0,0
165,12,1381,1006,216,162,1,5,0,0
166,12,1423,1014,219,164,1,5,0,0
167,12,1464,1022,224,166,1,5,0,0
168,12,1506,1031,227,167,1,5,0,0
169,12,1548,1039,230,169,1,5,0,0
170,12,1589,1047,235,171,1,5,0,0
171,12,1631,1055,238,173,1,5,0,0
172,12,1673,1063,241,175,1,5,0,0
173,12,1715,1072,245,177,1,5,0,0
174,12,1765,1083,248,179,1,5,0,0
175,12,1815,1094,251,181,1,5,0,0
176,12,1866,1106,254,182,1,5,0,0
177,12,1916,1117,257,184,1,5,0,0
178,12,1967,1129,260,185,1,5,0,0
179,12,2019,1132,265,188,1,5,0,0
180,12,2071,1136,270,191,1,5,0,0
181,12,2123,1139,275,194,1,5,0,0
182,12,2175,1143,280,197,1,5,0,0
183,12,2227,1146,285,200,1,5,0,0
184,12,2279,1150,290,203,1,5,0,0
185,12,2341,1159,290,203,1,5,0,0
186,12,2401,1167,290,203,1,5,0,0
187,12,2448,1174,269,204,1,5,1,0
31,13,1179,760,139,84,1,4,0,2
32,13,1229,775,132,74,1,4,0,2
33,13,1280,790,125,65,1,4,0,2
34,13,1314,795,125,65,1,4,0,1
35,13,1342,798,126,65,1,4,0,0
36,13,1369,805,126,65,1,4,0,0
37,13,1394,810,128,67,1,4,0,0
38,13,1420,815,130,69,1,4,0,0
39,13,1445,821,133,70,1,4,0,0
40,13,1471,826,134,72,1,4,0,0
41,13,1496,831,137,74,1,4,0,0
42,13,1522,837,139,75,1,4,0,0
43,13,1547,842,141,77,1,4,0,0
44,13,1573,847,143,79,1,4,0,0
45,13,1599,853,145,80,1,4,0,0
46,13,1629,860,148,80,1,4,0,0
47,13,1660,868,151,80,1,4,0,0
48,13,1691,876,154,80,1,4,0,0
49,13,1721,883,158,80,1,4,0,0
50,13,1752,891,161,80,1,4,0,0
51,13,1783,899,164,80,1,4,0,0
52,13,1814,907,167,80,1,4,0,0
53,13,1850,915,171,81,1,4,0,0
54,13,1886,923,175,83,1,4,0,0
55,13,1922,931,179,85,1,4,0,0
56,13,1959,939,182,87,1,4,0,0
57,13,1995,947,187,89,1,4,0,0
58,13,2031,955,191,91,1,4,0,0
59,13,2068,963,194,93,1,4,0,0
60,13,2104,971,198,95,1,4,0,0
61,13,2140,979,202,97,1,4,0,0
62,13,2177,988,206,98,1,4,0,0
63,13,2222,998,209,101,1,4,0,0
64,13,2267,1009,212,103,1,4,0,0
65,13,2313,1019,215,106,1,4,0,0
66,13,2358,1030,218,108,1,4,0,0
67,13,2403,1040,221,111,1,4,0,0
68,13,2449,1051,224,113,1,4,0,0
69,13,2497,1063,221,113,1,4,1,0
43,14,617,578,75,44,1,5,0,2
44,14,606,573,74,44,1,5,0,2
45,14,591,573,74,44,1,5,0,1
46,14,576,573,74,44,1,5,0,1
47,14,565,576,74,44,1,5,0,1
48,14,552,568,74,44,1,5,0,1
49,14,540,565,74,44,1,5,0,1
50,14,529,563,74,44,1,5,0,1
51,14,518,561,74,44,1,5,0,1
52,14,507,559,74,44,1,5,0,1
53,14,495,556,74,44,1,5,0,1
54,14,484,554,74,44,1,5,0,1
55,14,473,552,74,44,1,5,0,1
56,14,462,550,74,44,1,5,0,1
57,14,451,549,74,44,1,5,0,0
58,14,439,547,74,44,1,5,0,0
59,14,427,545,74,44,1,5,0,0
60,14,416,543,74,44,1,5,0,0
61,14,404,541,74,44,1,5,0,0
62,14,392,539,74,44,1,5,0,0
63,14,381,537,74,44,1,5,0,0
64,14,370,535,74,44,1,5,0,0
65,14,360,533,74,44,1,5,0,0
66,14,350,531,74,44,1,5,0,0
67,14,340,529,74,44,1,5,0,0
68,14,329,527,74,44,1,5,0,0
69,14,319,525,74,44,1,5,0,0
70,14,309,523,74,44,1,5,0,0
71,14,299,522,74,44,1,5,0,0
72,14,287,520,74,44,1,5,0,0
73,14,276,519,74,44,1,5,0,0
74,14,265,517,74,44,1,5,0,0
75,14,254,516,74,44,1,5,0,0
76,14,243,514,74,44,1,5,0,0
77,14,232,513,74,44,1,5,0,0
78,14,221,511,74,44,1,5,0,0
79,14,210,510,74,44,1,5,0,0
80,14,196,510,68,43,1,5,0,0
81,14,182,510,62,43,1,5,0,0
82,14,154,510,62,43,1,5,0,0
83,14,127,510,62,43,1,5,0,0
84,14,100,510,62,43,1,5,0,0
85,14,62,514,62,44,1,5,0,0
86,14,24,519,62,44,1,5,0,0
31,15,2,410,94,60,1,6,1,0
32,15,25,408,96,62,1,6,0,0
33,15,49,408,96,62,1,6,0,0
34,15,73,406,96,62,1,6,0,0
35,15,85,407,96,62,1,6,0,0
36,15,84,407,96,62,1,6,0,0
37,15,83,407,96,62,1,6,0,0
38,15,83,408,96,62,1,6,0,0
39,15,82,408,96,62,1,6,0,0
40,15,82,408,96,62,1,6,0,0
41,15,81,409,96,62,1,6,0,0
42,15,80,409,96,62,1,6,0,0
43,15,80,409,96,62,1,6,0,0
44,15,79,410,96,62,1,6,0,0
45,15,79,410,96,62,1,6,0,0
46,15,78,410,96,62,1,6,0,0
47,15,77,411,96,62,1,6,0,0
48,15,77,411,96,62,1,6,0,0
49,15,76,411,96,62,1,6,0,0
50,15,76,412,96,62,1,6,0,0
51,15,74,411,96,62,1,6,0,0
52,15,73,411,96,62,1,6,0,0
53,15,72,410,96,62,1,6,0,0
54,15,71,410,96,62,1,6,0,0
55,15,70,410,96,62,1,6,0,0
56,15,69,409,96,62,1,6,0,0
57,15,68,409,96,62,1,6,0,0
58,15,67,409,96,62,1,6,0,0
59,15,66,408,95,62,1,6,0,0
60,15,65,408,95,62,1,6,0,0
61,15,64,407,95,62,1,6,0,0
62,15,63,407,95,62,1,6,0,0
63,15,62,407,95,62,1,6,0,0
64,15,61,406,95,62,1,6,0,0
65,15,60,406,95,62,1,6,0,0
66,15,59,406,95,62,1,6,0,0
67,15,57,406,95,62,1,6,0,0
68,15,55,406,95,62,1,6,0,0
69,15,54,406,95,62,1,6,0,0
70,15,52,406,95,62,1,6,0,0
71,15,51,406,95,62,1,6,0,0
72,15,49,406,95,62,1,6,0,0
73,15,47,406,95,62,1,6,0,0
74,15,46,406,95,62,1,6,0,0
75,15,44,406,95,62,1,6,0,0
76,15,43,406,95,62,1,6,0,0
77,15,41,406,95,62,1,6,0,0
78,15,39,406,95,62,1,6,0,0
79,15,38,406,95,62,1,6,0,0
80,15,36,406,95,62,1,6,0,0
81,15,35,406,95,62,1,6,0,0
82,15,23,405,95,62,1,6,0,0
148,16,2588,988,129,81,1,4,1,0
149,16,2546,991,170,83,1,4,0,0
150,16,2510,986,170,83,1,4,0,0
151,16,2474,982,170,83,1,4,0,0
152,16,2438,977,170,83,1,4,0,0
153,16,2402,973,170,83,1,4,0,0
154,16,2366,968,170,83,1,4,0,0
155,16,2331,964,170,83,1,4,0,0
156,16,2295,959,170,83,1,4,0,0
157,16,2259,954,170,83,1,4,0,0
158,16,2223,949,170,83,1,4,0,0
159,16,2187,944,171,83,1,4,0,0
160,16,2151,939,171,83,1,4,0,0
161,16,2115,934,171,83,1,4,0,0
162,16,2080,930,171,83,1,4,0,0
163,16,2051,925,167,82,1,4,0,0
164,16,2023,920,163,81,1,4,0,0
165,16,1994,916,160,79,1,4,0,0
166,16,1966,911,156,78,1,4,0,0
167,16,1937,907,153,76,1,4,0,0
168,16,1909,902,149,75,1,4,0,0
169,16,1881,898,145,74,1,4,0,0
170,16,1851,892,145,74,1,4,0,0
171,16,1821,887,145,74,1,4,0,0
172,16,1791,882,145,74,1,4,0,0
173,16,1761,877,145,74,1,4,0,0
174,16,1734,872,143,72,1,4,0,0
175,16,1707,868,141,70,1,4,0,0
176,16,1680,863,139,68,1,4,0,0
177,16,1653,859,137,66,1,4,0,0
178,16,1626,854,135,64,1,4,0,0
179,16,1599,850,134,62,1,4,0,0
180,16,1572,837,134,62,1,4,0,0
181,16,1545,824,134,62,1,4,0,0
182,16,1519,811,134,62,1,4,0,0
183,16,1492,798,134,62,1,4,0,0
184,16,1465,785,134,62,1,4,0,0
185,16,1439,772,134,63,1,4,0,0
186,16,1416,767,134,63,1,4,0,0
187,16,1393,762,134,63,1,4,0,0
188,16,1370,757,134,63,1,4,0,0
189,16,1349,756,134,62,1,4,0,0
190,16,1327,750,134,62,1,4,0,1
191,16,1286,746,134,62,1,4,0,2
192,16,1267,740,134,62,1,4,0,2
193,16,1235,736,134,62,1,4,0,2
194,16,1218,733,134,62,1,4,0,2
195,16,1202,730,134,62,1,4,0,2
196,16,1185,727,134,62,1,4,0,2
197,16,1169,724,134,62,1,4,0,2
198,16,1153,722,134,62,1,4,0,2
199,16,1136,719,134,62,1,4,0,2
200,16,1120,716,134,62,1,4,0,2
201,16,1104,713,134,62,1,4,0,2
202,16,1087,711,134,62,1,4,0,2
203,16,1071,708,134,62,1,4,0,2
204,16,1054,705,134,62,1,4,0,2
205,16,1038,702,134,62,1,4,0,2
206,16,1022,699,134,62,1,4,0,2
207,16,1005,697,134,62,1,4,0,2
208,16,989,694,134,62,1,4,0,2
209,16,973,691,134,62,1,4,0,2
210,16,956,688,134,62,1,4,0,2
211,16,940,686,134,62,1,4,0,2
212,16,924,683,134,62,1,4,0,2
213,16,907,680,134,62,1,4,0,2
214,16,891,677,134,62,1,4,0,2
215,16,874,675,134,62,1,4,0,2
216,16,858,672,134,62,1,4,0,2
217,16,842,669,134,62,1,4,0,2
218,16,825,666,134,62,1,4,0,2
219,16,809,663,134,62,1,4,0,2
220,16,793,661,134,62,1,4,0,2
221,16,776,658,134,62,1,4,0,2
222,16,760,655,134,62,1,4,0,2
223,16,743,652,134,62,1,4,0,2
224,16,727,650,134,62,1,4,0,2
225,16,711,647,134,62,1,4,0,2
226,16,694,644,134,62,1,4,0,2
227,16,678,641,134,62,1,4,0,2
228,16,662,638,134,62,1,4,0,2
229,16,645,636,134,62,1,4,0,2
230,16,629,633,134,62,1,4,0,2
231,16,613,630,134,62,1,4,0,2
232,16,596,627,134,62,1,4,0,2
233,16,580,625,134,62,1,4,0,2
234,16,563,622,134,62,1,4,0,2
235,16,547,619,134,62,1,4,0,2
236,16,531,616,134,62,1,4,0,2
237,16,514,614,134,62,1,4,0,2
238,16,498,611,134,62,1,4,0,2
239,16,482,608,134,62,1,4,0,2
240,16,465,605,134,62,1,4,0,2
241,16,449,602,134,62,1,4,0,2
242,16,432,600,134,62,1,4,0,2
243,16,416,597,134,62,1,4,0,2
244,16,400,594,134,62,1,4,0,2
245,16,383,591,134,62,1,4,0,2
246,16,367,589,134,62,1,4,0,2
247,16,351,586,134,62,1,4,0,2
248,16,334,583,134,62,1,4,0,2
249,16,318,580,134,62,1,4,0,2
250,16,302,578,134,62,1,4,0,2
251,16,285,578,134,62,1,4,0,2
252,16,268,572,134,62,1,4,0,2
253,16,244,572,134,62,1,4,0,2
254,16,214,571,134,62,1,4,0,2
255,16,213,571,94,44,1,4,0,1
256,16,204,571,94,45,1,4,0,1
257,16,189,571,94,45,1,4,0,1
258,16,171,570,94,44,1,4,0,1
259,16,159,571,94,44,1,4,0,1
260,16,147,568,94,44,1,4,0,1
261,16,135,566,94,44,1,4,0,1
262,16,123,564,94,44,1,4,0,1
263,16,111,561,91,43,1,4,0,1
264,16,100,558,87,43,1,4,0,1
265,16,89,556,83,42,1,4,0,1
184,17,2549,878,169,132,1,6,1,0
185,17,2510,875,209,131,1,6,1,0
186,17,2484,871,233,131,1,6,1,0
187,17,2450,865,260,131,1,6,0,0
188,17,2421,861,258,131,1,6,0,0
189,17,2392,857,257,131,1,6,0,0
190,17,2363,853,255,131,1,6,0,0
191,17,2335,849,253,131,1,6,0,0
192,17,2306,845,251,131,1,6,0,0
193,17,2277,841,250,131,1,6,0,0
194,17,2249,837,247,131,1,6,0,0
195,17,2220,833,246,131,1,6,0,0
196,17,2191,829,244,131,1,6,0,0
197,17,2163,826,242,131,1,6,0,0
198,17,2135,822,242,131,1,6,0,0
199,17,2108,819,242,131,1,6,0,0
200,17,2080,815,242,132,1,6,0,0
201,17,2053,812,242,131,1,6,0,0
202,17,2025,808,242,132,1,6,0,0
203,17,1998,805,242,132,1,6,0,0
204,17,1974,801,239,132,1,6,0,0
205,17,1951,797,235,132,1,6,0,0
206,17,1928,794,231,131,1,6,0,0
207,17,1905,790,227,131,1,6,0,0
208,17,1881,786,224,132,1,6,0,0
209,17,1858,783,220,131,1,6,0,0
210,17,1835,779,216,131,1,6,0,0
211,17,1812,775,212,131,1,6,0,0
212,17,1789,772,208,131,1,6,0,0
213,17,1765,769,207,129,1,6,0,0
214,17,1742,766,206,128,1,6,0,0
215,17,1719,763,205,127,1,6,0,0
216,17,1696,760,203,125,1,6,0,0
217,17,1673,757,202,124,1,6,0,0
218,17,1650,754,201,123,1,6,0,0
219,17,1627,751,199,121,1,6,0,0
220,17,1604,748,198,120,1,6,0,0
221,17,1581,745,197,119,1,6,0,0
222,17,1560,742,196,118,1,6,0,0
223,17,1540,740,194,117,1,6,0,0
224,17,1520,738,192,116,1,6,0,0
225,17,1499,735,191,116,1,6,0,0
226,17,1479,733,189,115,1,6,0,0
227,17,1459,731,187,114,1,6,0,0
228,17,1439,729,185,113,1,6,0,0
229,17,1419,729,185,113,1,6,0,0
230,17,1402,727,186,114,1,6,0,0
231,17,1385,718,185,113,1,6,0,0
232,17,1361,710,185,113,1,6,0,1
233,17,1331,713,185,113,1,6,0,1
234,17,1317,716,185,113,1,6,0,1
235,17,1295,711,185,113,1,6,0,1
236,17,1295,711,185,113,1,6,0,2
237,17,1260,693,185,113,1,6,0,2
238,17,1239,688,185,113,1,6,0,2
239,17,1219,683,185,113,1,6,0,2
240,17,1200,678,185,113,1,6,0,2
241,17,1181,674,185,113,1,6,0,2
242,17,1164,672,185,113,1,6,0,2
243,17,1135,668,185,113,1,6,0,2
244,17,1106,665,185,113,1,6,0,2
245,17,1077,662,185,113,1,6,0,2
246,17,1049,658,185,113,1,6,0,2
247,17,1020,655,185,113,1,6,0,2
248,17,991,652,185,113,1,6,0,2
249,17,962,649,185,113,1,6,0,2
250,17,934,645,185,113,1,6,0,2
251,17,905,642,185,113,1,6,0,2
252,17,876,639,185,113,1,6,0,2
253,17,847,636,185,113,1,6,0,2
254,17,819,632,185,113,1,6,0,2
255,17,790,629,185,113,1,6,0,2
256,17,761,626,185,113,1,6,0,2
257,17,732,623,185,113,1,6,0,2
258,17,704,619,185,113,1,6,0,2
259,17,675,616,185,113,1,6,0,2
260,17,646,613,185,113,1,6,0,2
261,17,617,610,185,113,1,6,0,2
262,17,589,606,185,113,1,6,0,2
263,17,560,603,185,113,1,6,0,2
264,17,531,600,185,113,1,6,0,2
265,17,503,597,185,113,1,6,0,2
199,18,993,860,143,74,1,4,0,1
200,18,1020,864,143,74,1,4,0,1
201,18,1050,871,143,74,1,4,0,0
202,18,1082,877,147,77,1,4,0,0
203,18,1114,884,151,80,1,4,0,0
204,18,1146,890,155,83,1,4,0,0
205,18,1178,897,159,86,1,4,0,0
206,18,1210,904,164,89,1,4,0,0
207,18,1242,910,168,92,1,4,0,0
208,18,1274,917,172,95,1,4,0,0
209,18,1306,923,176,98,1,4,0,0
210,18,1338,930,180,101,1,4,0,0
211,18,1370,937,185,104,1,4,0,0
212,18,1410,946,187,104,1,4,0,0
213,18,1450,956,189,104,1,4,0,0
214,18,1490,965,191,105,1,4,0,0
215,18,1530,975,193,105,1,4,0,0
216,18,1570,985,195,105,1,4,0,0
217,18,1615,994,200,107,1,4,0,0
218,18,1660,1004,205,109,1,4,0,0
219,18,1705,1014,210,111,1,4,0,0
220,18,1750,1024,215,113,1,4,0,0
221,18,1795,1034,220,115,1,4,0,0
222,18,1840,1044,225,117,1,4,0,0
223,18,1886,1054,230,119,1,4,0,0
224,18,1941,1066,235,121,1,4,0,0
225,18,1996,1078,240,123,1,4,0,0
226,18,2052,1090,244,126,1,4,0,0
227,18,2107,1102,249,128,1,4,0,0
228,18,2163,1114,253,130,1,4,0,0
229,18,2218,1126,258,133,1,4,0,0
230,18,2274,1138,262,135,1,4,0,0
231,18,2329,1150,267,137,1,4,0,0
232,18,2385,1162,272,140,1,4,0,0
204,19,882,877,149,81,1,4,0,1
205,19,911,881,149,84,1,4,0,1
206,19,941,886,149,86,1,4,0,0
207,19,971,892,150,87,1,4,0,0
208,19,1001,899,152,88,1,4,0,0
209,19,1031,905,154,89,1,4,0,0
210,19,1061,912,155,90,1,4,0,0
211,19,1091,918,157,91,1,4,0,0
212,19,1122,925,158,92,1,4,0,0
213,19,1158,933,161,93,1,4,0,0
214,19,1194,941,164,95,1,4,0,0
215,19,1231,949,167,97,1,4,0,0
216,19,1267,958,170,98,1,4,0,0
217,19,1303,966,173,100,1,4,0,0
218,19,1340,974,176,102,1,4,0,0
219,19,1376,983,179,103,1,4,0,0
220,19,1413,991,182,105,1,4,0,0
221,19,1449,999,185,107,1,4,0,0
222,19,1485,1008,188,108,1,4,0,0
223,19,1522,1016,191,110,1,4,0,0
224,19,1558,1024,194,112,1,4,0,0
225,19,1595,1033,197,113,1,4,0,0
226,19,1646,1045,201,114,1,4,0,0
227,19,1698,1057,205,116,1,4,0,0
228,19,1750,1069,208,118,1,4,0,0
229,19,1802,1081,212,120,1,4,0,0
230,19,1854,1093,216,122,1,4,0,0
231,19,1906,1105,219,124,1,4,0,0
232,19,1958,1117,223,125,1,4,0,0
233,19,2010,1129,226,127,1,4,0,0
234,19,2062,1141,230,129,1,4,0,0
235,19,2114,1153,234,131,1,4,0,0
236,19,2166,1165,237,133,1,4,0,0
237,19,2218,1177,241,135,1,4,0,0
238,19,2270,1189,245,137,1,4,0,0
239,19,2334,1204,249,140,1,4,0,0
240,19,2398,1219,253,143,1,4,0,0
241,19,2462,1234,257,146,1,4,0,0
216,20,2595,886,122,69,1,4,1,0
217,20,2567,886,152,71,1,4,1,0
218,20,2536,886,180,71,1,4,0,0
219,20,2506,881,180,71,1,4,0,0
220,20,2476,877,180,71,1,4,0,0
221,20,2447,872,179,72,1,4,0,0
222,20,2417,868,179,71,1,4,0,0
223,20,2387,863,179,72,1,4,0,0
224,20,2358,859,179,72,1,4,0,0
225,20,2330,855,179,72,1,4,0,0
226,20,2302,851,179,72,1,4,0,0
227,20,2275,848,179,72,1,4,0,0
228,20,2247,844,179,72,1,4,0,0
229,20,2220,841,179,72,1,4,0,0
230,20,2193,837,176,72,1,4,0,0
231,20,2167,833,173,72,1,4,0,0
232,20,2140,829,170,72,1,4,0,0
233,20,2114,825,167,72,1,4,0,0
234,20,2087,821,164,72,1,4,0,0
235,20,2061,817,161,72,1,4,0,0
236,20,2035,814,158,71,1,4,0,0
237,20,2011,809,157,71,1,4,0,0
238,20,1987,804,156,71,1,4,0,0
239,20,1963,800,155,71,1,4,0,0
240,20,1939,795,154,71,1,4,0,0
241,20,1915,790,153,71,1,4,0,0
242,20,1891,786,152,71,1,4,0,0
243,20,1867,781,151,71,1,4,0,0
244,20,1843,776,150,71,1,4,0,0
245,20,1819,772,149,71,1,4,0,0
246,20,1797,769,148,71,1,4,0,0
247,20,1776,766,147,71,1,4,0,0
248,20,1755,763,145,71,1,4,0,0
249,20,1734,760,144,71,1,4,0,0
250,20,1713,757,142,71,1,4,0,0
251,20,1692,754,141,71,1,4,0,0
252,20,1671,751,139,71,1,4,0,0
253,20,1650,748,138,71,1,4,0,0
254,20,1629,745,137,71,1,4,0,0
255,20,1611,743,135,71,1,4,0,0
256,20,1593,742,133,71,1,4,0,0
257,20,1576,741,130,71,1,4,0,0
258,20,1558,740,128,71,1,4,0,0
259,20,1541,739,125,71,1,4,0,0
260,20,1521,736,125,71,1,4,0,0
261,20,1501,734,125,71,1,4,0,0
262,20,1482,732,125,71,1,4,0,0
263,20,1464,727,125,71,1,4,0,0
264,20,1446,722,125,71,1,4,0,0
265,20,1428,717,125,71,1,4,0,0
226,21,2543,1004,175,107,1,4,1,0
227,21,2500,1003,218,107,1,4,0,0
228,21,2456,994,215,107,1,4,0,0
229,21,2412,986,212,106,1,4,0,0
230,21,2368,977,210,107,1,4,0,0
231,21,2324,969,207,106,1,4,0,0
232,21,2280,960,205,107,1,4,0,0
233,21,2236,952,202,106,1,4,0,0
234,21,2192,943,199,106,1,4,0,0
235,21,2148,935,197,106,1,4,0,0
236,21,2104,926,194,106,1,4,0,0
237,21,2061,918,191,106,1,4,0,0
238,21,2024,911,189,104,1,4,0,0
239,21,1988,905,187,102,1,4,0,0
240,21,1952,899,184,100,1,4,0,0
241,21,1916,892,182,98,1,4,0,0
242,21,1880,886,179,96,1,4,0,0
243,21,1844,880,177,94,1,4,0,0
244,21,1808,873,174,92,1,4,0,0
245,21,1772,867,172,90,1,4,0,0
246,21,1736,861,170,88,1,4,0,0
247,21,1703,855,170,88,1,4,0,0
248,21,1670,849,170,88,1,4,0,0
249,21,1637,844,170,88,1,4,0,0
250,21,1604,838,170,88,1,4,0,0
251,21,1571,833,170,88,1,4,0,0
252,21,1538,827,170,88,1,4,0,0
253,21,1505,822,170,88,1,4,0,0
254,21,1476,818,168,87,1,4,0,0
255,21,1448,815,165,85,1,4,0,0
256,21,1420,812,162,83,1,4,0,0
257,21,1391,808,160,82,1,4,0,0
258,21,1363,805,157,80,1,4,0,0
259,21,1335,802,154,78,1,4,0,0
260,21,1307,799,152,77,1,4,0,0
261,21,1277,796,152,78,1,4,0,0
262,21,1258,790,152,78,1,4,0,0
263,21,1231,783,152,77,1,4,0,0
264,21,1207,773,153,77,1,4,0,1
265,21,1176,770,152,77,1,4,0,1
234,22,2583,902,134,84,1,4,1,0
235,22,2553,901,164,84,1,4,1,0
236,22,2526,895,179,84,1,4,1,0
237,22,2496,895,179,84,1,4,1,0
238,22,2468,891,179,84,1,4,1,0
239,22,2440,887,179,84,1,4,1,0
240,22,2412,883,179,84,1,4,1,0
241,22,2384,879,179,84,1,4,1,0
242,22,2356,875,180,84,1,4,1,0
243,22,2328,871,180,84,1,4,1,0
244,22,2300,867,180,84,1,4,1,0
245,22,2272,863,180,84,1,4,1,0
246,22,2245,860,180,83,1,4,1,0
247,22,2219,857,179,82,1,4,1,0
248,22,2194,855,177,81,1,4,1,0
249,22,2169,853,175,80,1,4,1,0
250,22,2144,851,174,79,1,4,1,0
251,22,2119,849,172,78,1,4,1,0
252,22,2094,847,170,77,1,4,1,0
253,22,2069,845,168,76,1,4,1,0
254,22,2044,843,167,75,1,4,1,0
255,22,2019,841,165,74,1,4,1,0
256,22,1994,839,163,73,1,4,1,0
257,22,1969,837,161,72,1,4,1,0
258,22,1944,835,160,71,1,4,1,0
259,22,1919,833,158,70,1,4,1,0
260,22,1894,831,156,69,1,4,1,0
261,22,1869,829,155,68,1,4,1,0
262,22,1845,824,152,68,1,4,1,0
263,22,1821,820,150,68,1,4,1,0
264,22,1797,815,148,68,1,4,1,0
265,22,1773,811,146,68,1,4,1,0
87,23,2673,425,44,44,0,0,0,0
88,23,2646,429,53,44,0,0,0,0
89,23,2638,423,54,44,0,0,0,0
90,23,2639,423,54,44,0,0,0,0
91,23,2640,423,54,44,0,0,0,0
92,23,2641,423,54,44,0,0,0,0
93,23,2642,423,54,44,0,0,0,0
94,23,2644,423,54,44,0,0,0,0
95,23,2645,423,54,44,0,0,0,0
96,23,2646,423,54,44,0,0,0,0
97,23,2647,423,54,44,0,0,0,0
98,23,2648,423,54,44,0,0,0,0
99,23,2650,423,54,44,0,0,0,0
100,23,2652,422,53,44,0,0,0,0
101,23,2654,422,53,44,0,0,0,0
102,23,2656,422,53,44,0,0,0,0
103,23,2658,422,53,44,0,0,0,0
104,23,2660,422,52,44,0,0,0,0
105,23,2662,422,52,44,0,0,0,0
106,23,2664,422,52,44,0,0,0,0
107,23,2666,422,52,44,0,0,0,0
108,23,2666,421,51,44,0,0,0,0
109,23,2666,421,51,44,0,0,0,0
110,23,2666,420,51,44,0,0,0,0
111,23,2666,420,51,44,0,0,0,0
112,23,2666,419,51,44,0,0,0,0
113,23,2666,419,51,44,0,0,0,0
114,23,2666,418,51,44,0,0,0,0
115,23,2667,418,50,44,0,0,0,0
116,23,2663,417,50,44,0,0,0,0
117,23,2659,417,50,44,0,0,0,0
118,23,2655,416,50,44,0,0,0,0
119,23,2651,416,50,44,0,0,0,0
120,23,2648,416,50,44,0,0,0,0
121,23,2625,413,50,44,0,0,0,0
122,23,2607,413,50,44,0,0,0,0
123,23,2595,414,50,44,0,0,0,0
124,23,2597,414,50,44,0,0,0,0
125,23,2600,414,50,44,0,0,0,0
126,23,2603,414,50,44,0,0,0,0
127,23,2606,414,50,44,0,0,0,0
128,23,2609,414,50,44,0,0,0,0
129,23,2612,414,50,44,0,0,0,0
130,23,2610,413,50,44,0,0,0,0
131,23,2608,412,50,44,0,0,0,0
132,23,2606,412,50,44,0,0,0,0
133,23,2604,411,50,44,0,0,0,0
134,23,2602,410,50,44,0,0,0,0
135,23,2600,410,50,44,0,0,0,0
136,23,2598,409,50,44,0,0,0,0
137,23,2596,409,50,44,0,0,0,0
138,23,2594,408,50,44,0,0,0,0
139,23,2592,407,50,44,0,0,0,0
140,23,2590,407,50,44,0,0,0,0
141,23,2588,406,50,44,0,0,0,0
142,23,2587,406,50,44,0,0,0,0
143,23,2587,405,49,42,0,0,0,0
144,23,2587,405,49,40,0,0,0,0
145,23,2587,404,49,39,0,0,0,0
146,23,2587,404,49,37,0,0,0,0
147,23,2587,404,49,34,0,0,0,0
148,23,2587,403,49,33,0,0,0,0
149,23,2587,403,49,31,0,0,0,0
150,23,2587,403,49,29,0,0,0,0
151,23,2588,403,49,29,0,0,0,0
152,23,2589,403,49,29,0,0,0,0
153,23,2590,404,49,29,0,0,0,0
154,23,2592,404,49,29,0,0,0,0
155,23,2593,405,49,29,0,0,0,0
156,23,2594,405,49,29,0,0,0,0
157,23,2596,406,49,29,0,0,0,0
158,23,2597,406,49,29,0,0,0,0
159,23,2599,406,49,29,0,0,0,0
160,23,2600,406,49,29,0,0,0,0
161,23,2602,406,49,29,0,0,0,0
162,23,2604,407,49,29,0,0,0,0
163,23,2605,407,49,29,0,0,0,0
164,23,2607,407,49,29,0,0,0,0
165,23,2608,407,49,29,0,0,0,0
166,23,2610,408,49,29,0,0,0,0
167,23,2612,408,49,29,0,0,0,0
168,23,2613,408,49,29,0,0,0,0
169,23,2615,408,49,29,0,0,0,0
163,24,2585,410,25,24,0,0,0,0
164,24,2577,410,25,24,0,0,0,0
165,24,2570,411,25,24,0,0,0,0
166,24,2563,411,25,25,0,0,0,0
167,24,2556,412,25,25,0,0,0,0
168,24,2549,412,25,26,0,0,0,0
169,24,2542,413,25,26,0,0,0,0
170,24,2535,414,25,26,0,0,0,0
171,24,2528,412,26,26,0,0,0,0
172,24,2522,411,26,26,0,0,0,0
173,24,2516,410,26,26,0,0,0,0
174,24,2509,408,27,26,0,0,0,0
175,24,2503,407,27,26,0,0,0,0
176,24,2497,406,27,26,0,0,0,0
177,24,2494,400,27,26,0,0,0,0
178,24,2491,394,27,26,0,0,0,0
179,24,2488,388,27,26,0,0,0,0
180,24,2485,382,27,26,0,0,0,0
181,24,2482,377,27,26,0,0,0,0
182,24,2479,371,27,26,0,0,0,0
183,24,2476,365,27,26,0,0,0,0
184,24,2473,359,27,26,0,0,0,0
185,24,2470,354,27,26,0,0,0,0
186,24,2466,354,27,26,0,0,0,0
187,24,2462,354,27,26,0,0,0,0
188,24,2459,354,27,26,0,0,0,0
189,24,2455,355,27,26,0,0,0,0
190,24,2452,355,27,26,0,0,0,0
191,24,2448,355,27,26,0,0,0,0
192,24,2445,355,27,26,0,0,0,0
193,24,2441,356,27,26,0,0,0,0
194,24,2438,356,27,26,0,0,0,0
195,24,2434,356,27,26,0,0,0,0
196,24,2431,357,27,26,0,0,0,0
197,24,2428,357,27,26,0,0,0,0
198,24,2425,357,27,26,0,0,0,0
199,24,2422,357,27,26,0,0,0,0
200,24,2419,357,27,26,0,0,0,0
201,24,2416,357,27,26,0,0,0,0
202,24,2413,357,27,26,0,0,0,0
203,24,2410,357,27,26,0,0,0,0
204,24,2407,357,27,26,0,0,0,0
205,24,2404,357,27,26,0,0,0,0
206,24,2401,357,27,26,0,0,0,0
207,24,2398,357,27,26,0,0,0,0
208,24,2395,357,27,26,0,0,0,0
209,24,2392,357,27,26,0,0,0,0
210,24,2390,357,27,26,0,0,0,0
211,24,2387,357,27,26,0,0,0,0
212,24,2385,357,27,26,0,0,0,0
213,24,2382,357,27,26,0,0,0,0
214,24,2380,357,27,26,0,0,0,0
215,24,2377,357,27,26,0,0,0,0
216,24,2374,357,27,26,0,0,0,0
217,24,2372,357,27,26,0,0,0,0
218,24,2369,357,27,26,0,0,0,0
219,24,2367,357,27,26,0,0,0,0
220,24,2364,357,27,26,0,0,0,0
221,24,2362,357,27,26,0,0,0,0
222,24,2359,357,27,26,0,0,0,0
223,24,2357,357,27,26,0,0,0,0
224,24,2355,357,27,26,0,0,0,0
225,24,2352,357,27,26,0,0,0,0
226,24,2350,358,27,26,0,0,0,0
227,24,2348,358,27,26,0,0,0,0
228,24,2345,358,27,26,0,0,0,0
229,24,2343,358,27,26,0,0,0,0
230,24,2341,359,27,26,0,0,0,0
231,24,2339,359,27,26,0,0,0,0
232,24,2336,359,27,26,0,0,0,0
233,24,2334,359,27,26,0,0,0,0
234,24,2332,360,27,26,0,0,0,0
235,24,2329,360,27,26,0,0,0,0
236,24,2327,360,27,26,0,0,0,0
237,24,2325,360,27,26,0,0,0,0
238,24,2323,361,27,26,0,0,0,0
239,24,2320,361,27,26,0,0,0,0
240,24,2318,361,27,26,0,0,0,0
241,24,2316,361,27,26,0,0,0,0
242,24,2314,361,27,26,0,0,0,0
243,24,2312,361,27,26,0,0,0,0
244,24,2310,361,27,26,0,0,0,0
245,24,2308,362,27,26,0,0,0,0
246,24,2306,362,27,26,0,0,0,0
247,24,2304,362,27,26,0,0,0,0
248,24,2302,362,27,26,0,0,0,0
249,24,2300,362,27,26,0,0,0,0
250,24,2298,362,27,26,0,0,0,0
251,24,2296,363,27,26,0,0,0,0
252,24,2294,364,27,26,0,0,0,0
253,24,2292,365,27,26,0,0,0,0
254,24,2290,366,27,26,0,0,0,0
255,24,2288,367,27,26,0,0,0,0
256,24,2286,369,27,26,0,0,0,0
257,24,2284,370,27,26,0,0,0,0
258,24,2282,371,27,26,0,0,0,0
259,24,2280,372,27,26,0,0,0,0
260,24,2278,373,27,26,0,0,0,0
261,24,2277,375,26,26,0,0,0,0
262,24,2275,375,26,26,0,0,0,0
263,24,2274,376,26,26,0,0,0,0
264,24,2272,377,26,26,0,0,0,0
265,24,2271,378,26,26,0,0,0,0
1,25,1706,355,28,28,0,0,0,0
2,25,1707,355,28,27,0,0,0,0
3,25,1708,355,28,27,0,0,0,0
4,25,1709,355,28,27,0,0,0,0
5,25,1711,355,28,26,0,0,0,0
6,25,1712,355,28,26,0,0,0,0
7,25,1713,355,28,26,0,0,0,0
8,25,1715,355,28,25,0,0,0,0
9,25,1716,355,28,25,0,0,0,0
10,25,1717,355,28,25,0,0,0,0
11,25,1718,355,28,25,0,0,0,0
12,25,1720,355,28,24,0,0,0,0
13,25,1721,355,28,24,0,0,0,0
14,25,1722,355,28,24,0,0,0,0
15,25,1724,355,28,23,0,0,0,0
16,25,1725,355,28,23,0,0,0,0
17,25,1726,355,28,23,0,0,0,0
18,25,1728,355,28,23,0,0,0,0
19,25,1742,355,28,23,0,0,0,0
20,25,1756,356,28,23,0,0,0,0
21,25,1770,356,28,23,0,0,0,0
22,25,1785,357,28,23,0,0,0,0
23,25,1809,358,28,23,0,0,0,0
24,25,1833,359,28,23,0,0,0,0
25,25,1857,360,28,23,0,0,0,0
26,25,1881,361,28,23,0,0,0,0
27,25,1905,362,28,23,0,0,0,0
28,25,1929,363,28,23,0,0,0,0
29,25,1953,363,28,23,0,0,0,0
30,25,1977,364,28,23,0,0,0,0
31,25,2002,364,28,23,0,0,0,0
32,25,2026,365,28,23,0,0,0,0
33,25,2051,366,28,23,0,0,0,0
34,25,2056,366,28,23,0,0,0,0
35,25,2061,366,28,23,0,0,0,0
36,25,2067,366,28,23,0,0,0,0
37,25,2072,366,28,23,0,0,0,0
38,25,2077,366,28,23,0,0,0,0
39,25,2083,366,28,23,0,0,0,0
40,25,2088,366,28,23,0,0,0,0
41,25,2094,366,28,23,0,0,0,0
42,25,2095,365,28,23,0,0,0,0
43,25,2096,365,28,23,0,0,0,0
44,25,2097,365,28,23,0,0,0,0
45,25,2099,365,28,23,0,0,0,0
46,25,2100,365,28,23,0,0,0,0
47,25,2101,365,28,23,0,0,0,0
48,25,2102,365,29,23,0,0,0,0
49,25,2104,365,28,23,0,0,0,0
50,25,2105,365,28,23,0,0,0,0
51,25,2106,365,29,23,0,0,0,0
52,25,2108,365,28,23,0,0,0,0
53,25,2109,365,28,23,0,0,0,0
54,25,2110,365,29,23,0,0,0,0
55,25,2111,365,29,23,0,0,0,0
56,25,2113,365,28,23,0,0,0,0
57,25,2114,365,29,23,0,0,0,0
58,25,2115,365,29,23,0,0,0,0
59,25,2116,365,29,23,0,0,0,0
60,25,2118,365,29,23,0,0,0,0
61,25,2119,365,29,23,0,0,0,0
62,25,2120,365,29,23,0,0,0,0
63,25,2122,365,29,23,0,0,0,0
64,25,2123,365,29,23,0,0,0,0
65,25,2124,365,29,23,0,0,0,0
66,25,2126,366,29,23,0,0,0,0
67,25,2127,366,29,23,0,0,0,0
68,25,2129,367,29,23,0,0,0,0
69,25,2130,367,29,23,0,0,0,0
70,25,2132,368,29,23,0,0,0,0
71,25,2133,368,29,23,0,0,0,0
72,25,2135,369,29,23,0,0,0,0
73,25,2136,369,29,23,0,0,0,0
74,25,2138,370,29,23,0,0,0,0
75,25,2140,370,29,23,0,0,0,0
76,25,2142,371,29,23,0,0,0,0
77,25,2144,371,29,23,0,0,0,0
78,25,2146,372,29,23,0,0,0,0
79,25,2148,372,29,23,0,0,0,0
80,25,2150,373,29,23,0,0,0,0
81,25,2139,371,29,23,0,0,0,0
82,25,2129,370,29,23,0,0,0,0
83,25,2118,369,29,23,0,0,0,0
84,25,2108,368,29,23,0,0,0,0
85,25,2085,374,29,23,0,0,0,0
86,25,2066,378,29,23,0,0,0,0
87,25,2046,381,29,23,0,0,0,0
88,25,2037,380,29,23,0,0,0,0
89,25,2037,379,29,23,0,0,0,0
90,25,2038,379,29,23,0,0,0,0
91,25,2038,379,29,23,0,0,0,0
92,25,2039,378,29,23,0,0,0,0
93,25,2039,378,29,23,0,0,0,0
94,25,2040,378,29,23,0,0,0,0
95,25,2040,377,29,23,0,0,0,0
96,25,2041,377,29,23,0,0,0,0
97,25,2041,377,29,23,0,0,0,0
98,25,2042,377,29,23,0,0,0,0
99,25,2042,376,29,23,0,0,0,0
100,25,2043,376,29,23,0,0,0,0
101,25,2043,376,29,23,0,0,0,0
102,25,2044,375,29,23,0,0,0,0
103,25,2044,375,29,23,0,0,0,0
104,25,2045,375,29,23,0,0,0,0
105,25,2045,375,29,23,0,0,0,0
106,25,2046,374,29,23,0,0,0,0
107,25,2046,374,29,23,0,0,0,0
108,25,2047,374,29,23,0,0,0,0
109,25,2047,373,29,23,0,0,0,0
110,25,2048,373,29,23,0,0,0,0
111,25,2048,373,29,23,0,0,0,0
112,25,2049,373,29,23,0,0,0,0
113,25,2049,372,29,23,0,0,0,0
114,25,2050,372,29,23,0,0,0,0
115,25,2050,372,29,23,0,0,0,0
116,25,2051,371,29,23,0,0,0,0
117,25,2051,371,29,23,0,0,0,0
118,25,2052,371,29,23,0,0,0,0
119,25,2053,371,29,23,0,0,0,0
120,25,2037,373,29,23,0,0,0,0
121,25,2022,375,29,23,0,0,0,0
122,25,2019,375,29,23,0,0,0,0
123,25,2017,375,29,23,0,0,0,0
124,25,2015,375,29,23,0,0,0,0
125,25,2013,375,29,23,0,0,0,0
126,25,2010,375,29,23,0,0,0,0
127,25,2008,375,29,23,0,0,0,0
128,25,2006,375,29,23,0,0,0,0
129,25,2004,375,29,23,0,0,0,0
130,25,2002,375,29,23,0,0,0,0
131,25,2000,374,29,23,0,0,0,0
132,25,1998,374,29,23,0,0,0,0
133,25,1996,374,29,23,0,0,0,0
134,25,1994,373,29,23,0,0,0,0
135,25,1992,373,29,23,0,0,0,0
136,25,1990,373,29,23,0,0,0,0
137,25,1988,373,29,23,0,0,0,0
138,25,1986,372,29,23,0,0,0,0
139,25,1985,372,29,23,0,0,0,0
140,25,1983,372,29,23,0,0,0,0
141,25,1981,371,29,23,0,0,0,0
142,25,1979,371,29,23,0,0,0,0
143,25,1977,371,29,23,0,0,0,0
144,25,1975,371,29,23,0,0,0,0
145,25,1973,370,29,23,0,0,0,0
146,25,1971,370,29,23,0,0,0,0
147,25,1969,370,29,23,0,0,0,0
148,25,1968,370,29,23,0,0,0,0
149,25,1968,370,29,23,0,0,0,0
150,25,1969,370,29,23,0,0,0,0
151,25,1970,371,29,23,0,0,0,0
152,25,1971,371,29,23,0,0,0,0
153,25,1972,371,29,23,0,0,0,0
154,25,1973,372,29,23,0,0,0,0
155,25,1973,372,29,23,0,0,0,0
156,25,1974,372,29,23,0,0,0,0
157,25,1975,373,29,23,0,0,0,0
158,25,1976,373,29,23,0,0,0,0
159,25,1977,373,29,23,0,0,0,0
160,25,1978,374,29,23,0,0,0,0
161,25,1979,374,29,23,0,0,0,0
162,25,1979,374,29,23,0,0,0,0
163,25,1980,375,29,23,0,0,0,0
164,25,1981,375,29,23,0,0,0,0
165,25,1982,375,29,23,0,0,0,0
166,25,1983,376,29,23,0,0,0,0
167,25,1984,376,29,23,0,0,0,0
168,25,1985,377,29,23,0,0,0,0
169,25,1986,373,29,23,0,0,0,0
170,25,1987,370,29,23,0,0,0,0
171,25,1988,367,29,23,0,0,0,0
172,25,1990,364,29,23,0,0,0,0
173,25,1991,361,29,23,0,0,0,0
174,25,1992,357,29,23,0,0,0,0
175,25,1993,354,29,23,0,0,0,0
176,25,1995,351,29,23,0,0,0,0
177,25,1996,348,29,23,0,0,0,0
178,25,1997,345,29,23,0,0,0,0
179,25,1998,341,29,23,0,0,0,0
180,25,2000,338,29,23,0,0,0,0
181,25,2001,335,29,23,0,0,0,0
182,25,2002,332,29,23,0,0,0,0
183,25,2003,329,29,23,0,0,0,0
184,25,2005,326,29,23,0,0,0,0
185,25,2006,324,29,23,0,0,0,0
186,25,2008,323,29,23,0,0,0,0
187,25,2010,322,29,23,0,0,0,0
188,25,2012,320,29,23,0,0,0,0
189,25,2013,319,29,23,0,0,0,0
190,25,2015,318,29,23,0,0,0,0
191,25,2017,316,29,23,0,0,0,0
192,25,2019,315,29,23,0,0,0,0
193,25,2021,314,29,23,0,0,0,0
194,25,2022,314,29,23,0,0,0,0
195,25,2024,314,29,23,0,0,0,0
196,25,2026,314,29,23,0,0,0,0
197,25,2028,314,29,23,0,0,0,0
198,25,2030,314,29,23,0,0,0,0
199,25,2032,314,29,23,0,0,0,0
200,25,2033,314,29,23,0,0,0,0
201,25,2035,314,29,23,0,0,0,0
202,25,2037,314,29,23,0,0,0,0
203,25,2039,314,29,23,0,0,0,0
204,25,2041,314,29,23,0,0,0,0
205,25,2043,314,29,23,0,0,0,0
206,25,2045,314,29,23,0,0,0,0
207,25,2046,314,29,23,0,0,0,0
208,25,2048,314,29,23,0,0,0,0
209,25,2050,314,29,23,0,0,0,0
210,25,2052,314,29,23,0,0,0,0
211,25,2054,314,29,23,0,0,0,0
212,25,2056,314,29,23,0,0,0,0
213,25,2057,314,29,23,0,0,0,0
214,25,2059,314,29,23,0,0,0,0
215,25,2061,314,29,23,0,0,0,0
216,25,2063,314,29,23,0,0,0,0
217,25,2065,314,29,23,0,0,0,0
218,25,2067,314,29,23,0,0,0,0
219,25,2069,315,29,23,0,0,0,0
220,25,2070,315,29,23,0,0,0,0
221,25,2072,315,29,23,0,0,0,0
222,25,2074,315,29,23,0,0,0,0
223,25,2076,315,29,23,0,0,0,0
224,25,2078,315,29,23,0,0,0,0
225,25,2079,315,29,23,0,0,0,0
226,25,2081,315,29,23,0,0,0,0
227,25,2083,315,29,23,0,0,0,0
228,25,2085,315,29,23,0,0,0,0
229,25,2087,315,29,23,0,0,0,0
230,25,2088,315,29,23,0,0,0,0
231,25,2090,315,29,23,0,0,0,0
232,25,2092,315,29,23,0,0,0,0
233,25,2094,315,29,23,0,0,0,0
234,25,2096,315,29,23,0,0,0,0
235,25,2098,315,29,23,0,0,0,0
236,25,2099,315,29,23,0,0,0,0
237,25,2101,315,29,23,0,0,0,0
238,25,2103,315,29,23,0,0,0,0
239,25,2105,315,29,23,0,0,0,0
240,25,2107,315,29,23,0,0,0,0
241,25,2108,315,29,23,0,0,0,0
242,25,2110,315,29,23,0,0,0,0
243,25,2112,315,29,23,0,0,0,0
244,25,2114,315,29,23,0,0,0,0
245,25,2116,315,29,23,0,0,0,0
246,25,2118,315,29,23,0,0,0,0
247,25,2120,315,29,23,0,0,0,0
248,25,2122,315,29,23,0,0,0,0
249,25,2124,315,29,23,0,0,0,0
250,25,2127,315,29,23,0,0,0,0
251,25,2129,315,29,23,0,0,0,0
252,25,2131,315,29,23,0,0,0,0
253,25,2134,316,29,23,0,0,0,0
254,25,2136,316,29,23,0,0,0,0
255,25,2138,316,29,23,0,0,0,0
256,25,2141,316,29,23,0,0,0,0
257,25,2143,316,29,23,0,0,0,0
258,25,2145,316,29,23,0,0,0,0
259,25,2148,317,29,23,0,0,0,0
260,25,2150,317,29,23,0,0,0,0
261,25,2152,317,29,23,0,0,0,0
262,25,2155,317,29,23,0,0,0,0
263,25,2157,317,29,23,0,0,0,0
264,25,2159,317,29,23,0,0,0,0
265,25,2162,318,29,23,0,0,0,0
205,26,485,416,88,30,0,0,0,0
206,26,479,416,89,30,0,0,0,0
207,26,474,416,89,30,0,0,0,0
208,26,469,416,89,31,0,0,0,0
209,26,464,417,89,30,0,0,0,0
210,26,459,417,89,31,0,0,0,0
211,26,454,417,89,31,0,0,0,0
212,26,449,418,89,31,0,0,0,0
213,26,444,418,89,31,0,0,0,0
214,26,439,418,89,32,0,0,0,0
215,26,434,419,89,31,0,0,0,0
216,26,429,419,89,32,0,0,0,0
217,26,424,419,89,32,0,0,0,0
218,26,419,420,89,32,0,0,0,0
219,26,413,420,89,32,0,0,0,0
220,26,408,420,89,32,0,0,0,0
221,26,402,420,89,32,0,0,0,0
222,26,397,420,89,32,0,0,0,0
223,26,392,421,89,32,0,0,0,0
224,26,386,421,89,32,0,0,0,0
225,26,381,421,89,32,0,0,0,0
226,26,376,421,89,32,0,0,0,0
227,26,370,421,89,32,0,0,0,0
228,26,365,422,89,32,0,0,0,0
229,26,360,422,89,32,0,0,0,0
230,26,354,422,89,32,0,0,0,0
231,26,349,422,89,32,0,0,0,0
232,26,344,423,89,32,0,0,0,0
233,26,340,423,89,32,0,0,0,0
234,26,337,423,89,32,0,0,0,0
235,26,333,423,89,32,0,0,0,0
236,26,330,423,89,32,0,0,0,0
237,26,326,423,89,32,0,0,0,0
238,26,323,423,89,32,0,0,0,0
239,26,320,423,89,32,0,0,0,0
240,26,316,423,89,32,0,0,0,0
241,26,313,423,89,32,0,0,0,0
242,26,309,423,89,32,0,0,0,0
243,26,306,423,89,32,0,0,0,0
244,26,302,423,89,32,0,0,0,0
245,26,299,423,89,32,0,0,0,0
246,26,296,423,89,32,0,0,0,0
247,26,290,423,89,32,0,0,0,0
248,26,285,424,89,32,0,0,0,0
249,26,280,424,89,32,0,0,0,0
250,26,275,425,89,32,0,0,0,0
251,26,270,425,89,32,0,0,0,0
252,26,265,426,89,32,0,0,0,0
253,26,260,426,89,32,0,0,0,0
254,26,255,427,89,32,0,0,0,0
255,26,250,427,89,32,0,0,0,0
256,26,245,428,89,32,0,0,0,0
257,26,240,428,89,32,0,0,0,0
258,26,235,429,89,32,0,0,0,0
259,26,230,429,89,32,0,0,0,0
260,26,225,430,89,32,0,0,0,0
261,26,220,430,89,32,0,0,0,0
262,26,215,431,89,32,0,0,0,0
263,26,188,432,89,32,0,0,0,0
264,26,162,433,89,32,0,0,0,0
265,26,136,434,89,32,0,0,0,0
39,27,1421,436,102,39,1,6,0,2
40,27,1415,435,102,39,1,6,0,2
41,27,1410,435,102,39,1,6,0,2
42,27,1405,435,102,39,1,6,0,2
43,27,1399,435,103,38,1,6,0,2
44,27,1394,435,103,38,1,6,0,2
45,27,1389,435,103,38,1,6,0,2
46,27,1383,435,103,38,1,6,0,2
47,27,1378,435,103,38,1,6,0,2
48,27,1372,435,104,38,1,6,0,2
49,27,1367,435,103,38,1,6,0,2
50,27,1361,435,104,38,1,6,0,2
51,27,1356,435,104,38,1,6,0,2
52,27,1350,435,104,38,1,6,0,2
53,27,1345,435,104,38,1,6,0,2
54,27,1339,435,105,38,1,6,0,2
55,27,1334,435,104,38,1,6,0,2
56,27,1328,435,105,38,1,6,0,2
57,27,1323,435,105,38,1,6,0,2
58,27,1318,435,105,38,1,6,0,2
59,27,1312,434,105,38,1,6,0,2
60,27,1306,434,105,38,1,6,0,2
61,27,1301,434,105,38,1,6,0,2
62,27,1295,434,105,38,1,6,0,2
63,27,1290,434,104,38,1,6,0,2
64,27,1284,433,105,38,1,6,0,2
65,27,1279,433,104,38,1,6,0,2
66,27,1273,433,105,38,1,6,0,2
67,27,1267,433,105,38,1,6,0,2
68,27,1262,433,104,38,1,6,0,2
69,27,1256,432,105,38,1,6,0,2
70,27,1251,432,104,38,1,6,0,2
71,27,1245,432,104,38,1,6,0,2
72,27,1240,432,104,38,1,6,0,2
73,27,1234,432,104,38,1,6,0,2
74,27,1229,432,104,38,1,6,0,2
75,27,1218,432,104,38,1,6,0,2
76,27,1207,433,104,38,1,6,0,2
77,27,1196,434,104,38,1,6,0,2
78,27,1185,435,104,38,1,6,0,2
79,27,1174,436,104,38,1,6,0,2
80,27,1163,437,104,38,1,6,0,2
81,27,1152,438,104,38,1,6,0,2
82,27,1141,438,104,38,1,6,0,2
83,27,1130,439,104,38,1,6,0,2
84,27,1119,440,104,38,1,6,0,2
85,27,1109,441,104,38,1,6,0,2
86,27,1098,442,104,38,1,6,0,2
87,27,1087,443,104,38,1,6,0,2
88,27,1076,444,104,38,1,6,0,2
89,27,1065,444,104,38,1,6,0,2
90,27,1054,445,104,38,1,6,0,2
91,27,1043,446,104,38,1,6,0,2
92,27,1032,447,104,38,1,6,0,2
93,27,1021,448,104,38,1,6,0,2
94,27,1010,449,104,38,1,6,0,2
95,27,1000,450,104,38,1,6,0,2
96,27,993,449,105,39,1,6,0,2
97,27,986,449,106,39,1,6,0,2
98,27,979,448,108,40,1,6,0,2
99,27,973,448,108,40,1,6,0,2
100,27,966,447,109,41,1,6,0,2
101,27,959,447,111,41,1,6,0,2
102,27,952,446,112,42,1,6,0,2
103,27,946,446,113,42,1,6,0,2
104,27,939,445,114,43,1,6,0,2
105,27,932,445,115,43,1,6,0,2
106,27,925,444,117,44,1,6,0,2
107,27,919,444,117,44,1,6,0,2
108,27,912,443,118,45,1,6,0,2
109,27,905,443,120,45,1,6,0,2
110,27,898,442,121,46,1,6,0,2
111,27,892,442,122,47,1,6,0,2
112,27,882,442,122,47,1,6,0,2
113,27,872,442,123,47,1,6,0,2
114,27,863,442,122,47,1,6,0,2
115,27,853,442,123,47,1,6,0,2
116,27,844,442,122,47,1,6,0,2
117,27,834,442,123,47,1,6,0,2
118,27,825,442,122,47,1,6,0,2
119,27,815,442,123,47,1,6,0,2
120,27,805,442,123,47,1,6,0,2
121,27,796,442,123,47,1,6,0,2
122,27,786,442,123,47,1,6,0,2
123,27,777,442,123,47,1,6,0,2
124,27,767,442,123,47,1,6,0,2
125,27,758,442,123,47,1,6,0,2
126,27,748,442,123,47,1,6,0,2
127,27,739,442,123,47,1,6,0,2
128,27,731,442,123,47,1,6,0,2
129,27,724,442,122,47,1,6,0,2
130,27,716,442,123,47,1,6,0,2
131,27,709,443,122,47,1,6,0,2
132,27,701,443,123,47,1,6,0,2
133,27,694,443,122,47,1,6,0,2
134,27,686,443,123,48,1,6,0,2
135,27,679,444,122,47,1,6,0,2
136,27,671,444,123,47,1,6,0,2
137,27,664,444,122,48,1,6,0,2
138,27,656,444,123,48,1,6,0,2
139,27,649,445,122,47,1,6,0,2
140,27,641,445,123,47,1,6,0,2
141,27,634,445,122,48,1,6,0,2
142,27,626,445,123,48,1,6,0,2
143,27,619,446,122,47,1,6,0,2
144,27,611,446,123,48,1,6,0,2
145,27,604,446,122,48,1,6,0,2
146,27,596,446,123,48,1,6,0,2
147,27,589,447,122,48,1,6,0,2
148,27,581,447,123,48,1,6,0,2
149,27,574,447,122,48,1,6,0,2
150,27,567,448,122,48,1,6,0,2
151,27,560,448,122,48,1,6,0,2
152,27,554,448,122,48,1,6,0,2
153,27,548,449,122,48,1,6,0,2
154,27,542,449,122,48,1,6,0,2
155,27,535,450,122,48,1,6,0,2
156,27,529,450,122,48,1,6,0,2
157,27,523,451,122,47,1,6,0,2
158,27,517,451,122,48,1,6,0,2
159,27,510,452,122,47,1,6,0,2
160,27,504,452,122,48,1,6,0,2
161,27,498,453,122,47,1,6,0,2
162,27,492,453,122,48,1,6,0,2
163,27,485,453,122,48,1,6,0,2
164,27,479,454,122,47,1,6,0,2
165,27,473,454,122,48,1,6,0,2
166,27,467,455,122,47,1,6,0,2
167,27,460,455,122,48,1,6,0,2
168,27,454,456,122,47,1,6,0,2
169,27,448,456,122,47,1,6,0,2
170,27,442,457,122,47,1,6,0,2
171,27,435,457,122,47,1,6,0,2
172,27,429,458,122,47,1,6,0,2
173,27,423,458,122,47,1,6,0,2
174,27,417,459,122,47,1,6,0,2
175,27,410,457,122,47,1,6,0,2
176,27,404,456,122,47,1,6,0,2
177,27,398,455,122,47,1,6,0,2
178,27,392,453,122,47,1,6,0,2
179,27,386,452,122,47,1,6,0,2
180,27,380,451,122,47,1,6,0,2
181,27,374,444,122,47,1,6,0,2
182,27,369,438,122,47,1,6,0,2
183,27,363,432,122,47,1,6,0,2
184,27,358,426,122,47,1,6,0,2
185,27,353,419,122,47,1,6,0,2
186,27,347,413,122,47,1,6,0,2
187,27,342,407,122,47,1,6,0,2
188,27,337,401,122,47,1,6,0,2
189,27,328,400,122,47,1,6,0,2
190,27,320,400,122,47,1,6,0,2
191,27,312,400,122,47,1,6,0,2
192,27,306,400,122,47,1,6,0,2
193,27,300,400,122,47,1,6,0,2
194,27,295,400,122,47,1,6,0,2
195,27,289,400,122,47,1,6,0,2
196,27,283,401,122,47,1,6,0,2
197,27,278,401,122,47,1,6,0,2
198,27,272,401,122,47,1,6,0,2
199,27,266,401,122,47,1,6,0,2
200,27,261,401,122,47,1,6,0,2
201,27,255,402,122,47,1,6,0,2
202,27,249,402,122,47,1,6,0,2
203,27,244,402,122,47,1,6,0,2
204,27,238,402,122,47,1,6,0,2
205,27,232,402,122,47,1,6,0,2
206,27,227,403,122,47,1,6,0,2
207,27,219,402,123,48,1,6,0,2
208,27,212,402,124,48,1,6,0,2
209,27,205,401,125,50,1,6,0,2
210,27,198,401,126,50,1,6,0,2
211,27,191,401,127,51,1,6,0,2
212,27,183,400,128,52,1,6,0,2
213,27,176,400,129,53,1,6,0,2
214,27,169,399,130,54,1,6,0,2
215,27,162,399,131,55,1,6,0,2
216,27,155,399,132,55,1,6,0,2
217,27,147,398,133,57,1,6,0,2
218,27,140,398,134,57,1,6,0,2
219,27,133,397,135,59,1,6,0,2
220,27,126,397,136,59,1,6,0,2
221,27,119,397,137,60,1,6,0,2
222,27,111,397,137,60,1,6,0,2
223,27,103,397,137,60,1,6,0,2
224,27,95,397,137,60,1,6,0,2
225,27,88,398,137,60,1,6,0,2
226,27,80,398,137,60,1,6,0,2
227,27,72,398,137,60,1,6,0,2
228,27,64,398,137,60,1,6,0,2
229,27,57,399,137,60,1,6,0,2
230,27,49,399,137,60,1,6,0,2
231,27,41,399,137,60,1,6,0,2
232,27,33,399,137,60,1,6,0,2
233,27,26,400,137,60,1,6,0,2
234,27,20,400,137,60,1,6,0,2
235,27,15,401,137,60,1,6,0,2
236,27,10,402,137,59,1,6,0,2
237,27,5,403,137,59,1,6,0,2
240,28,0,603,49,46,1,4,1,1
241,28,0,604,61,47,1,4,1,1
242,28,0,604,70,44,1,4,1,1
243,28,1,606,72,44,1,4,1,1
244,28,3,606,85,43,1,4,0,1
245,28,9,609,85,43,1,4,0,1
246,28,21,612,85,44,1,4,0,2
247,28,27,615,85,44,1,4,0,2
248,28,42,616,85,44,1,4,0,2
249,28,52,619,86,44,1,4,0,2
250,28,63,622,86,44,1,4,0,2
251,28,70,627,86,44,1,4,0,2
252,28,82,633,86,44,1,4,0,2
253,28,89,636,86,44,1,4,0,2
254,28,96,640,86,44,1,4,0,2
255,28,104,644,86,44,1,4,0,2
256,28,111,647,86,44,1,4,0,2
257,28,119,651,86,44,1,4,0,2
258,28,126,655,86,44,1,4,0,2
259,28,134,658,86,44,1,4,0,2
260,28,141,662,86,44,1,4,0,2
261,28,149,666,86,44,1,4,0,2
262,28,156,669,86,44,1,4,0,2
263,28,164,673,86,44,1,4,0,2
264,28,171,677,86,44,1,4,0,2
265,28,179,681,86,44,1,4,0,2
1,29,2298,1132,417,291,1,6,1,1
2,29,2332,1137,384,290,1,6,1,1
3,29,2366,1142,351,290,1,6,1,1
4,29,2400,1147,318,290,1,6,1,1
5,29,2442,1157,276,290,1,6,1,1
