2,15999,2,441,66,83,0.3949171,4,-1,-1
3,15999,2,438,65,88,0.32218662,4,-1,-1
9,16000,4,433,62,94,0.32959983,4,-1,-1
13,16001,7,432,54,95,0.32375044,4,-1,-1
14,16001,6,431,55,94,0.38722596,4,-1,-1
15,16001,6,434,55,90,0.44087708,4,-1,-1
16,16001,6,430,56,96,0.36489075,4,-1,-1
20,16002,3,437,87,86,0.37071437,4,-1,-1
21,16002,10,431,88,88,0.44388008,4,-1,-1
27,16003,145,443,109,70,0.502121,4,-1,-1
27,16004,1104,565,145,84,0.31741643,4,-1,-1
32,16005,269,438,113,72,0.3921352,5,-1,-1
33,16005,299,445,103,63,0.44586435,5,-1,-1
34,16005,315,443,111,65,0.46943915,5,-1,-1
34,16006,70,406,89,54,0.39680722,4,-1,-1
34,16007,43,476,67,55,0.38560393,4,-1,-1
35,16008,93,404,81,57,0.33217657,5,-1,-1
36,16008,94,406,79,55,0.30146617,5,-1,-1
38,16009,325,444,100,63,0.307116,5,-1,-1
39,16009,325,443,99,65,0.34347463,5,-1,-1
40,16010,97,407,78,56,0.3582342,6,-1,-1
42,16011,4,469,56,60,0.3120724,4,-1,-1
43,16011,3,469,55,61,0.3515986,4,-1,-1
44,16011,-1,473,60,80,0.38045034,4,-1,-1
45,16011,0,475,59,81,0.30004746,4,-1,-1
46,16011,3,475,62,80,0.3174661,4,-1,-1
47,16011,4,479,63,80,0.37232444,4,-1,-1
48,16011,9,493,76,65,0.35769328,4,-1,-1
48,16012,2176,1075,216,125,0.36995798,4,-1,-1
49,16013,1719,881,150,79,0.45998684,4,-1,-1
49,16014,1,442,16,74,0.4191914,4,-1,-1
50,16014,1,440,12,76,0.3569048,4,-1,-1
50,16013,1758,889,148,82,0.35042757,4,-1,-1
50,16015,319,438,102,70,0.5320018,4,-1,-1
50,16016,18,504,74,58,0.3633381,4,-1,-1
50,16017,2254,1096,228,126,0.32820094,4,-1,-1
51,16013,1783,897,157,82,0.49524024,4,-1,-1
51,16016,20,505,78,59,0.41764766,4,-1,-1
51,16015,320,440,99,68,0.40461704,4,-1,-1
51,16018,215,562,98,48,0.341032,4,-1,-1
52,16013,1822,904,151,82,0.5560321,4,-1,-1
52,16016,29,510,83,59,0.3779858,4,-1,-1
52,16015,321,439,97,68,0.36562642,4,-1,-1
53,16013,1859,909,155,86,0.36357057,4,-1,-1
54,16013,1877,917,169,88,0.4790925,4,-1,-1
54,16019,2434,1138,241,130,0.44209352,4,-1,-1
55,16019,2478,1151,209,143,0.49310514,4,-1,-1
55,16013,1921,926,166,87,0.41532278,4,-1,-1
56,16019,2524,1150,164,176,0.4724944,4,-1,-1
56,16013,1947,936,175,88,0.3229308,4,-1,-1
56,16020,50,513,88,64,0.34329274,4,-1,-1
57,16020,54,517,90,63,0.32452482,4,-1,-1
57,16019,2567,1158,121,162,0.30848902,4,-1,-1
57,16013,1987,940,176,92,0.30333468,4,-1,-1
58,16020,69,517,83,63,0.45308286,4,-1,-1
58,16013,2027,949,177,91,0.32329285,4,-1,-1
58,16021,316,441,104,69,0.30563712,4,-1,-1
58,16022,303,579,130,55,0.30558473,4,-1,-1
59,16013,2062,961,186,92,0.4796243,4,-1,-1
59,16020,73,525,85,59,0.41839835,4,-1,-1
59,16021,314,440,105,72,0.4073831,4,-1,-1
60,16020,79,525,84,61,0.50332046,4,-1,-1
60,16021,311,440,111,73,0.4948569,4,-1,-1
60,16013,2102,967,188,94,0.46643865,4,-1,-1
61,16013,2143,978,186,95,0.45670053,4,-1,-1
61,16020,91,525,80,63,0.4266513,4,-1,-1
61,16021,312,443,109,70,0.4163381,4,-1,-1
61,16023,298,571,148,74,0.35003126,4,-1,-1
62,16013,2183,987,191,96,0.50104433,4,-1,-1
62,16020,97,526,82,61,0.4957914,4,-1,-1
63,16020,103,526,79,62,0.48765245,4,-1,-1
63,16013,2227,997,190,95,0.4494229,4,-1,-1
64,16020,113,526,82,62,0.47240016,4,-1,-1
64,16013,2266,1004,199,97,0.4623347,4,-1,-1
65,16020,121,530,80,59,0.4637549,4,-1,-1
65,16013,2308,1013,207,105,0.3417648,4,-1,-1
66,16020,124,531,82,61,0.45551354,4,-1,-1
66,16013,2351,1022,212,106,0.43335223,4,-1,-1
66,16024,65,404,90,56,0.3017809,4,-1,-1
67,16020,133,531,85,64,0.539384,4,-1,-1
67,16013,2404,1036,214,106,0.4965766,4,-1,-1
68,16020,138,538,85,61,0.5295604,4,-1,-1
68,16013,2450,1047,215,102,0.47249237,4,-1,-1
68,16025,307,437,100,70,0.36530945,4,-1,-1
69,16020,144,544,82,63,0.43469074,4,-1,-1
69,16013,2506,1061,180,105,0.3899097,4,-1,-1
69,16025,306,435,98,72,0.31078023,4,-1,-1
70,16020,151,544,86,65,0.4403413,4,-1,-1
71,16020,155,544,89,70,0.6149203,4,-1,-1
71,16026,306,436,99,71,0.3607095,4,-1,-1
71,16027,58,401,85,61,0.30825526,6,-1,-1
72,16020,159,547,87,68,0.65241575,4,-1,-1
73,16020,167,549,81,70,0.5116805,4,-1,-1
74,16020,176,552,81,67,0.5072149,4,-1,-1
74,16028,52,408,95,58,0.3037983,4,-1,-1
75,16020,181,555,80,68,0.6632045,4,-1,-1
75,16028,55,409,89,56,0.31993228,4,-1,-1
75,16029,298,437,109,73,0.31735498,4,-1,-1
76,16020,180,559,86,66,0.48744252,4,-1,-1
76,16028,49,406,95,60,0.30361328,4,-1,-1
77,16020,188,564,79,67,0.4587755,4,-1,-1
77,16028,51,408,89,57,0.32491335,4,-1,-1
77,16030,232,509,68,47,0.32759124,4,-1,-1
78,16020,189,567,82,63,0.42204165,4,-1,-1
78,16028,49,407,88,55,0.33579966,4,-1,-1
79,16020,201,568,81,65,0.437923,4,-1,-1
79,16028,47,408,85,56,0.32455748,4,-1,-1
80,16020,206,574,81,62,0.43859002,4,-1,-1
81,16020,201,576,91,70,0.30118147,4,-1,-1
82,16020,199,578,87,68,0.30294117,4,-1,-1
83,16020,186,586,80,63,0.31665176,4,-1,-1
83,16031,129,500,70,46,0.3998146,4,-1,-1
84,16020,163,587,87,73,0.36821494,4,-1,-1
85,16020,136,592,96,80,0.31500247,4,-1,-1
86,16032,172,456,104,72,0.30494997,4,-1,-1
87,16033,0,510,57,48,0.40380213,4,-1,-1
87,16034,105,611,95,69,0.36133093,4,-1,-1
88,16033,0,486,14,72,0.31187674,4,-1,-1
146,16035,1028,503,174,112,0.3097475,4,-1,-1
148,16036,2029,1080,205,118,0.3282887,4,-1,-1
150,16037,1270,972,67,62,0.3028905,1,-1,-1
152,16038,2222,1125,216,119,0.32948375,4,-1,-1
152,16039,1236,943,149,101,0.32308647,4,-1,-1
154,16040,1010,920,167,138,0.44674182,4,-1,-1
154,16041,2366,965,170,83,0.30526206,4,-1,-1
155,16040,1035,924,168,136,0.42597517,4,-1,-1
156,16040,1065,935,175,135,0.36495414,4,-1,-1
156,16042,1065,935,175,135,0.3352508,5,-1,-1
157,16040,1089,946,184,134,0.5298835,4,-1,-1
158,16043,2556,1177,136,166,0.35280538,4,-1,-1
159,16044,1155,956,185,138,0.4191329,4,-1,-1
160,16044,1192,963,186,141,0.45205006,4,-1,-1
162,16045,1267,980,195,150,0.6820267,4,-1,-1
164,16046,1336,999,207,153,0.36338905,4,-1,-1
164,16047,819,531,206,118,0.3143131,4,-1,-1
166,16048,1415,1020,212,158,0.34340718,4,-1,-1
171,16049,711,553,219,115,0.32775727,5,-1,-1
172,16050,695,549,235,124,0.43729421,4,-1,-1
180,16051,2674,916,22,140,0.35940295,6,-1,-1
180,16052,2065,1151,270,177,0.3332732,6,-1,-1
181,16051,2634,890,57,159,0.3259548,6,-1,-1
181,16053,2634,890,57,159,0.35333118,4,-1,-1
182,16051,2594,884,96,160,0.38434714,6,-1,-1
182,16053,2594,884,96,160,0.3334337,4,-1,-1
183,16051,2563,872,129,156,0.38750967,6,-1,-1
183,16054,2230,1154,278,189,0.41648304,6,-1,-1
183,16055,2537,1160,161,171,0.30581674,4,-1,-1
184,16051,2543,863,153,166,0.3598264,6,-1,-1
184,16056,2543,863,153,166,0.3695093,4,-1,-1
185,16056,2510,862,187,163,0.4607183,4,-1,-1
185,16057,2339,1158,310,203,0.6030083,6,-1,-1
186,16057,2396,1169,282,197,0.60449207,6,-1,-1
186,16056,2479,856,215,172,0.40954244,4,-1,-1
187,16057,2466,1174,222,219,0.5818708,6,-1,-1
188,16057,2513,1172,177,229,0.5405545,6,-1,-1
189,16058,2389,854,261,148,0.51288545,6,-1,-1
190,16059,2640,1174,53,225,0.3155143,4,-1,-1
191,16060,2332,846,251,149,0.36255866,6,-1,-1
196,16061,182,543,339,163,0.52173865,4,-1,-1
197,16061,157,543,345,165,0.63860095,4,-1,-1
198,16061,125,547,361,170,0.5321044,4,-1,-1
199,16061,83,555,371,173,0.45928156,4,-1,-1
200,16061,60,555,372,174,0.35053763,4,-1,-1
201,16061,39,561,369,172,0.33127475,4,-1,-1
202,16061,17,564,370,171,0.4047244,4,-1,-1
203,16061,11,564,347,177,0.4799133,4,-1,-1
204,16061,9,569,335,186,0.45205188,4,-1,-1
205,16061,6,572,307,182,0.47445235,4,-1,-1
207,16062,1232,902,160,93,0.36436304,4,-1,-1
208,16063,0,579,227,184,0.3498502,4,-1,-1
209,16063,-1,583,192,174,0.51665854,4,-1,-1
210,16063,-5,585,163,168,0.39804107,4,-1,-1
211,16064,1820,776,205,124,0.52232915,6,-1,-1
211,16065,1096,915,151,91,0.45483783,4,-1,-1
212,16065,1122,917,157,100,0.6642787,4,-1,-1
212,16064,1798,773,201,122,0.44327983,6,-1,-1
212,16066,1411,944,180,101,0.3947055,4,-1,-1
212,16067,1546,412,63,57,0.30508485,6,-1,-1
213,16066,1449,955,184,101,0.5362387,4,-1,-1
213,16065,1157,923,157,101,0.48162478,4,-1,-1
213,16064,1772,771,207,121,0.3274437,6,-1,-1
213,16068,-1,592,65,192,0.3351697,4,-1,-1
214,16065,1186,935,164,100,0.68194723,4,-1,-1
214,16066,1485,962,195,103,0.60338706,4,-1,-1
214,16064,1749,764,209,119,0.48921514,6,-1,-1
215,16065,1220,939,163,101,0.65541387,4,-1,-1
215,16064,1721,760,199,121,0.48462635,6,-1,-1
215,16066,1527,971,194,108,0.4432673,4,-1,-1
216,16066,1570,982,196,103,0.7039362,4,-1,-1
216,16064,1692,758,215,121,0.6020455,6,-1,-1
216,16065,1252,952,165,100,0.5478451,4,-1,-1
216,16069,2593,871,96,96,0.34636515,4,-1,-1
217,16065,1289,956,168,107,0.74044454,4,-1,-1
217,16066,1613,989,196,112,0.6401291,4,-1,-1
217,16064,1674,753,208,121,0.59783465,6,-1,-1
218,16065,1325,968,172,107,0.55718905,4,-1,-1
218,16066,1651,1001,207,113,0.52402705,4,-1,-1
218,16064,1650,752,204,117,0.47309476,6,-1,-1
219,16065,1361,974,176,109,0.6182488,4,-1,-1
219,16064,1632,745,196,115,0.30471945,6,-1,-1
220,16065,1401,981,178,111,0.5766609,4,-1,-1
220,16064,1608,744,200,115,0.55966765,6,-1,-1
220,16070,1746,1018,211,119,0.57713836,4,-1,-1
220,16071,2477,863,173,84,0.46990213,4,-1,-1
221,16065,1434,994,182,110,0.6697259,4,-1,-1
221,16070,1789,1029,216,118,0.6186603,4,-1,-1
221,16064,1589,741,191,111,0.5646269,6,-1,-1
221,16071,2451,861,172,77,0.53222173,4,-1,-1
222,16070,1834,1041,226,114,0.61654747,4,-1,-1
222,16065,1475,1005,182,106,0.5727257,4,-1,-1
222,16071,2424,860,177,75,0.4529798,4,-1,-1
222,16064,1570,738,189,110,0.35376838,6,-1,-1
223,16065,1513,1015,191,107,0.6556343,4,-1,-1
223,16070,1886,1051,230,120,0.51906306,4,-1,-1
223,16071,2391,853,168,72,0.42734864,4,-1,-1
224,16070,1932,1064,235,116,0.61939126,4,-1,-1
224,16065,1556,1023,190,111,0.6065481,4,-1,-1
224,16071,2365,852,171,71,0.45242417,4,-1,-1
224,16072,2638,1017,50,108,0.4402099,4,-1,-1
225,16065,1593,1034,200,115,0.6905735,4,-1,-1
225,16070,1986,1075,244,124,0.5927204,4,-1,-1
225,16071,2340,851,173,71,0.44679043,4,-1,-1
226,16071,2305,847,171,71,0.6156261,4,-1,-1
226,16065,1646,1044,201,114,0.49696898,4,-1,-1
226,16070,2035,1087,241,128,0.45944,4,-1,-1
226,16073,2544,998,150,113,0.44262287,4,-1,-1
227,16070,2091,1098,248,128,0.6836406,4,-1,-1
227,16065,1687,1055,202,115,0.67683744,4,-1,-1
227,16071,2279,843,170,69,0.60209984,4,-1,-1
227,16073,2499,998,195,106,0.568839,4,-1,-1
228,16070,2142,1110,254,130,0.5934487,4,-1,-1
228,16065,1734,1071,206,113,0.5719226,4,-1,-1
228,16071,2248,842,168,65,0.5433605,4,-1,-1
228,16073,2448,993,220,101,0.53179497,4,-1,-1
229,16065,1780,1079,209,114,0.6952532,4,-1,-1
229,16070,2202,1119,259,133,0.60923475,4,-1,-1
229,16073,2405,984,215,101,0.53949606,4,-1,-1
229,16071,2222,838,166,69,0.47082818,4,-1,-1
230,16070,2259,1138,268,131,0.61626476,4,-1,-1
230,16065,1834,1092,207,116,0.5852138,4,-1,-1
230,16071,2198,833,161,66,0.4858112,4,-1,-1
230,16073,2356,978,206,98,0.46194786,4,-1,-1
231,16065,1880,1101,215,118,0.7006939,4,-1,-1
231,16070,2317,1152,273,137,0.6498061,4,-1,-1
232,16065,1937,1115,214,120,0.636787,4,-1,-1
232,16070,2380,1157,278,141,0.55082834,4,-1,-1
232,16074,2140,823,167,68,0.5357309,4,-1,-1
232,16075,2644,917,46,62,0.41826028,4,-1,-1
233,16065,1986,1124,215,121,0.62600696,4,-1,-1
233,16070,2439,1179,252,136,0.48013306,4,-1,-1
233,16074,2118,819,159,67,0.43214658,4,-1,-1
233,16075,2603,912,91,62,0.37819365,4,-1,-1
233,16076,2228,949,195,90,0.39126706,4,-1,-1
234,16065,2040,1142,224,118,0.5598681,4,-1,-1
234,16070,2513,1191,182,135,0.4880861,4,-1,-1
234,16075,2587,901,110,76,0.44040737,4,-1,-1
234,16074,2097,812,150,67,0.34921527,4,-1,-1
235,16065,2099,1154,228,122,0.5837287,4,-1,-1
235,16075,2550,897,149,82,0.5234985,4,-1,-1
235,16070,2586,1197,104,140,0.40223703,4,-1,-1
235,16077,2149,940,186,83,0.40255913,4,-1,-1
236,16065,2148,1160,237,132,0.6416269,4,-1,-1
236,16075,2510,894,183,89,0.5006877,4,-1,-1
236,16077,2105,928,186,89,0.44612178,4,-1,-1
236,16070,2641,1188,56,157,0.39921665,4,-1,-1
236,16078,2039,806,151,72,0.3899549,4,-1,-1
237,16065,2209,1176,239,130,0.66277134,4,-1,-1
237,16077,2067,923,182,87,0.5057118,4,-1,-1
237,16078,2018,803,143,70,0.43962848,4,-1,-1
237,16075,2492,892,182,77,0.3759005,4,-1,-1
238,16065,2271,1191,243,131,0.6083892,4,-1,-1
238,16075,2463,890,187,78,0.537152,4,-1,-1
238,16078,1993,800,144,70,0.37000334,4,-1,-1
239,16065,2332,1200,250,139,0.5907515,4,-1,-1
239,16075,2432,884,181,81,0.4951035,4,-1,-1
240,16065,2395,1217,254,138,0.5713793,4,-1,-1
240,16075,2409,882,181,74,0.5430389,4,-1,-1
241,16065,2464,1237,228,137,0.5434694,4,-1,-1
241,16075,2386,878,171,78,0.4478857,4,-1,-1
242,16065,2525,1241,164,141,0.4587921,4,-1,-1
242,16075,2351,865,173,87,0.3650092,4,-1,-1
243,16075,2326,863,176,87,0.45367014,4,-1,-1
243,16065,2599,1244,89,167,0.417254,4,-1,-1
244,16075,2299,863,176,79,0.306156,4,-1,-1
