2,20230,0,458,67,67,0.3731996,5,-1,-1
4,20231,0,452,63,64,0.37337166,6,-1,-1
6,20232,0,451,61,64,0.3510718,6,-1,-1
7,20232,-1,451,64,67,0.34084582,6,-1,-1
7,20233,-2,458,68,67,0.30764902,5,-1,-1
8,20232,0,452,59,62,0.30120304,6,-1,-1
10,20234,2445,493,61,39,0.3474491,4,-1,-1
10,20235,2646,563,47,46,0.32173088,4,-1,-1
10,20236,2570,1068,57,100,0.31250226,1,-1,-1
11,20234,2450,492,63,40,0.3082804,4,-1,-1
11,20237,0,452,59,64,0.30522272,6,-1,-1
12,20234,2461,493,66,40,0.3867088,4,-1,-1
12,20237,0,453,57,62,0.3281747,6,-1,-1
13,20234,2468,494,60,37,0.36360028,4,-1,-1
13,20237,0,453,58,62,0.32094988,6,-1,-1
14,20237,0,453,57,62,0.34761673,6,-1,-1
15,20237,0,452,59,63,0.35108414,6,-1,-1
19,20238,2434,1048,121,128,0.3278092,1,-1,-1
19,20239,0,454,61,60,0.31280848,6,-1,-1
20,20239,-1,450,72,65,0.41931558,6,-1,-1
20,20240,2578,1064,62,110,0.31819776,1,-1,-1
21,20239,1,456,91,55,0.42615226,6,-1,-1
21,20240,2500,990,75,117,0.32475966,1,-1,-1
22,20240,2528,992,65,108,0.50279534,1,-1,-1
22,20241,2634,1074,56,93,0.43042552,1,-1,-1
22,20242,2517,1059,83,114,0.34827945,1,-1,-1
22,20243,2422,1037,58,107,0.3180321,1,-1,-1
23,20240,2546,994,68,116,0.41643333,1,-1,-1
23,20241,2666,1082,32,107,0.30628556,1,-1,-1
26,20244,2560,1074,132,120,0.32804158,3,-1,-1
27,20245,150,453,102,56,0.45822546,6,-1,-1
27,20246,2612,1051,69,132,0.4331356,1,-1,-1
28,20246,2646,1047,45,140,0.30862814,1,-1,-1
28,20245,175,455,100,51,0.3055575,6,-1,-1
30,20247,0,497,15,46,0.30400485,4,-1,-1
31,20248,2638,1068,55,126,0.35875508,1,-1,-1
33,20249,32,488,52,35,0.32002252,4,-1,-1
33,20250,302,455,99,49,0.30675238,6,-1,-1
34,20250,321,450,102,56,0.47610757,6,-1,-1
34,20249,52,487,51,37,0.4346603,4,-1,-1
35,20249,56,485,48,35,0.433528,4,-1,-1
35,20250,339,451,92,53,0.35504267,6,-1,-1
36,20249,52,484,45,33,0.53008294,4,-1,-1
36,20250,342,453,89,51,0.35672578,6,-1,-1
36,20251,1404,546,134,77,0.33302528,4,-1,-1
37,20249,44,482,49,34,0.5579427,4,-1,-1
37,20250,339,452,92,51,0.45366338,6,-1,-1
37,20252,0,493,6,48,0.31933656,4,-1,-1
38,20250,339,452,93,52,0.44572014,6,-1,-1
38,20249,41,482,49,34,0.39810154,4,-1,-1
38,20252,0,494,7,46,0.36689922,4,-1,-1
38,20253,125,542,58,33,0.32954016,4,-1,-1
39,20252,0,497,13,39,0.4898071,4,-1,-1
39,20249,36,485,45,29,0.4443209,4,-1,-1
39,20250,339,452,91,52,0.40083283,6,-1,-1
39,20253,130,543,60,34,0.39673448,4,-1,-1
39,20254,1856,1000,183,104,0.47143677,4,-1,-1
40,20252,-1,498,23,38,0.64923,4,-1,-1
40,20254,1893,1011,180,110,0.4289357,4,-1,-1
40,20249,30,483,41,30,0.4150148,4,-1,-1
40,20253,139,546,73,34,0.38416606,4,-1,-1
40,20250,341,453,89,49,0.339377,6,-1,-1
41,20252,-2,499,32,38,0.6447941,4,-1,-1
41,20254,1920,1017,187,107,0.5379597,4,-1,-1
41,20250,342,454,87,49,0.35504484,6,-1,-1
41,20253,147,549,61,31,0.33883318,4,-1,-1
42,20254,1958,1022,188,107,0.586221,4,-1,-1
42,20252,-1,500,35,39,0.5777982,4,-1,-1
42,20253,149,547,71,35,0.3856573,4,-1,-1
42,20250,343,454,85,50,0.38401985,6,-1,-1
43,20254,1993,1036,193,107,0.6247714,4,-1,-1
43,20252,6,481,49,37,0.4923755,4,-1,-1
43,20250,342,452,87,52,0.3714582,6,-1,-1
44,20254,2032,1043,193,105,0.5909288,4,-1,-1
44,20252,0,495,51,51,0.5556354,4,-1,-1
44,20250,342,452,86,51,0.31839502,6,-1,-1
44,20255,0,495,51,51,0.37879282,5,-1,-1
45,20254,2063,1052,197,116,0.55556166,4,-1,-1
45,20255,3,495,50,56,0.5254707,5,-1,-1
45,20252,3,495,50,56,0.4484285,4,-1,-1
45,20250,339,451,89,51,0.31839016,6,-1,-1
45,20256,1602,855,140,79,0.3125744,4,-1,-1
46,20254,2103,1060,200,114,0.66691554,4,-1,-1
46,20252,3,494,57,59,0.5581765,4,-1,-1
46,20256,1628,861,152,81,0.4849883,4,-1,-1
46,20250,328,451,96,52,0.43423566,6,-1,-1
46,20255,3,494,57,59,0.4120759,5,-1,-1
47,20254,2139,1070,208,120,0.66186535,4,-1,-1
47,20252,3,502,62,52,0.53518444,4,-1,-1
47,20256,1649,869,161,79,0.51303387,4,-1,-1
47,20250,326,449,99,54,0.45861742,6,-1,-1
48,20254,2180,1079,208,121,0.71669877,4,-1,-1
48,20252,13,510,63,45,0.3961016,4,-1,-1
48,20256,1682,878,154,79,0.3944858,4,-1,-1
48,20250,325,448,99,55,0.35594812,6,-1,-1
48,20257,1,472,23,43,0.36386204,4,-1,-1
48,20258,325,448,99,55,0.3425352,5,-1,-1
49,20254,2215,1088,221,126,0.6571683,4,-1,-1
49,20256,1716,883,155,83,0.64152545,4,-1,-1
49,20252,19,515,59,41,0.6125142,4,-1,-1
49,20257,0,461,16,45,0.45067042,4,-1,-1
49,20250,327,451,93,54,0.37722325,6,-1,-1
49,20258,327,451,93,54,0.30514234,5,-1,-1
49,20259,210,565,66,34,0.44336376,4,-1,-1
49,20260,567,572,42,33,0.31216818,5,-1,-1
49,20261,19,515,59,41,0.3003692,5,-1,-1
50,20254,2257,1098,223,129,0.6741053,4,-1,-1
50,20252,25,516,59,41,0.5451436,4,-1,-1
50,20261,25,516,59,41,0.48554847,5,-1,-1
50,20250,329,454,87,49,0.4448634,6,-1,-1
50,20256,1739,888,165,86,0.41175416,4,-1,-1
50,20257,0,463,11,43,0.39660686,4,-1,-1
51,20254,2298,1110,231,129,0.7383861,4,-1,-1
51,20256,1780,897,159,85,0.6148888,4,-1,-1
51,20261,38,517,56,40,0.4944751,5,-1,-1
51,20250,326,456,93,48,0.39058945,6,-1,-1
51,20252,38,517,56,40,0.35970548,4,-1,-1
51,20262,224,570,66,36,0.40743092,4,-1,-1
51,20263,0,473,8,41,0.33351764,4,-1,-1
52,20254,2346,1118,224,125,0.6440155,4,-1,-1
52,20261,42,520,59,42,0.56042475,5,-1,-1
52,20256,1813,905,164,86,0.5474753,4,-1,-1
52,20252,42,520,59,42,0.45066416,4,-1,-1
52,20250,327,454,90,51,0.37489262,6,-1,-1
52,20262,230,573,62,33,0.3118596,4,-1,-1
52,20264,327,454,90,51,0.30854633,5,-1,-1
53,20254,2383,1130,239,129,0.6091808,4,-1,-1
53,20261,47,521,60,43,0.5444957,5,-1,-1
53,20256,1841,914,170,89,0.49386564,4,-1,-1
53,20252,47,521,60,43,0.4554072,4,-1,-1
53,20250,326,456,89,47,0.42105296,6,-1,-1
54,20254,2438,1143,234,125,0.66387796,4,-1,-1
54,20256,1881,921,164,88,0.6058908,4,-1,-1
54,20250,325,454,91,50,0.5388027,6,-1,-1
54,20252,59,522,56,45,0.39716253,4,-1,-1
54,20261,59,522,56,45,0.38359588,5,-1,-1
55,20254,2479,1152,213,135,0.7034139,4,-1,-1
55,20252,62,524,59,46,0.5812154,4,-1,-1
55,20250,324,452,90,53,0.56863856,6,-1,-1
55,20256,1919,929,165,86,0.4508145,4,-1,-1
55,20261,62,524,59,46,0.33258668,5,-1,-1
56,20254,2520,1158,174,141,0.5711332,4,-1,-1
56,20250,322,452,92,53,0.50367516,6,-1,-1
56,20252,65,525,63,46,0.4960576,4,-1,-1
56,20256,1959,938,167,89,0.47786912,4,-1,-1
56,20261,65,525,63,46,0.4129163,5,-1,-1
57,20250,323,452,92,53,0.5956273,6,-1,-1
57,20254,2569,1169,123,149,0.5700096,4,-1,-1
57,20256,1998,947,174,90,0.39237094,4,-1,-1
57,20261,77,531,63,46,0.37579685,5,-1,-1
57,20252,77,531,63,46,0.34860167,4,-1,-1
57,20265,274,585,59,34,0.39888677,4,-1,-1
58,20250,322,453,91,53,0.6224701,6,-1,-1
58,20261,82,534,60,43,0.5830354,5,-1,-1
58,20256,2024,956,185,93,0.53860927,4,-1,-1
58,20254,2623,1179,72,132,0.47685826,4,-1,-1
58,20252,82,534,60,43,0.34313917,4,-1,-1
59,20250,324,454,88,52,0.5981454,6,-1,-1
59,20261,86,537,61,42,0.5872639,5,-1,-1
59,20256,2064,967,186,91,0.53226155,4,-1,-1
59,20252,86,537,61,42,0.43798712,4,-1,-1
60,20256,2101,974,191,96,0.4982284,4,-1,-1
60,20252,92,539,61,41,0.469474,4,-1,-1
60,20250,323,456,89,48,0.4549782,6,-1,-1
60,20261,92,539,61,41,0.40605465,5,-1,-1
61,20261,104,539,57,45,0.66491586,5,-1,-1
61,20256,2143,981,190,96,0.6583855,4,-1,-1
61,20250,324,457,87,47,0.5153778,6,-1,-1
62,20261,108,539,60,45,0.68451566,5,-1,-1
62,20256,2179,986,199,101,0.54018384,4,-1,-1
62,20250,320,453,93,51,0.40444943,6,-1,-1
62,20266,411,545,45,32,0.30739084,4,-1,-1
63,20256,2223,994,200,104,0.6702222,4,-1,-1
63,20261,114,540,62,44,0.61678386,5,-1,-1
63,20250,323,453,94,50,0.47165304,6,-1,-1
63,20267,310,589,70,41,0.3303926,4,-1,-1
64,20261,124,540,60,45,0.6352238,5,-1,-1
64,20256,2264,1003,206,108,0.56851107,4,-1,-1
64,20250,324,449,91,53,0.5560354,6,-1,-1
64,20268,124,540,60,45,0.3290235,4,-1,-1
65,20256,2302,1009,216,121,0.61485463,4,-1,-1
65,20268,128,543,63,44,0.5508082,4,-1,-1
65,20250,320,449,94,52,0.5431648,6,-1,-1
65,20261,128,543,63,44,0.4315845,5,-1,-1
66,20256,2357,1020,204,115,0.5767684,4,-1,-1
66,20250,317,449,97,51,0.5429677,6,-1,-1
66,20261,134,543,62,46,0.43600786,5,-1,-1
66,20268,134,543,62,46,0.40623507,4,-1,-1
67,20256,2406,1037,214,109,0.6780364,4,-1,-1
67,20268,140,544,65,46,0.4822385,4,-1,-1
67,20250,315,447,99,54,0.4427766,6,-1,-1
67,20261,140,544,65,46,0.37804776,5,-1,-1
67,20269,74,413,72,39,0.307773,4,-1,-1
68,20256,2456,1049,209,104,0.6373412,4,-1,-1
68,20261,146,548,62,44,0.44626987,5,-1,-1
68,20268,146,548,62,44,0.3065923,4,-1,-1
68,20250,319,450,94,50,0.30063438,6,-1,-1
69,20256,2505,1058,192,116,0.70183694,4,-1,-1
69,20261,152,555,63,42,0.49244282,5,-1,-1
69,20250,321,452,88,46,0.367506,6,-1,-1
70,20256,2550,1070,144,121,0.6301642,4,-1,-1
70,20261,155,555,65,45,0.48183796,5,-1,-1
70,20250,318,451,93,50,0.44022754,6,-1,-1
70,20270,155,555,65,45,0.3144175,4,-1,-1
71,20261,164,557,65,47,0.64639527,5,-1,-1
71,20256,2604,1083,89,112,0.62709284,4,-1,-1
71,20250,316,451,96,52,0.39185092,6,-1,-1
72,20261,169,560,64,47,0.63794994,5,-1,-1
72,20250,323,451,88,52,0.48982832,6,-1,-1
72,20271,169,560,64,47,0.32554808,4,-1,-1
73,20271,172,564,66,46,0.47827277,4,-1,-1
73,20261,172,564,66,46,0.37920123,5,-1,-1
74,20271,173,563,69,50,0.45421302,4,-1,-1
75,20271,184,566,67,48,0.42763248,4,-1,-1
75,20272,184,566,67,48,0.39153123,5,-1,-1
76,20271,190,573,61,47,0.41233534,4,-1,-1
76,20273,60,419,68,39,0.35799965,4,-1,-1
76,20274,305,451,96,55,0.31004357,6,-1,-1
77,20274,302,450,99,55,0.56995994,6,-1,-1
77,20271,195,576,62,45,0.42798707,4,-1,-1
77,20273,63,418,67,41,0.34781688,4,-1,-1
77,20275,195,576,62,45,0.44982615,5,-1,-1
78,20273,61,418,68,40,0.48265412,4,-1,-1
78,20275,196,579,67,46,0.46607825,5,-1,-1
78,20271,196,579,67,46,0.38649637,4,-1,-1
78,20274,303,453,95,53,0.3262056,6,-1,-1
78,20276,303,453,95,53,0.41816095,5,-1,-1
79,20275,206,580,67,47,0.4676651,5,-1,-1
79,20271,206,580,67,47,0.42800424,4,-1,-1
79,20276,299,454,99,52,0.40900862,5,-1,-1
79,20273,57,419,69,39,0.3527776,4,-1,-1
80,20275,207,583,67,48,0.4505465,5,-1,-1
80,20271,207,583,67,48,0.37635237,4,-1,-1
81,20271,205,587,71,47,0.4217584,4,-1,-1
81,20275,205,587,71,47,0.30646554,5,-1,-1
82,20275,207,593,69,51,0.44791856,5,-1,-1
83,20275,192,597,68,52,0.4211826,5,-1,-1
83,20277,192,597,68,52,0.46009856,4,-1,-1
83,20278,260,452,98,56,0.44749495,6,-1,-1
83,20279,1784,459,101,69,0.43296632,5,-1,-1
84,20278,235,455,100,55,0.5408581,6,-1,-1
84,20277,170,601,73,55,0.41633958,4,-1,-1
84,20279,1740,464,120,63,0.4053701,5,-1,-1
85,20279,1718,466,112,67,0.5575063,5,-1,-1
85,20278,212,457,94,56,0.46357056,6,-1,-1
85,20280,73,516,45,35,0.39128166,4,-1,-1
85,20281,158,439,46,36,0.3224001,4,-1,-1
86,20278,172,475,101,42,0.4426038,6,-1,-1
86,20279,1694,468,115,67,0.3908128,5,-1,-1
87,20278,154,474,91,44,0.37498447,6,-1,-1
87,20282,116,626,72,49,0.42329517,4,-1,-1
87,20283,7,521,36,33,0.35509667,4,-1,-1
88,20278,129,475,98,49,0.52461207,6,-1,-1
89,20278,112,474,100,49,0.44436693,6,-1,-1
89,20284,96,640,71,49,0.32589647,5,-1,-1
90,20278,109,473,102,55,0.51750934,6,-1,-1
90,20285,94,642,84,57,0.42190313,4,-1,-1
91,20278,110,476,96,48,0.46389306,6,-1,-1
92,20278,110,474,97,51,0.54085284,6,-1,-1
92,20286,116,647,76,46,0.33576632,4,-1,-1
93,20278,108,473,100,52,0.37498346,6,-1,-1
94,20278,105,473,101,55,0.4988687,6,-1,-1
95,20278,107,473,96,52,0.46758366,6,-1,-1
96,20278,106,473,98,52,0.35052508,6,-1,-1
97,20278,105,473,99,54,0.4311685,6,-1,-1
98,20278,103,473,102,56,0.39283258,6,-1,-1
99,20278,102,474,100,54,0.38586572,6,-1,-1
99,20287,1982,498,85,52,0.354492,4,-1,-1
100,20287,1985,499,84,50,0.3575536,4,-1,-1
102,20288,90,475,103,53,0.3205619,6,-1,-1
103,20288,93,475,97,51,0.36235365,6,-1,-1
104,20288,92,475,99,51,0.35674685,6,-1,-1
105,20288,91,473,99,54,0.3735324,6,-1,-1
106,20288,89,470,103,60,0.48282787,6,-1,-1
106,20289,51,456,41,31,0.31799117,4,-1,-1
107,20288,88,472,106,56,0.38054556,6,-1,-1
108,20288,89,471,104,58,0.3907713,6,-1,-1
109,20290,91,473,98,54,0.37797442,5,-1,-1
110,20291,89,473,100,55,0.37459317,6,-1,-1
111,20291,86,473,102,54,0.43115595,6,-1,-1
112,20291,84,473,104,54,0.40285176,6,-1,-1
113,20291,85,470,103,59,0.4668437,6,-1,-1
113,20292,43,458,47,31,0.30190113,4,-1,-1
114,20291,85,470,105,60,0.5039322,6,-1,-1
115,20291,83,471,106,58,0.42725515,6,-1,-1
116,20291,85,470,104,59,0.45637664,6,-1,-1
117,20291,83,473,104,55,0.4891782,6,-1,-1
118,20291,83,473,100,55,0.42242438,6,-1,-1
119,20291,72,470,94,54,0.40385967,6,-1,-1
121,20293,14,472,111,58,0.5218908,6,-1,-1
122,20293,4,473,92,55,0.41758597,6,-1,-1
123,20293,2,468,89,62,0.38028452,6,-1,-1
125,20294,-2,467,79,64,0.33317462,6,-1,-1
126,20294,-2,465,78,68,0.3883397,6,-1,-1
127,20294,1,468,86,65,0.40455198,6,-1,-1
128,20294,-2,464,79,71,0.41329467,6,-1,-1
129,20294,-2,467,75,66,0.3391852,6,-1,-1
130,20294,-1,469,74,64,0.31013992,6,-1,-1
131,20294,0,470,72,63,0.3275296,6,-1,-1
132,20294,0,469,72,65,0.37252247,6,-1,-1
133,20294,0,468,71,68,0.38336688,6,-1,-1
134,20294,0,466,72,70,0.42198524,6,-1,-1
135,20294,-1,465,72,71,0.3688607,6,-1,-1
135,20295,1560,978,160,96,0.3445995,4,-1,-1
136,20294,-2,463,75,74,0.43252736,6,-1,-1
137,20294,-1,464,70,74,0.5349354,6,-1,-1
138,20294,0,467,63,69,0.46845004,6,-1,-1
138,20296,1648,1001,179,108,0.39271215,4,-1,-1
139,20294,1,472,54,63,0.40938434,6,-1,-1
139,20296,1687,1011,175,112,0.36834258,4,-1,-1
140,20296,1721,1017,181,104,0.509101,4,-1,-1
140,20294,1,470,47,65,0.42395043,6,-1,-1
141,20296,1751,1020,183,113,0.41157556,4,-1,-1
142,20296,1787,1031,191,114,0.54834133,4,-1,-1
143,20296,1825,1041,191,108,0.60193366,4,-1,-1
144,20296,1860,1048,198,105,0.49758092,4,-1,-1
145,20296,1895,1060,193,103,0.5874233,4,-1,-1
146,20296,1945,1066,196,108,0.5408051,4,-1,-1
146,20297,1039,522,159,76,0.307258,9,-1,-1
147,20296,1982,1077,210,111,0.6541467,4,-1,-1
147,20298,2630,984,63,96,0.34765714,4,-1,-1
148,20296,2029,1086,206,114,0.6534792,4,-1,-1
148,20298,2587,990,109,78,0.6420511,4,-1,-1
149,20296,2076,1095,206,122,0.7328135,4,-1,-1
149,20298,2549,981,148,90,0.66653365,4,-1,-1
150,20298,2512,982,173,84,0.5819558,4,-1,-1
150,20296,2126,1104,216,121,0.5145369,4,-1,-1
151,20296,2176,1117,213,125,0.76241195,4,-1,-1
151,20298,2474,973,174,84,0.6267737,4,-1,-1
152,20298,2434,972,175,81,0.6254236,4,-1,-1
152,20296,2223,1130,220,125,0.5228959,4,-1,-1
153,20296,2279,1140,225,125,0.72555166,4,-1,-1
153,20298,2400,967,180,87,0.61073637,4,-1,-1
154,20298,2365,964,171,86,0.70930773,4,-1,-1
154,20296,2333,1153,233,123,0.62631994,4,-1,-1
155,20298,2331,961,161,83,0.6581896,4,-1,-1
155,20296,2388,1165,229,126,0.58396477,4,-1,-1
155,20299,1025,935,184,120,0.3084152,4,-1,-1
156,20296,2442,1180,238,125,0.76323164,4,-1,-1
156,20298,2288,953,171,82,0.57993054,4,-1,-1
156,20299,1071,946,169,116,0.52228236,4,-1,-1
157,20296,2506,1191,191,134,0.6905273,4,-1,-1
157,20298,2260,949,164,79,0.6741753,4,-1,-1
157,20299,1099,953,168,116,0.39240244,4,-1,-1
158,20298,2224,943,162,84,0.7183433,4,-1,-1
158,20296,2563,1198,132,134,0.6559347,4,-1,-1
159,20298,2187,943,163,75,0.4940086,4,-1,-1
159,20296,2624,1211,70,116,0.43588814,4,-1,-1
159,20300,1175,965,171,126,0.4234834,4,-1,-1
160,20298,2161,934,160,79,0.5692946,4,-1,-1
160,20301,1489,1010,176,115,0.48436707,4,-1,-1
160,20302,2692,1207,5,117,0.34397015,4,-1,-1
161,20298,2132,928,162,84,0.5272698,4,-1,-1
161,20301,1531,1017,175,119,0.3969885,4,-1,-1
162,20298,2097,926,158,81,0.75537306,4,-1,-1
162,20301,1559,1030,181,116,0.33977768,4,-1,-1
162,20303,1274,988,187,140,0.36399174,4,-1,-1
162,20304,2549,517,63,34,0.3496791,4,-1,-1
163,20301,1595,1033,191,123,0.67921513,4,-1,-1
163,20298,2066,924,149,75,0.6495206,4,-1,-1
163,20303,1313,997,194,145,0.40832573,4,-1,-1
164,20301,1636,1042,186,115,0.59004813,4,-1,-1
164,20298,2034,919,152,79,0.5598347,4,-1,-1
164,20303,1348,1007,202,143,0.3431757,4,-1,-1
165,20301,1675,1054,190,114,0.6764321,4,-1,-1
165,20298,2000,912,153,79,0.61021054,4,-1,-1
165,20303,1379,1015,206,149,0.38169298,4,-1,-1
165,20305,1379,1015,206,149,0.33415616,5,-1,-1
166,20298,1974,906,147,78,0.7524334,4,-1,-1
166,20301,1717,1063,188,115,0.6491553,4,-1,-1
166,20303,1421,1025,203,149,0.50500894,4,-1,-1
166,20305,1421,1025,203,149,0.3710487,5,-1,-1
166,20306,2565,519,72,36,0.37990487,4,-1,-1
167,20301,1757,1070,196,122,0.69476366,4,-1,-1
167,20298,1938,902,150,79,0.61867297,4,-1,-1
167,20305,1458,1032,215,156,0.4185537,5,-1,-1
167,20306,2576,519,65,37,0.35485265,4,-1,-1
167,20303,1458,1032,215,156,0.35430866,4,-1,-1
168,20301,1801,1080,193,121,0.7205703,4,-1,-1
168,20298,1909,899,154,77,0.5843071,4,-1,-1
168,20305,1502,1042,207,157,0.53860795,5,-1,-1
168,20303,1502,1042,207,157,0.38652167,4,-1,-1
169,20301,1841,1089,204,124,0.65172195,4,-1,-1
169,20298,1875,888,151,83,0.5014045,4,-1,-1
169,20305,1537,1052,221,160,0.30438685,5,-1,-1
169,20307,2585,519,68,37,0.46893418,4,-1,-1
169,20308,1537,1052,221,160,0.32097298,6,-1,-1
170,20301,1888,1095,197,126,0.7471995,4,-1,-1
170,20298,1854,886,142,81,0.57724535,4,-1,-1
170,20307,2591,518,66,38,0.5339475,4,-1,-1
170,20309,1587,1061,212,159,0.6533606,4,-1,-1
171,20301,1931,1103,202,124,0.57907516,4,-1,-1
171,20309,1632,1073,225,159,0.55420786,4,-1,-1
171,20307,2595,519,66,36,0.4586269,4,-1,-1
172,20301,1972,1111,211,130,0.6694465,4,-1,-1
172,20309,1684,1081,214,161,0.6292904,4,-1,-1
173,20309,1729,1089,221,170,0.62025684,4,-1,-1
173,20301,2023,1118,217,134,0.59314585,4,-1,-1
174,20301,2067,1129,228,136,0.6581962,4,-1,-1
174,20309,1775,1098,222,169,0.6448382,4,-1,-1
175,20309,1826,1109,231,171,0.677796,4,-1,-1
175,20301,2123,1139,224,132,0.59666884,4,-1,-1
176,20301,2169,1150,232,136,0.6859063,4,-1,-1
176,20309,1874,1118,234,171,0.67806315,4,-1,-1
177,20309,1924,1129,242,177,0.6385665,4,-1,-1
177,20301,2214,1158,233,137,0.5188244,4,-1,-1
178,20309,1973,1136,243,179,0.7488489,4,-1,-1
178,20301,2268,1167,244,146,0.70654,4,-1,-1
179,20309,2027,1147,250,181,0.7048176,4,-1,-1
179,20301,2324,1176,247,142,0.56370753,4,-1,-1
180,20309,2074,1155,253,180,0.71884584,4,-1,-1
180,20301,2373,1186,252,147,0.67379427,4,-1,-1
180,20310,2673,936,24,113,0.41060257,4,-1,-1
181,20301,2427,1182,261,156,0.6894007,4,-1,-1
181,20309,2130,1154,255,186,0.67859167,4,-1,-1
181,20310,2640,922,57,123,0.47508624,4,-1,-1
182,20309,2179,1158,256,181,0.6760836,4,-1,-1
182,20301,2483,1184,209,155,0.5586193,4,-1,-1
182,20310,2601,904,94,133,0.3694735,4,-1,-1
183,20309,2238,1160,259,178,0.6368226,4,-1,-1
183,20301,2540,1180,154,167,0.57939947,4,-1,-1
183,20310,2569,895,122,139,0.44448623,4,-1,-1
183,20311,2579,895,115,138,0.34389508,5,-1,-1
184,20309,2292,1163,270,187,0.6261971,4,-1,-1
184,20301,2598,1184,92,157,0.5478292,4,-1,-1
184,20311,2547,879,145,143,0.42459527,5,-1,-1
184,20310,2547,879,145,143,0.32161915,4,-1,-1
185,20309,2350,1166,280,193,0.7197689,4,-1,-1
185,20311,2513,875,182,136,0.6123502,5,-1,-1
186,20309,2400,1168,285,202,0.5745371,4,-1,-1
186,20311,2497,868,198,143,0.4329852,5,-1,-1
187,20309,2467,1187,224,199,0.44717216,4,-1,-1
187,20312,2467,1187,224,199,0.3186275,5,-1,-1
188,20309,2521,1199,171,208,0.3799911,4,-1,-1
188,20312,2521,1199,171,208,0.30798355,5,-1,-1
188,20313,2420,861,246,133,0.35867193,6,-1,-1
189,20313,2399,855,240,138,0.6314445,6,-1,-1
189,20314,378,540,271,119,0.36564556,9,-1,-1
189,20315,2399,855,240,138,0.3176104,5,-1,-1
190,20313,2365,852,254,134,0.59076136,6,-1,-1
191,20313,2340,850,232,136,0.44125077,6,-1,-1
193,20316,2276,842,234,129,0.39994267,6,-1,-1
194,20317,246,560,299,122,0.33423278,9,-1,-1
195,20317,221,560,301,127,0.37842086,9,-1,-1
195,20318,2238,839,214,121,0.30517372,6,-1,-1
196,20317,198,563,299,132,0.31858322,9,-1,-1
197,20319,168,563,314,134,0.36937895,5,-1,-1
198,20320,2147,822,234,127,0.48980933,6,-1,-1
199,20320,2124,821,231,124,0.4399995,6,-1,-1
199,20321,110,568,337,147,0.38453436,9,-1,-1
200,20320,2102,818,226,124,0.46203086,6,-1,-1
200,20321,73,572,338,145,0.4456992,9,-1,-1
200,20322,73,572,338,145,0.35698795,5,-1,-1
201,20321,50,573,337,146,0.5286507,9,-1,-1
201,20320,2077,814,232,125,0.52132636,6,-1,-1
202,20321,15,577,338,143,0.51649094,9,-1,-1
202,20320,2055,811,235,127,0.39650884,6,-1,-1
203,20320,2023,804,225,120,0.41962367,6,-1,-1
203,20321,12,578,324,150,0.35957924,9,-1,-1
204,20320,1993,802,234,123,0.5829091,6,-1,-1
204,20321,9,587,292,149,0.38830945,9,-1,-1
205,20320,1976,803,223,116,0.3430184,6,-1,-1
206,20320,1954,801,198,113,0.3424728,6,-1,-1
207,20320,1927,797,201,117,0.41443694,6,-1,-1
208,20320,1900,795,206,115,0.4710659,6,-1,-1
209,20320,1880,786,200,110,0.3924171,6,-1,-1
209,20323,8,599,163,136,0.6068066,4,-1,-1
210,20323,5,603,134,126,0.4853217,4,-1,-1
210,20320,1849,786,195,111,0.3953691,6,-1,-1
210,20324,1345,933,167,98,0.30260733,4,-1,-1
211,20320,1828,784,192,111,0.5222368,6,-1,-1
211,20324,1363,940,190,100,0.39172733,4,-1,-1
211,20323,3,606,99,120,0.3812865,4,-1,-1
211,20325,3,606,99,120,0.43375427,5,-1,-1
212,20324,1406,954,188,98,0.59470326,4,-1,-1
212,20323,4,612,65,113,0.43362063,4,-1,-1
212,20320,1808,780,189,111,0.357061,6,-1,-1
212,20325,4,612,65,113,0.33493298,5,-1,-1
212,20326,1125,926,149,88,0.42611367,4,-1,-1
213,20324,1445,958,193,102,0.6899427,4,-1,-1
213,20320,1780,779,195,107,0.3320162,6,-1,-1
213,20327,2694,895,4,65,0.4770166,4,-1,-1
214,20324,1485,967,195,98,0.6020487,4,-1,-1
214,20320,1754,771,199,107,0.3453811,6,-1,-1
214,20328,1187,941,163,90,0.5671765,4,-1,-1
215,20324,1526,978,197,102,0.7284795,4,-1,-1
215,20328,1218,948,170,90,0.52785605,4,-1,-1
215,20329,2629,887,64,72,0.35666704,4,-1,-1
216,20329,2594,885,105,70,0.6355709,4,-1,-1
216,20324,1570,984,195,106,0.50647295,4,-1,-1
216,20328,1259,956,166,96,0.47361526,4,-1,-1
217,20324,1615,995,197,105,0.71262974,4,-1,-1
217,20328,1287,962,170,97,0.6672096,4,-1,-1
217,20329,2560,878,139,84,0.5308771,4,-1,-1
218,20324,1655,1003,206,109,0.58129066,4,-1,-1
218,20328,1323,972,174,100,0.5638052,4,-1,-1
218,20329,2542,874,152,87,0.5512087,4,-1,-1
219,20328,1365,978,173,104,0.6621006,4,-1,-1
219,20329,2509,873,175,72,0.58832234,4,-1,-1
219,20324,1703,1016,212,107,0.5798595,4,-1,-1
220,20324,1746,1022,214,115,0.5769552,4,-1,-1
220,20329,2477,870,177,75,0.5677178,4,-1,-1
220,20328,1403,990,177,106,0.47724104,4,-1,-1
221,20324,1790,1037,218,110,0.7285777,4,-1,-1
221,20329,2449,866,179,74,0.69851774,4,-1,-1
221,20328,1434,996,181,108,0.6020192,4,-1,-1
222,20329,2423,863,179,74,0.66948646,4,-1,-1
222,20324,1845,1046,207,109,0.56701297,4,-1,-1
222,20328,1471,1004,187,108,0.51156676,4,-1,-1
223,20324,1891,1058,223,112,0.70344055,4,-1,-1
223,20328,1513,1014,188,113,0.5887625,4,-1,-1
223,20329,2394,861,173,71,0.57489735,4,-1,-1
224,20324,1937,1072,229,114,0.6072605,4,-1,-1
224,20329,2368,854,167,69,0.514692,4,-1,-1
224,20328,1555,1024,189,110,0.5067926,4,-1,-1
224,20330,2641,1025,53,96,0.55088556,4,-1,-1
225,20324,1993,1080,229,115,0.6530471,4,-1,-1
225,20330,2592,1017,107,105,0.6061116,4,-1,-1
225,20328,1600,1035,187,113,0.5775675,4,-1,-1
225,20329,2341,850,169,74,0.54009604,4,-1,-1
226,20324,2041,1092,236,120,0.70602936,4,-1,-1
226,20329,2310,846,167,73,0.6586181,4,-1,-1
226,20330,2544,1004,155,108,0.62997335,4,-1,-1
226,20328,1652,1053,187,108,0.43877062,4,-1,-1
227,20324,2100,1105,235,117,0.70705557,4,-1,-1
227,20330,2505,992,193,110,0.7056373,4,-1,-1
227,20329,2282,841,169,73,0.6759019,4,-1,-1
227,20328,1697,1059,186,113,0.67191744,4,-1,-1
228,20324,2152,1116,250,122,0.66989464,4,-1,-1
228,20330,2455,989,210,109,0.6084439,4,-1,-1
228,20328,1738,1073,194,111,0.5831726,4,-1,-1
228,20329,2257,838,167,73,0.5240237,4,-1,-1
229,20330,2415,982,198,100,0.72202814,4,-1,-1
229,20328,1789,1080,190,115,0.69045997,4,-1,-1
229,20324,2210,1130,244,125,0.55000967,4,-1,-1
229,20329,2228,838,162,70,0.5076172,4,-1,-1
230,20324,2269,1139,246,127,0.7731278,4,-1,-1
230,20329,2203,832,157,69,0.64340246,4,-1,-1
230,20330,2372,976,193,101,0.6162315,4,-1,-1
230,20328,1837,1093,202,117,0.6129631,4,-1,-1
231,20324,2326,1154,262,129,0.7618187,4,-1,-1
231,20328,1890,1106,196,113,0.70682037,4,-1,-1
231,20329,2179,830,156,68,0.663356,4,-1,-1
231,20330,2319,963,197,104,0.5803931,4,-1,-1
231,20331,2684,922,14,55,0.3746876,4,-1,-1
232,20328,1940,1117,208,117,0.67564255,4,-1,-1
232,20330,2275,955,196,104,0.66708577,4,-1,-1
232,20324,2385,1167,269,138,0.65955603,4,-1,-1
232,20329,2152,825,164,68,0.55857277,4,-1,-1
232,20331,2644,913,51,71,0.41568357,4,-1,-1
233,20324,2448,1181,256,132,0.697978,4,-1,-1
233,20329,2124,821,153,68,0.6957176,4,-1,-1
233,20328,1993,1129,206,115,0.63397276,4,-1,-1
233,20330,2232,947,195,95,0.6019558,4,-1,-1
233,20331,2621,907,76,72,0.48925593,4,-1,-1
234,20328,2045,1141,214,124,0.73454285,4,-1,-1
234,20330,2194,942,185,102,0.67594284,4,-1,-1
234,20324,2516,1190,185,144,0.6474879,4,-1,-1
234,20331,2588,904,110,74,0.6382845,4,-1,-1
234,20329,2094,819,161,67,0.5890982,4,-1,-1
235,20330,2152,933,187,102,0.6981546,4,-1,-1
235,20328,2099,1156,230,123,0.6883916,4,-1,-1
235,20331,2556,901,143,78,0.5976228,4,-1,-1
235,20329,2071,813,158,65,0.5265053,4,-1,-1
235,20324,2581,1201,114,133,0.49469417,4,-1,-1
236,20329,2039,808,161,70,0.6063909,4,-1,-1
236,20328,2152,1165,229,128,0.5835221,4,-1,-1
236,20331,2517,900,182,79,0.5635369,4,-1,-1
236,20330,2108,926,190,96,0.5635114,4,-1,-1
237,20329,2017,807,154,66,0.7249455,4,-1,-1
237,20328,2217,1184,225,127,0.7042045,4,-1,-1
237,20330,2069,919,185,98,0.64481616,4,-1,-1
237,20331,2492,894,189,75,0.5173367,4,-1,-1
238,20328,2274,1196,240,129,0.74672455,4,-1,-1
238,20329,1991,803,157,67,0.734826,4,-1,-1
238,20331,2466,891,186,77,0.6183971,4,-1,-1
238,20330,2037,914,181,92,0.5338702,4,-1,-1
239,20330,1997,906,181,91,0.65310186,4,-1,-1
239,20329,1968,799,154,68,0.635023,4,-1,-1
239,20331,2439,887,188,77,0.6136428,4,-1,-1
239,20328,2336,1208,241,125,0.60284394,4,-1,-1
240,20330,1959,897,177,96,0.75115705,4,-1,-1
240,20328,2398,1226,247,126,0.6062351,4,-1,-1
240,20331,2404,881,195,81,0.5467567,4,-1,-1
240,20329,1943,796,157,71,0.47449583,4,-1,-1
241,20328,2462,1241,234,131,0.69893986,4,-1,-1
241,20330,1922,893,176,92,0.68990517,4,-1,-1
241,20331,2383,880,185,77,0.63433564,4,-1,-1
241,20329,1912,789,162,73,0.469837,4,-1,-1
242,20329,1892,787,154,71,0.59586525,4,-1,-1
242,20330,1884,886,173,91,0.58521444,4,-1,-1
242,20328,2522,1247,173,157,0.5361132,4,-1,-1
242,20331,2359,876,179,80,0.48360497,4,-1,-1
243,20330,1856,878,163,93,0.68820125,4,-1,-1
243,20331,2324,870,181,78,0.58498925,4,-1,-1
243,20329,1872,782,150,73,0.5407679,4,-1,-1
243,20328,2603,1264,85,167,0.51050925,4,-1,-1
244,20331,2300,867,175,76,0.738628,4,-1,-1
244,20330,1816,870,169,95,0.70562124,4,-1,-1
244,20329,1850,782,147,63,0.6972227,4,-1,-1
245,20329,1831,779,141,67,0.6730859,4,-1,-1
245,20331,2272,862,181,80,0.6214446,4,-1,-1
245,20330,1774,864,173,93,0.5812006,4,-1,-1
246,20331,2242,861,176,72,0.63293576,4,-1,-1
246,20330,1752,861,159,89,0.61254144,4,-1,-1
246,20329,1807,775,145,71,0.5697518,4,-1,-1
247,20330,1713,854,162,92,0.58833873,4,-1,-1
247,20331,2215,859,177,73,0.5781398,4,-1,-1
247,20329,1781,768,154,70,0.3871685,4,-1,-1
248,20331,2194,852,173,73,0.5329758,4,-1,-1
249,20331,2170,850,174,76,0.5626453,4,-1,-1
250,20331,2141,847,168,72,0.7013226,4,-1,-1
251,20331,2116,844,166,75,0.77538383,4,-1,-1
252,20331,2094,841,164,70,0.75003946,4,-1,-1
253,20331,2066,840,166,71,0.5458431,4,-1,-1
254,20331,2041,839,158,69,0.48637956,4,-1,-1
255,20331,2015,837,163,73,0.49552652,4,-1,-1
256,20331,1993,831,161,72,0.58946383,4,-1,-1
257,20331,1968,831,163,74,0.58059466,4,-1,-1
258,20331,1940,829,167,73,0.60616314,4,-1,-1
259,20331,1922,830,157,70,0.58359146,4,-1,-1
260,20331,1892,826,158,74,0.4864546,4,-1,-1
261,20331,1870,822,159,72,0.60649264,4,-1,-1
263,20332,1826,820,149,69,0.37511513,4,-1,-1
