1,15865,483,119,65,119,0.42287093,1,-1,-1
1,15866,1328,484,203,118,0.30127943,6,-1,-1
3,15867,1297,495,278,121,0.37162164,6,-1,-1
4,15867,1321,499,263,113,0.30555966,6,-1,-1
5,15867,1325,495,261,121,0.3201482,6,-1,-1
9,15868,2561,1063,75,116,0.34752673,1,-1,-1
10,15869,472,640,260,95,0.30967203,6,-1,-1
11,15869,505,642,244,87,0.36301473,6,-1,-1
11,15870,2681,1235,13,181,0.4478675,1,-1,-1
12,15869,544,620,240,100,0.4424417,6,-1,-1
13,15869,575,618,226,99,0.44670838,6,-1,-1
14,15869,598,612,227,102,0.37711313,6,-1,-1
16,15871,666,606,210,95,0.4018996,6,-1,-1
17,15871,687,599,212,101,0.5498159,6,-1,-1
18,15871,714,594,205,104,0.5486278,6,-1,-1
19,15872,744,591,197,104,0.47784182,4,-1,-1
19,15873,1139,890,45,58,0.36853492,1,-1,-1
20,15874,785,594,192,95,0.39442018,6,-1,-1
20,15875,2575,1065,84,106,0.31079334,1,-1,-1
21,15874,824,584,192,96,0.3950673,6,-1,-1
22,15874,863,578,200,101,0.38938802,6,-1,-1
23,15876,917,574,180,101,0.6114361,4,-1,-1
23,15877,1211,876,135,94,0.52656984,4,-1,-1
24,15877,1248,882,147,87,0.5720189,4,-1,-1
24,15876,960,576,179,94,0.5102167,4,-1,-1
25,15877,1294,898,142,78,0.40718782,4,-1,-1
25,15876,991,574,172,92,0.34545442,4,-1,-1
25,15878,1003,576,172,92,0.4808473,6,-1,-1
25,15879,1280,886,148,85,0.37509084,6,-1,-1
26,15877,1336,899,143,80,0.5405516,4,-1,-1
26,15876,1050,576,163,88,0.39415985,4,-1,-1
27,15877,1378,903,146,85,0.6904253,4,-1,-1
27,15876,1105,568,141,84,0.46920717,4,-1,-1
28,15877,1424,917,144,81,0.59698546,4,-1,-1
28,15876,1126,568,156,85,0.47784275,4,-1,-1
28,15880,1126,568,156,85,0.34084386,6,-1,-1
29,15877,1461,919,162,88,0.7695705,4,-1,-1
29,15876,1172,568,146,81,0.5197596,4,-1,-1
30,15877,1512,927,155,85,0.5835713,4,-1,-1
30,15876,1202,563,161,85,0.5364007,4,-1,-1
30,15881,1202,563,161,85,0.3057075,6,-1,-1
31,15877,1561,939,159,84,0.69190174,4,-1,-1
31,15876,1256,564,140,81,0.5088725,4,-1,-1
31,15881,1256,564,140,81,0.33164525,6,-1,-1
32,15877,1608,948,157,85,0.5898185,4,-1,-1
32,15881,1287,557,160,88,0.5013554,6,-1,-1
33,15877,1656,958,156,87,0.63186544,4,-1,-1
33,15881,1334,563,117,79,0.304483,6,-1,-1
33,15882,1317,1076,49,69,0.44143137,1,-1,-1
33,15883,1359,550,104,73,0.4206829,4,-1,-1
34,15877,1694,968,169,89,0.6787058,4,-1,-1
34,15883,1369,559,135,79,0.51408195,4,-1,-1
34,15884,46,489,61,28,0.32556933,4,-1,-1
35,15877,1730,968,173,95,0.64033806,4,-1,-1
35,15883,1409,551,125,74,0.4416061,4,-1,-1
35,15884,49,486,52,32,0.3012857,4,-1,-1
36,15877,1763,975,176,103,0.66682446,4,-1,-1
36,15883,1408,549,130,80,0.5536929,4,-1,-1
36,15884,43,488,58,28,0.3513469,4,-1,-1
36,15885,111,536,61,36,0.3336708,4,-1,-1
37,15877,1789,981,185,103,0.7486016,4,-1,-1
37,15883,1430,547,128,78,0.5868797,4,-1,-1
37,15884,37,482,59,31,0.44496655,4,-1,-1
37,15885,116,534,71,39,0.39766207,4,-1,-1
37,15886,1396,807,122,74,0.68103725,4,-1,-1
38,15886,1417,814,126,76,0.59916073,4,-1,-1
38,15877,1821,989,192,109,0.57825446,4,-1,-1
38,15883,1435,543,136,78,0.52464646,4,-1,-1
38,15884,27,480,60,36,0.3589903,4,-1,-1
39,15877,1850,994,196,111,0.71883184,4,-1,-1
39,15886,1437,818,131,81,0.6540777,4,-1,-1
39,15883,1453,543,134,73,0.51643974,4,-1,-1
39,15887,127,540,73,35,0.3506506,4,-1,-1
40,15886,1470,824,131,80,0.7633757,4,-1,-1
40,15877,1883,1002,197,110,0.72169435,4,-1,-1
40,15883,1480,544,120,69,0.4600116,4,-1,-1
40,15887,132,539,88,40,0.36877486,4,-1,-1
40,15888,1485,535,111,67,0.34523806,5,-1,-1
41,15886,1496,830,134,76,0.63114643,4,-1,-1
41,15877,1913,1008,200,113,0.6156012,4,-1,-1
41,15883,1499,542,115,68,0.46407497,4,-1,-1
41,15887,144,546,73,35,0.45496613,4,-1,-1
42,15877,1952,1015,198,113,0.75073385,4,-1,-1
42,15886,1521,838,136,76,0.6442412,4,-1,-1
42,15887,147,546,76,36,0.43953708,4,-1,-1
42,15883,1509,544,110,65,0.42436653,4,-1,-1
42,15889,1526,533,104,67,0.3299867,6,-1,-1
42,15890,7,476,52,40,0.31241998,4,-1,-1
42,15891,1339,1084,45,54,0.31110573,1,-1,-1
43,15886,1550,843,137,79,0.73777974,4,-1,-1
43,15877,1985,1027,203,108,0.589329,4,-1,-1
43,15883,1531,529,106,69,0.54274297,4,-1,-1
43,15891,1339,1087,44,53,0.38381064,1,-1,-1
44,15886,1574,845,144,85,0.745193,4,-1,-1
44,15877,2022,1034,212,113,0.6722003,4,-1,-1
44,15891,1340,1087,45,50,0.36100027,1,-1,-1
44,15892,1547,529,108,70,0.4255312,6,-1,-1
44,15893,162,549,75,38,0.37477902,4,-1,-1
44,15894,0,493,53,47,0.34064656,4,-1,-1
45,15886,1599,854,149,85,0.63238937,4,-1,-1
45,15877,2056,1045,211,111,0.61828744,4,-1,-1
45,15894,1,494,52,53,0.49361023,4,-1,-1
45,15893,171,555,70,41,0.39186466,4,-1,-1
45,15892,1553,531,109,62,0.328236,6,-1,-1
45,15891,1340,1089,44,46,0.3098761,1,-1,-1
45,15895,1553,531,109,62,0.4182256,4,-1,-1
46,15886,1629,862,153,85,0.8214511,4,-1,-1
46,15877,2093,1056,215,114,0.8167566,4,-1,-1
46,15894,5,493,52,55,0.48085365,4,-1,-1
46,15893,186,556,66,40,0.42490453,4,-1,-1
46,15895,1575,528,107,65,0.34841913,4,-1,-1
46,15892,1575,528,107,65,0.3414227,6,-1,-1
47,15877,2131,1067,219,121,0.7144084,4,-1,-1
47,15886,1659,868,151,83,0.6450343,4,-1,-1
47,15893,190,556,67,44,0.6069796,4,-1,-1
47,15894,5,499,58,55,0.48068136,4,-1,-1
47,15892,1588,526,109,67,0.4127124,6,-1,-1
47,15896,320,451,111,52,0.45577812,6,-1,-1
47,15897,278,558,68,42,0.3995593,4,-1,-1
48,15877,2171,1076,220,125,0.8404281,4,-1,-1
48,15886,1691,876,152,83,0.6443884,4,-1,-1
48,15896,322,447,106,58,0.5751297,6,-1,-1
48,15893,199,559,75,45,0.52152556,4,-1,-1
48,15892,1592,526,112,69,0.4232223,6,-1,-1
48,15894,6,498,64,57,0.39628625,4,-1,-1
49,15886,1719,885,158,81,0.8388603,4,-1,-1
49,15877,2213,1087,223,124,0.7110193,4,-1,-1
49,15893,204,560,73,44,0.6386123,4,-1,-1
49,15896,321,450,108,58,0.5662694,6,-1,-1
49,15894,12,511,73,45,0.5155703,4,-1,-1
49,15892,1611,522,110,71,0.48459136,6,-1,-1
49,15898,293,562,72,45,0.42578965,4,-1,-1
49,15899,0,458,18,50,0.37863177,4,-1,-1
50,15877,2252,1098,233,123,0.84104455,4,-1,-1
50,15886,1748,893,166,86,0.5892553,4,-1,-1
50,15892,1627,522,113,71,0.58569515,6,-1,-1
50,15894,19,510,71,49,0.5856699,4,-1,-1
50,15893,211,566,74,42,0.5134639,4,-1,-1
50,15896,319,449,109,61,0.34397322,6,-1,-1
50,15900,319,449,109,61,0.42864236,4,-1,-1
51,15877,2291,1109,236,128,0.7895749,4,-1,-1
51,15886,1783,898,159,82,0.76561433,4,-1,-1
51,15893,220,563,76,45,0.5483822,4,-1,-1
51,15894,21,511,75,47,0.5258493,4,-1,-1
51,15896,319,451,109,63,0.4138726,6,-1,-1
51,15900,319,451,109,63,0.37341142,4,-1,-1
51,15892,1639,520,105,71,0.35240045,6,-1,-1
51,15901,525,563,73,47,0.32738405,4,-1,-1
52,15877,2336,1117,237,126,0.81609684,4,-1,-1
52,15886,1816,909,161,83,0.80912966,4,-1,-1
52,15894,30,516,75,49,0.6143086,4,-1,-1
52,15893,230,568,67,44,0.5938076,4,-1,-1
52,15896,320,454,107,59,0.39625442,6,-1,-1
52,15892,1656,523,103,63,0.38934404,6,-1,-1
52,15901,519,564,74,45,0.3568818,4,-1,-1
53,15877,2378,1126,247,133,0.69723296,4,-1,-1
53,15894,40,518,70,45,0.61378765,4,-1,-1
53,15886,1847,915,164,85,0.53951883,4,-1,-1
53,15896,320,454,103,56,0.4850251,6,-1,-1
53,15893,234,570,74,42,0.48496488,4,-1,-1
54,15886,1882,924,169,84,0.8413309,4,-1,-1
54,15877,2425,1137,256,131,0.71342754,4,-1,-1
54,15896,321,451,104,58,0.6050474,6,-1,-1
54,15894,44,519,69,48,0.51474845,4,-1,-1
54,15893,243,569,74,46,0.38630226,4,-1,-1
54,15902,1683,518,98,58,0.3156661,6,-1,-1
55,15886,1918,931,170,85,0.7454821,4,-1,-1
55,15896,319,450,105,60,0.684248,6,-1,-1
55,15894,57,521,66,48,0.6436498,4,-1,-1
55,15893,256,576,71,43,0.57948524,4,-1,-1
55,15902,1697,514,101,64,0.5364803,6,-1,-1
55,15877,2472,1148,231,138,0.38454738,4,-1,-1
56,15894,59,521,71,51,0.62896895,4,-1,-1
56,15886,1954,938,175,88,0.6044133,4,-1,-1
56,15896,320,452,101,57,0.56394875,6,-1,-1
56,15877,2520,1156,179,136,0.46136573,4,-1,-1
56,15893,255,575,76,45,0.43916392,4,-1,-1
57,15886,1985,943,181,88,0.78318715,4,-1,-1
57,15893,266,579,77,44,0.5955021,4,-1,-1
57,15894,64,522,73,53,0.55932623,4,-1,-1
57,15896,317,451,108,58,0.46146008,6,-1,-1
57,15877,2583,1173,111,136,0.36145917,4,-1,-1
58,15893,275,579,75,46,0.6537048,4,-1,-1
58,15886,2026,955,178,90,0.64245033,4,-1,-1
58,15896,316,452,107,60,0.58074045,6,-1,-1
58,15894,71,527,78,54,0.5299119,4,-1,-1
58,15903,1725,510,104,61,0.5067896,6,-1,-1
58,15904,374,586,74,47,0.35669467,4,-1,-1
59,15886,2062,964,187,91,0.86974835,4,-1,-1
59,15894,79,528,75,54,0.6959135,4,-1,-1
59,15903,1740,511,102,59,0.40044618,6,-1,-1
59,15893,284,582,79,47,0.3983781,4,-1,-1
59,15905,318,452,102,60,0.42202595,4,-1,-1
60,15886,2101,971,186,91,0.63187987,4,-1,-1
60,15894,85,528,75,55,0.6189243,4,-1,-1
60,15905,320,454,98,56,0.5189016,4,-1,-1
60,15903,1748,511,100,57,0.4636863,6,-1,-1
60,15893,285,588,86,47,0.4024419,4,-1,-1
61,15886,2138,980,197,96,0.82598567,4,-1,-1
61,15894,95,532,72,53,0.6670778,4,-1,-1
61,15905,318,454,103,60,0.50682026,4,-1,-1
61,15893,295,588,80,49,0.4515523,4,-1,-1
61,15906,318,454,103,60,0.30641332,5,-1,-1
62,15894,103,531,73,57,0.7944394,4,-1,-1
62,15886,2180,988,196,95,0.74640805,4,-1,-1
62,15893,303,587,82,52,0.3987831,4,-1,-1
62,15907,401,539,65,46,0.57344097,4,-1,-1
62,15908,317,453,104,59,0.5357604,6,-1,-1
62,15909,1765,505,109,60,0.359905,6,-1,-1
63,15886,2223,995,199,99,0.79306316,4,-1,-1
63,15894,107,534,72,52,0.5908645,4,-1,-1
63,15893,305,589,88,46,0.31821075,4,-1,-1
64,15886,2263,1004,202,100,0.808794,4,-1,-1
64,15894,116,535,74,51,0.70067745,4,-1,-1
65,15894,125,537,72,51,0.7423185,4,-1,-1
65,15886,2309,1012,206,105,0.7351326,4,-1,-1
66,15886,2354,1023,207,100,0.7619387,4,-1,-1
66,15894,130,540,69,48,0.4836352,4,-1,-1
67,15886,2403,1035,217,106,0.7416414,4,-1,-1
67,15894,135,540,77,54,0.54011726,4,-1,-1
68,15886,2453,1049,217,100,0.7642188,4,-1,-1
68,15894,144,543,71,53,0.5887611,4,-1,-1
69,15886,2505,1057,192,110,0.7339219,4,-1,-1
69,15894,146,542,77,55,0.55886585,4,-1,-1
69,15910,302,446,111,58,0.42477638,6,-1,-1
69,15911,341,595,100,52,0.31130105,4,-1,-1
70,15886,2560,1072,133,114,0.58375716,4,-1,-1
70,15894,156,551,74,52,0.5154893,4,-1,-1
70,15910,301,445,112,61,0.49416104,6,-1,-1
71,15894,158,551,80,56,0.6627123,4,-1,-1
71,15886,2612,1080,81,116,0.55434877,4,-1,-1
71,15910,301,445,111,61,0.35698962,6,-1,-1
72,15894,166,555,72,53,0.6421537,4,-1,-1
72,15886,2680,1071,12,133,0.35089636,4,-1,-1
73,15894,173,557,68,53,0.6425559,4,-1,-1
73,15912,283,521,58,38,0.34042913,4,-1,-1
74,15894,170,558,77,59,0.5521736,4,-1,-1
74,15913,298,448,113,61,0.46743977,6,-1,-1
74,15914,298,448,113,61,0.36719525,5,-1,-1
75,15894,182,559,74,59,0.72649336,4,-1,-1
75,15914,304,449,104,60,0.45258304,5,-1,-1
75,15913,304,449,104,60,0.3561802,6,-1,-1
75,15915,263,517,56,40,0.3162993,4,-1,-1
76,15894,185,563,77,57,0.61490923,4,-1,-1
76,15915,246,515,67,42,0.531181,4,-1,-1
77,15915,236,510,65,48,0.5746639,4,-1,-1
77,15894,190,568,77,56,0.5546233,4,-1,-1
77,15916,298,452,108,57,0.6047113,6,-1,-1
78,15894,194,571,81,56,0.53919035,4,-1,-1
78,15915,230,511,60,46,0.4152222,4,-1,-1
78,15916,295,452,114,61,0.31967902,6,-1,-1
78,15917,295,452,114,61,0.30556864,5,-1,-1
79,15894,198,572,84,59,0.7886058,4,-1,-1
79,15916,293,450,113,64,0.6463173,6,-1,-1
79,15915,216,509,60,48,0.4087956,4,-1,-1
80,15894,200,573,81,62,0.82455236,4,-1,-1
80,15915,200,509,57,48,0.40931836,4,-1,-1
80,15918,290,453,109,60,0.35263026,4,-1,-1
81,15894,203,578,83,65,0.71142316,4,-1,-1
81,15915,188,511,60,45,0.5200638,4,-1,-1
81,15919,1785,468,114,57,0.37987185,4,-1,-1
82,15915,166,503,62,47,0.59018236,4,-1,-1
82,15894,202,579,81,68,0.5210122,4,-1,-1
83,15894,187,585,83,69,0.6501834,4,-1,-1
83,15915,144,504,56,46,0.461434,4,-1,-1
83,15920,252,448,108,67,0.4353225,6,-1,-1
83,15921,252,448,108,67,0.38413465,4,-1,-1
84,15894,172,590,85,71,0.55680054,4,-1,-1
84,15915,104,505,59,43,0.5332414,4,-1,-1
85,15915,65,512,60,44,0.5024713,4,-1,-1
85,15894,145,599,83,69,0.4920031,4,-1,-1
85,15922,1714,468,117,66,0.44437212,4,-1,-1
86,15894,130,610,86,66,0.43561524,4,-1,-1
86,15922,1689,467,122,71,0.41225827,4,-1,-1
86,15915,26,521,59,35,0.40170878,4,-1,-1
87,15894,111,616,88,69,0.5748512,4,-1,-1
87,15922,1662,465,131,78,0.39074665,4,-1,-1
87,15915,3,520,45,38,0.33071306,4,-1,-1
88,15894,100,620,84,70,0.36530373,4,-1,-1
88,15922,1639,469,132,71,0.3334069,4,-1,-1
89,15894,90,629,89,63,0.42049164,4,-1,-1
90,15894,93,632,96,62,0.4058879,4,-1,-1
90,15923,1623,478,129,69,0.36318508,4,-1,-1
92,15924,100,634,108,55,0.3038709,4,-1,-1
95,15925,1597,469,131,72,0.32759658,4,-1,-1
96,15925,1584,470,131,70,0.35076988,4,-1,-1
97,15925,1579,475,132,76,0.4032499,4,-1,-1
98,15925,1575,474,135,82,0.46422505,4,-1,-1
99,15925,1573,474,137,82,0.44346365,4,-1,-1
100,15925,1558,474,141,83,0.30956075,4,-1,-1
100,15926,1567,472,147,86,0.30151376,6,-1,-1
101,15925,1565,469,128,65,0.38136777,4,-1,-1
102,15925,1560,465,129,65,0.48741606,4,-1,-1
103,15925,1563,467,122,63,0.4552169,4,-1,-1
104,15925,1538,484,124,76,0.3756833,4,-1,-1
105,15925,1532,467,133,72,0.33482218,4,-1,-1
106,15925,1517,468,139,72,0.3110272,4,-1,-1
107,15925,1512,478,141,81,0.37286985,4,-1,-1
108,15925,1505,477,146,84,0.37420622,4,-1,-1
109,15925,1497,485,135,77,0.48213717,4,-1,-1
109,15927,1163,1236,42,45,0.31340757,1,-1,-1
110,15925,1494,483,136,80,0.4592057,4,-1,-1
110,15928,1494,483,136,80,0.3301447,5,-1,-1
111,15925,1489,481,142,82,0.37625006,4,-1,-1
112,15925,1491,469,130,67,0.39638063,4,-1,-1
113,15925,1476,471,127,63,0.40102148,4,-1,-1
114,15925,1461,482,146,86,0.39429733,4,-1,-1
114,15929,1159,1242,44,41,0.320221,1,-1,-1
115,15925,1451,484,145,83,0.48445094,4,-1,-1
115,15930,1451,484,145,83,0.39461496,5,-1,-1
116,15925,1446,482,142,81,0.4027331,4,-1,-1
117,15925,1438,479,150,86,0.33159333,4,-1,-1
118,15925,1452,470,122,67,0.36636105,4,-1,-1
119,15925,1406,491,149,84,0.46060485,4,-1,-1
120,15925,1383,496,147,77,0.36757872,4,-1,-1
120,15931,1407,471,129,64,0.3574875,4,-1,-1
121,15925,1384,496,132,76,0.40526173,4,-1,-1
122,15925,1333,491,154,85,0.41919026,4,-1,-1
123,15925,1317,489,155,91,0.5091079,4,-1,-1
124,15925,1306,490,159,89,0.40874213,4,-1,-1
125,15925,1319,484,137,69,0.40005928,4,-1,-1
126,15925,1292,494,154,83,0.50200224,4,-1,-1
126,15932,699,1092,57,124,0.3490908,1,-1,-1
127,15925,1292,483,147,69,0.4977301,4,-1,-1
128,15925,1290,487,124,58,0.45122555,4,-1,-1
129,15925,1290,490,122,54,0.4491379,4,-1,-1
129,15933,1076,1262,42,43,0.41907263,1,-1,-1
129,15934,1412,958,86,51,0.31195268,4,-1,-1
130,15933,1069,1262,48,46,0.48159957,1,-1,-1
130,15925,1281,487,126,62,0.44554448,4,-1,-1
130,15934,1388,949,143,72,0.41166613,4,-1,-1
130,15935,1581,498,57,38,0.38007313,4,-1,-1
130,15936,1247,524,113,64,0.3701829,4,-1,-1
131,15934,1425,959,146,66,0.5404373,4,-1,-1
131,15925,1288,488,109,53,0.5211131,4,-1,-1
131,15935,1575,498,66,41,0.4726749,4,-1,-1
131,15936,1293,526,100,60,0.4021056,4,-1,-1
131,15933,1076,1263,38,43,0.35080144,1,-1,-1
131,15937,1234,525,99,61,0.38928756,4,-1,-1
132,15925,1273,489,115,54,0.5830165,4,-1,-1
132,15934,1456,968,155,70,0.50529164,4,-1,-1
132,15936,1275,525,110,62,0.48691937,4,-1,-1
132,15935,1577,500,65,39,0.41997695,4,-1,-1
132,15933,1071,1262,45,45,0.39370367,1,-1,-1
132,15937,1228,532,81,58,0.35382843,4,-1,-1
133,15934,1490,972,148,74,0.5938739,4,-1,-1
133,15925,1272,488,106,53,0.5426149,4,-1,-1
133,15936,1276,526,99,61,0.47729468,4,-1,-1
133,15935,1578,501,58,38,0.4455619,4,-1,-1
133,15937,1221,532,85,57,0.34177914,4,-1,-1
133,15938,1490,972,148,74,0.34690118,5,-1,-1
133,15939,1636,493,59,40,0.33267203,4,-1,-1
134,15934,1521,977,158,77,0.5388067,4,-1,-1
134,15925,1247,488,119,57,0.40851986,4,-1,-1
134,15940,1070,1264,47,48,0.34369078,1,-1,-1
135,15934,1558,985,162,78,0.5410007,4,-1,-1
135,15925,1202,504,163,86,0.40726516,4,-1,-1
135,15940,1071,1267,45,41,0.36166996,1,-1,-1
136,15934,1587,991,169,84,0.67368174,4,-1,-1
136,15925,1206,513,149,83,0.31573087,4,-1,-1
137,15934,1616,1000,179,87,0.60386705,4,-1,-1
137,15925,1179,501,167,92,0.35728484,4,-1,-1
137,15941,1179,501,167,92,0.33557096,5,-1,-1
138,15934,1642,1008,182,85,0.65951234,4,-1,-1
138,15925,1162,503,166,90,0.37595314,4,-1,-1
139,15934,1678,1013,180,88,0.6004174,4,-1,-1
139,15925,1150,507,171,96,0.44086838,4,-1,-1
140,15934,1717,1023,184,88,0.617868,4,-1,-1
140,15925,1130,501,171,96,0.44617027,4,-1,-1
141,15934,1748,1029,184,93,0.7235793,4,-1,-1
141,15925,1114,502,171,92,0.38037792,4,-1,-1
142,15934,1780,1031,189,98,0.5971602,4,-1,-1
142,15925,1166,491,102,63,0.3941394,4,-1,-1
142,15942,1090,532,94,73,0.30958802,5,-1,-1
143,15934,1818,1038,198,101,0.6446719,4,-1,-1
143,15942,1069,504,183,104,0.39280203,5,-1,-1
143,15925,1069,504,183,104,0.3523878,4,-1,-1
144,15934,1849,1050,202,97,0.59076405,4,-1,-1
144,15925,1062,498,182,102,0.38651675,4,-1,-1
144,15943,1027,1264,37,45,0.32332283,1,-1,-1
145,15934,1889,1057,201,104,0.67581266,4,-1,-1
145,15925,1043,507,188,99,0.38348854,4,-1,-1
145,15944,1043,507,188,99,0.35505876,5,-1,-1
146,15934,1935,1065,199,103,0.69518,4,-1,-1
146,15944,1030,508,174,98,0.4558052,5,-1,-1
147,15934,1981,1077,208,105,0.61821765,4,-1,-1
147,15944,1011,510,164,98,0.42441198,5,-1,-1
148,15934,2026,1088,209,106,0.80303466,4,-1,-1
148,15944,999,523,105,83,0.41065645,5,-1,-1
148,15945,1082,500,107,73,0.40205643,4,-1,-1
148,15946,1072,538,119,77,0.31825066,4,-1,-1
149,15934,2076,1099,208,106,0.8046045,4,-1,-1
149,15944,1034,515,153,93,0.41594428,5,-1,-1
149,15945,1047,505,135,80,0.3297709,4,-1,-1
149,15947,988,557,92,62,0.46329233,4,-1,-1
149,15948,2551,984,147,86,0.35898507,4,-1,-1
150,15948,2513,982,171,84,0.5765101,4,-1,-1
150,15934,2122,1110,221,109,0.5673648,4,-1,-1
150,15944,1009,513,172,100,0.329704,5,-1,-1
150,15945,1049,505,125,79,0.32630172,4,-1,-1
150,15949,971,524,120,81,0.3004401,5,-1,-1
151,15934,2175,1119,218,111,0.83101386,4,-1,-1
151,15948,2473,978,170,77,0.60406077,4,-1,-1
151,15950,930,933,164,101,0.47479296,4,-1,-1
151,15951,1204,941,160,99,0.40618888,4,-1,-1
152,15948,2440,976,164,79,0.64163893,4,-1,-1
152,15934,2226,1133,226,104,0.6106054,4,-1,-1
152,15950,961,932,169,108,0.5390913,4,-1,-1
152,15951,1229,954,163,96,0.4119051,4,-1,-1
152,15952,1017,1262,39,43,0.30529764,1,-1,-1
153,15934,2283,1143,219,109,0.7944253,4,-1,-1
153,15948,2400,968,163,79,0.6195731,4,-1,-1
153,15950,978,937,182,107,0.5647073,4,-1,-1
153,15952,1015,1263,42,40,0.4037854,1,-1,-1
154,15948,2372,967,151,78,0.5537552,4,-1,-1
154,15950,1001,934,189,118,0.5477981,4,-1,-1
154,15934,2333,1153,229,108,0.43826428,4,-1,-1
154,15952,1012,1262,48,38,0.3626894,1,-1,-1
155,15934,2381,1162,240,118,0.64386183,4,-1,-1
155,15952,1010,1266,52,40,0.56877667,1,-1,-1
155,15948,2327,961,159,84,0.5687479,4,-1,-1
155,15950,1037,942,186,120,0.52538735,4,-1,-1
156,15950,1066,945,183,120,0.7447367,4,-1,-1
156,15934,2443,1176,236,123,0.64725006,4,-1,-1
156,15948,2293,958,152,74,0.5931216,4,-1,-1
156,15952,1011,1267,49,40,0.58248085,1,-1,-1
156,15953,1350,976,175,105,0.564551,4,-1,-1
156,15954,905,526,210,104,0.3407881,5,-1,-1
157,15948,2253,949,158,79,0.58513683,4,-1,-1
157,15934,2502,1180,200,134,0.56207454,4,-1,-1
157,15950,1098,947,191,132,0.54796135,4,-1,-1
157,15954,901,525,210,104,0.464613,5,-1,-1
158,15954,883,525,214,111,0.67222553,5,-1,-1
158,15950,1129,949,185,134,0.6013682,4,-1,-1
158,15948,2217,942,164,83,0.5657468,4,-1,-1
158,15934,2558,1191,139,148,0.36746106,4,-1,-1
159,15950,1165,964,189,133,0.71414226,4,-1,-1
159,15948,2181,939,167,80,0.45865333,4,-1,-1
159,15954,872,524,219,114,0.44682398,5,-1,-1
160,15950,1192,970,194,131,0.48583743,4,-1,-1
160,15954,855,529,221,112,0.4789709,5,-1,-1
160,15948,2156,933,160,76,0.381914,4,-1,-1
160,15955,855,529,221,112,0.51222867,4,-1,-1
161,15948,2123,926,156,81,0.63498497,4,-1,-1
161,15950,1233,973,192,144,0.58120155,4,-1,-1
161,15954,842,531,219,115,0.47550973,5,-1,-1
161,15955,842,531,219,115,0.3087467,4,-1,-1
162,15950,1266,979,202,150,0.68079686,4,-1,-1
162,15954,826,529,231,116,0.4845548,5,-1,-1
163,15954,808,531,232,119,0.4605892,5,-1,-1
163,15950,1303,989,210,153,0.3279199,4,-1,-1
163,15956,1581,1019,209,139,0.33215886,4,-1,-1
164,15954,800,529,236,121,0.47537345,5,-1,-1
164,15956,1620,1028,215,135,0.4526805,4,-1,-1
165,15956,1661,1042,218,132,0.5654095,4,-1,-1
165,15954,790,538,229,116,0.42858875,5,-1,-1
165,15957,1371,1010,212,157,0.4695875,4,-1,-1
165,15958,1996,904,153,84,0.31223693,4,-1,-1
166,15956,1703,1050,217,131,0.6983206,4,-1,-1
166,15958,1971,900,152,84,0.55307335,4,-1,-1
166,15957,1409,1017,218,159,0.54205865,4,-1,-1
166,15959,1031,1255,52,66,0.45047435,1,-1,-1
167,15956,1745,1060,217,125,0.5549814,4,-1,-1
167,15958,1934,896,154,84,0.4210353,4,-1,-1
167,15957,1454,1026,211,165,0.37118205,4,-1,-1
167,15959,1040,1261,49,52,0.3684312,1,-1,-1
167,15960,763,541,238,116,0.3299828,4,-1,-1
167,15961,763,541,238,116,0.32382327,5,-1,-1
168,15956,1788,1067,216,134,0.49290314,4,-1,-1
168,15958,1908,888,150,85,0.45175305,4,-1,-1
168,15961,747,544,236,115,0.42279842,5,-1,-1
168,15959,1041,1262,52,52,0.39999944,1,-1,-1
168,15960,747,544,236,115,0.32246876,4,-1,-1
169,15961,737,542,238,121,0.70703226,5,-1,-1
169,15956,1832,1077,217,130,0.4632103,4,-1,-1
169,15962,1533,1044,226,169,0.354144,4,-1,-1
170,15961,719,544,239,123,0.75581884,5,-1,-1
170,15956,1876,1086,221,135,0.53027225,4,-1,-1
170,15962,1573,1051,233,168,0.42575663,4,-1,-1
171,15961,703,548,243,122,0.59046215,5,-1,-1
171,15963,1828,882,134,72,0.37059864,4,-1,-1
172,15961,685,547,253,124,0.577181,5,-1,-1
172,15963,1787,880,139,69,0.3915584,4,-1,-1
173,15961,675,559,235,117,0.4809942,5,-1,-1
173,15963,1763,877,138,67,0.39845055,4,-1,-1
174,15961,656,555,244,126,0.534182,5,-1,-1
174,15963,1733,869,124,66,0.32436043,4,-1,-1
175,15961,643,557,251,126,0.5400317,5,-1,-1
176,15961,623,558,256,128,0.4834262,5,-1,-1
176,15964,1866,1116,242,169,0.4705417,4,-1,-1
177,15961,605,559,259,129,0.53328353,5,-1,-1
177,15965,1909,1118,250,174,0.4474497,6,-1,-1
177,15966,1649,854,118,64,0.38729864,4,-1,-1
178,15961,581,562,266,128,0.5123177,5,-1,-1
179,15961,572,561,267,132,0.6159775,5,-1,-1
179,15967,2020,1142,257,172,0.39533377,6,-1,-1
180,15967,2069,1150,262,179,0.70997447,6,-1,-1
180,15961,551,562,272,125,0.42165837,5,-1,-1
180,15968,1544,482,74,37,0.33963725,4,-1,-1
180,15969,1571,843,109,50,0.3194693,4,-1,-1
181,15961,533,555,273,130,0.58535033,5,-1,-1
181,15967,2124,1153,264,182,0.44339412,6,-1,-1
181,15969,1546,830,116,51,0.39831537,4,-1,-1
181,15970,2425,1175,264,146,0.3997629,4,-1,-1
182,15961,513,543,274,134,0.51649654,5,-1,-1
182,15969,1522,818,111,52,0.32486776,4,-1,-1
183,15961,504,535,272,132,0.6993652,5,-1,-1
183,15971,2234,1155,265,182,0.5626256,6,-1,-1
184,15961,482,528,275,137,0.6142189,5,-1,-1
184,15971,2292,1157,269,181,0.48695374,6,-1,-1
184,15972,2554,877,140,142,0.377013,6,-1,-1
185,15961,460,520,283,142,0.6084539,5,-1,-1
185,15972,2519,870,175,142,0.5501698,6,-1,-1
185,15971,2345,1165,290,190,0.38447908,6,-1,-1
185,15973,1533,431,90,53,0.34000567,4,-1,-1
186,15961,440,517,282,146,0.68162477,5,-1,-1
186,15972,2478,861,214,157,0.45137483,6,-1,-1
187,15961,415,527,285,139,0.53377837,5,-1,-1
187,15972,2457,854,239,150,0.5168805,6,-1,-1
187,15974,1516,433,93,50,0.303492,4,-1,-1
188,15961,394,525,291,145,0.6716925,5,-1,-1
188,15972,2409,848,268,154,0.5240286,6,-1,-1
189,15961,369,524,298,149,0.55218226,5,-1,-1
189,15972,2386,850,265,147,0.41205758,6,-1,-1
190,15961,344,526,304,150,0.6770679,5,-1,-1
191,15961,321,529,308,152,0.68797916,5,-1,-1
192,15961,300,531,310,153,0.5982721,5,-1,-1
192,15975,300,531,310,153,0.3482353,4,-1,-1
193,15975,272,530,322,160,0.4361964,4,-1,-1
193,15961,272,530,322,160,0.43258426,5,-1,-1
193,15976,2287,840,237,127,0.3297155,6,-1,-1
194,15975,246,532,328,160,0.4107214,4,-1,-1
194,15961,247,539,324,158,0.40756595,5,-1,-1
195,15961,209,542,333,160,0.42728996,5,-1,-1
195,15977,2227,831,238,129,0.32493696,6,-1,-1
195,15978,221,542,332,157,0.32391316,6,-1,-1
196,15961,184,546,336,160,0.4512916,5,-1,-1
197,15961,164,548,335,158,0.3021002,5,-1,-1
197,15979,164,548,335,158,0.66431284,4,-1,-1
198,15979,134,549,346,162,0.56014633,4,-1,-1
198,15961,134,549,346,162,0.3376664,5,-1,-1
199,15979,109,550,349,167,0.43887925,4,-1,-1
199,15961,110,558,342,164,0.37751946,5,-1,-1
199,15980,2124,816,230,133,0.41657352,6,-1,-1
200,15979,68,562,360,161,0.5129429,4,-1,-1
200,15980,2101,813,228,131,0.40399837,6,-1,-1
200,15961,68,562,360,161,0.3287711,5,-1,-1
201,15980,2067,808,232,137,0.58886087,6,-1,-1
201,15961,36,565,372,163,0.4452484,5,-1,-1
201,15979,36,565,372,163,0.36834118,4,-1,-1
202,15980,2046,808,223,130,0.4688761,6,-1,-1
202,15961,14,566,366,165,0.44846356,5,-1,-1
202,15979,14,566,366,165,0.33606574,4,-1,-1
203,15961,3,570,345,166,0.5156486,5,-1,-1
203,15980,2019,807,224,117,0.4716239,6,-1,-1
203,15979,3,570,345,166,0.36286485,4,-1,-1
204,15979,1,574,320,159,0.5549447,4,-1,-1
204,15980,1999,810,218,107,0.33488438,6,-1,-1
205,15980,1962,802,224,120,0.63593554,6,-1,-1
205,15979,3,573,300,164,0.38085303,4,-1,-1
205,15981,4,581,297,163,0.4047744,5,-1,-1
205,15982,1164,900,165,82,0.3348396,4,-1,-1
206,15980,1942,797,217,117,0.6730677,6,-1,-1
206,15981,5,585,258,154,0.608708,5,-1,-1
207,15981,6,583,225,161,0.4922864,5,-1,-1
207,15980,1920,802,212,105,0.45745516,6,-1,-1
207,15983,1241,913,165,94,0.40050617,4,-1,-1
208,15983,1262,920,175,89,0.59104216,4,-1,-1
208,15980,1897,792,211,107,0.52879596,6,-1,-1
208,15981,5,586,190,160,0.42181042,5,-1,-1
208,15984,999,901,157,93,0.6118424,4,-1,-1
209,15984,1033,909,151,83,0.63135254,4,-1,-1
209,15980,1876,792,207,102,0.61210823,6,-1,-1
209,15983,1303,928,171,86,0.58959466,4,-1,-1
209,15981,3,587,174,159,0.57493246,5,-1,-1
209,15985,3,587,174,159,0.38336566,4,-1,-1
210,15981,0,590,145,156,0.70997417,5,-1,-1
210,15984,1061,914,158,88,0.60339105,4,-1,-1
210,15980,1843,786,211,108,0.59063786,6,-1,-1
210,15983,1342,933,175,93,0.5132785,4,-1,-1
211,15980,1817,781,215,117,0.75957805,6,-1,-1
211,15984,1096,922,153,83,0.7366831,4,-1,-1
211,15983,1371,939,176,94,0.6812839,4,-1,-1
211,15981,0,593,113,153,0.65717804,5,-1,-1
212,15984,1126,927,154,87,0.8018273,4,-1,-1
212,15980,1799,777,206,119,0.78046805,6,-1,-1
212,15983,1415,947,177,97,0.5304676,4,-1,-1
212,15981,0,595,74,155,0.44981438,5,-1,-1
212,15986,0,595,74,155,0.37268934,4,-1,-1
213,15983,1451,958,184,97,0.7767839,4,-1,-1
213,15980,1778,777,200,109,0.626105,6,-1,-1
213,15984,1159,934,154,89,0.5974894,4,-1,-1
213,15981,-2,604,56,170,0.5344699,5,-1,-1
214,15984,1188,942,159,89,0.74235165,4,-1,-1
214,15983,1489,968,186,96,0.6455663,4,-1,-1
214,15980,1747,765,213,117,0.6413865,6,-1,-1
214,15981,0,641,19,144,0.40553388,5,-1,-1
214,15987,0,641,19,144,0.35268846,4,-1,-1
215,15983,1524,975,200,104,0.80251086,4,-1,-1
215,15984,1221,946,163,93,0.7427346,4,-1,-1
215,15980,1727,761,207,115,0.4742676,6,-1,-1
215,15988,2639,896,53,57,0.32123908,4,-1,-1
216,15983,1561,983,207,105,0.777186,4,-1,-1
216,15984,1252,956,165,94,0.60240054,4,-1,-1
216,15988,2600,889,94,61,0.54240835,4,-1,-1
216,15980,1691,758,214,111,0.4129202,6,-1,-1
216,15989,1691,758,214,111,0.38636294,4,-1,-1
217,15984,1293,965,160,91,0.8133101,4,-1,-1
217,15983,1606,991,205,106,0.7684742,4,-1,-1
217,15980,1676,758,204,104,0.4396852,6,-1,-1
217,15989,1679,752,198,104,0.35111386,4,-1,-1
217,15988,2585,889,105,61,0.33597422,4,-1,-1
218,15983,1644,999,218,111,0.7612251,4,-1,-1
218,15984,1323,971,171,100,0.57767385,4,-1,-1
218,15980,1653,747,204,112,0.42360982,6,-1,-1
218,15989,1653,747,204,112,0.36857364,4,-1,-1
218,15988,2549,882,140,69,0.35976204,4,-1,-1
219,15984,1361,981,177,100,0.7173925,4,-1,-1
219,15983,1694,1008,213,117,0.65045786,4,-1,-1
219,15980,1624,745,215,115,0.58692247,6,-1,-1
219,15988,2515,873,166,72,0.47225952,4,-1,-1
220,15983,1732,1018,220,114,0.6418714,4,-1,-1
220,15980,1609,747,204,106,0.5153185,6,-1,-1
220,15984,1402,985,178,104,0.46603554,4,-1,-1
220,15988,2485,870,161,68,0.46534806,4,-1,-1
220,15990,1609,747,204,106,0.34264868,4,-1,-1
221,15988,2457,863,164,70,0.70845,4,-1,-1
221,15983,1788,1030,217,115,0.70254475,4,-1,-1
221,15984,1434,999,180,102,0.6733349,4,-1,-1
221,15980,1588,744,203,104,0.6106511,6,-1,-1
222,15983,1836,1041,222,110,0.78800625,4,-1,-1
222,15984,1474,1008,181,100,0.6178075,4,-1,-1
222,15980,1564,740,208,104,0.59741735,6,-1,-1
222,15988,2431,860,162,69,0.5696449,4,-1,-1
222,15991,1065,1190,49,60,0.46331275,1,-1,-1
223,15983,1885,1052,231,115,0.64040947,4,-1,-1
223,15984,1513,1017,186,103,0.57492965,4,-1,-1
223,15991,1063,1192,53,59,0.5335528,1,-1,-1
223,15980,1545,736,202,109,0.50714016,6,-1,-1
223,15988,2400,856,160,66,0.3342165,4,-1,-1
224,15983,1932,1065,233,110,0.77639437,4,-1,-1
224,15984,1557,1027,188,103,0.58595264,4,-1,-1
224,15988,2372,855,160,66,0.56445426,4,-1,-1
224,15980,1521,736,204,108,0.5154757,6,-1,-1
225,15983,1990,1076,234,116,0.755968,4,-1,-1
225,15984,1600,1038,189,106,0.718686,4,-1,-1
225,15988,2345,850,159,68,0.55418426,4,-1,-1
225,15980,1502,733,200,101,0.4338702,6,-1,-1
226,15983,2040,1088,237,123,0.7118665,4,-1,-1
226,15988,2310,845,165,65,0.6862378,4,-1,-1
226,15984,1640,1048,197,105,0.5105219,4,-1,-1
226,15980,1484,733,188,98,0.39446986,6,-1,-1
226,15992,2546,1005,155,95,0.6055815,4,-1,-1
226,15993,1471,735,188,94,0.30268252,4,-1,-1
227,15983,2093,1101,243,115,0.8182865,4,-1,-1
227,15984,1690,1058,200,112,0.80723417,4,-1,-1
227,15988,2281,841,166,69,0.66436654,4,-1,-1
227,15992,2500,997,202,100,0.54832786,4,-1,-1
227,15980,1464,729,188,104,0.40318975,6,-1,-1
228,15984,1739,1068,197,110,0.68905115,4,-1,-1
228,15992,2448,986,218,100,0.6623158,4,-1,-1
228,15983,2149,1109,254,124,0.62389255,4,-1,-1
228,15988,2248,838,169,70,0.52779907,4,-1,-1
228,15980,1443,727,185,102,0.45987624,6,-1,-1
229,15984,1785,1079,202,115,0.7780998,4,-1,-1
229,15983,2202,1119,251,124,0.7308862,4,-1,-1
229,15992,2406,980,211,100,0.6476743,4,-1,-1
229,15988,2222,834,166,70,0.567775,4,-1,-1
229,15980,1426,728,183,102,0.50865304,6,-1,-1
230,15983,2262,1137,260,121,0.8437883,4,-1,-1
230,15988,2201,830,158,69,0.7476095,4,-1,-1
230,15984,1837,1091,203,116,0.69224125,4,-1,-1
230,15992,2357,974,207,100,0.55854535,4,-1,-1
230,15980,1405,725,180,103,0.36594006,6,-1,-1
231,15984,1886,1105,206,112,0.8192848,4,-1,-1
231,15983,2325,1149,264,128,0.6914001,4,-1,-1
231,15992,2313,968,204,94,0.6322517,4,-1,-1
231,15988,2171,826,153,68,0.5720113,4,-1,-1
231,15994,2688,904,11,83,0.3656851,4,-1,-1
232,15984,1938,1116,212,114,0.81676847,4,-1,-1
232,15983,2382,1161,267,127,0.7976848,4,-1,-1
232,15992,2268,958,203,95,0.714814,4,-1,-1
232,15988,2145,822,163,68,0.64378536,4,-1,-1
232,15994,2666,904,30,82,0.3480886,4,-1,-1
233,15984,1985,1126,218,116,0.82164335,4,-1,-1
233,15988,2120,820,154,66,0.7450752,4,-1,-1
233,15992,2224,951,201,90,0.5622501,4,-1,-1
233,15983,2447,1180,232,116,0.4765461,4,-1,-1
233,15995,1516,428,82,48,0.3638819,4,-1,-1
234,15984,2038,1137,225,122,0.8458211,4,-1,-1
234,15992,2187,946,195,92,0.7255672,4,-1,-1
234,15988,2095,819,151,66,0.59892905,4,-1,-1
234,15983,2508,1184,198,127,0.5929767,4,-1,-1
234,15995,1515,428,84,48,0.36550522,4,-1,-1
234,15996,2590,903,111,72,0.55005527,4,-1,-1
235,15992,2147,937,191,95,0.7722106,4,-1,-1
235,15984,2097,1151,231,126,0.69376135,4,-1,-1
235,15988,2069,815,147,63,0.5280543,4,-1,-1
235,15996,2557,901,146,78,0.4940376,4,-1,-1
235,15983,2582,1194,116,147,0.43726772,4,-1,-1
235,15995,1514,427,87,49,0.36444044,4,-1,-1
236,15984,2148,1160,237,129,0.76472074,4,-1,-1
236,15988,2041,810,148,64,0.7473432,4,-1,-1
236,15992,2103,930,192,90,0.56919366,4,-1,-1
236,15996,2519,900,180,79,0.39735547,4,-1,-1
236,15983,2646,1192,51,147,0.34220913,4,-1,-1
237,15984,2213,1175,235,130,0.80562925,4,-1,-1
237,15988,2017,807,143,63,0.7779654,4,-1,-1
237,15992,2067,925,186,88,0.7327705,4,-1,-1
237,15996,2497,898,183,77,0.4046369,4,-1,-1
237,15997,1497,432,82,46,0.39031914,4,-1,-1
238,15992,2028,915,181,90,0.68946916,4,-1,-1
238,15988,1993,804,142,63,0.6783378,4,-1,-1
238,15984,2273,1190,242,131,0.6499123,4,-1,-1
238,15996,2470,894,179,73,0.54340863,4,-1,-1
238,15997,1495,430,89,48,0.37372255,4,-1,-1
239,15988,1973,800,139,62,0.59370065,4,-1,-1
239,15984,2332,1201,249,130,0.5906444,4,-1,-1
239,15992,1989,909,179,84,0.5585295,4,-1,-1
239,15996,2447,890,171,71,0.4863506,4,-1,-1
239,15998,0,584,54,79,0.38588503,4,-1,-1
240,15992,1953,898,181,94,0.61762524,4,-1,-1
240,15984,2389,1213,264,139,0.61723113,4,-1,-1
240,15996,2414,885,170,77,0.59216,4,-1,-1
240,15988,1943,798,140,65,0.53414893,4,-1,-1
240,15998,0,585,58,80,0.37372172,4,-1,-1
241,15992,1915,893,179,91,0.64967084,4,-1,-1
241,15996,2384,880,175,79,0.53141624,4,-1,-1
241,15988,1920,792,140,65,0.4996618,4,-1,-1
241,15998,2,589,62,82,0.47796115,4,-1,-1
241,15984,2462,1228,234,144,0.4404266,4,-1,-1
242,15988,1898,787,134,66,0.6941469,4,-1,-1
242,15992,1875,887,178,87,0.6609368,4,-1,-1
242,15996,2351,876,173,80,0.48724642,4,-1,-1
242,15984,2513,1235,186,147,0.3279458,4,-1,-1
242,15998,2,592,64,77,0.3103385,4,-1,-1
243,15988,1872,782,138,68,0.7500669,4,-1,-1
243,15992,1841,881,174,89,0.6134405,4,-1,-1
243,15996,2324,871,170,76,0.47946727,4,-1,-1
244,15988,1855,781,133,63,0.74914306,4,-1,-1
244,15996,2298,865,173,77,0.6544254,4,-1,-1
244,15992,1810,873,171,88,0.5805633,4,-1,-1
245,15992,1770,865,171,88,0.64364094,4,-1,-1
245,15996,2265,859,177,80,0.6024172,4,-1,-1
245,15988,1836,774,128,72,0.5663582,4,-1,-1
246,15992,1734,858,175,91,0.6479189,4,-1,-1
246,15996,2238,853,175,83,0.634983,4,-1,-1
246,15988,1812,768,128,70,0.51029426,4,-1,-1
247,15988,1795,766,121,70,0.60093725,4,-1,-1
247,15996,2212,851,172,88,0.50425655,4,-1,-1
247,15992,1705,853,168,90,0.49080464,4,-1,-1
248,15996,2186,847,166,79,0.55743027,4,-1,-1
248,15988,1774,762,119,71,0.533941,4,-1,-1
248,15992,1672,849,160,82,0.47262928,4,-1,-1
249,15996,2161,844,166,78,0.67304194,4,-1,-1
249,15988,1749,755,121,74,0.5250271,4,-1,-1
249,15992,1647,844,155,84,0.45630178,4,-1,-1
250,15996,2140,844,157,73,0.74245703,4,-1,-1
250,15988,1722,751,132,75,0.46874478,4,-1,-1
250,15992,1608,839,155,83,0.41205472,4,-1,-1
250,15999,1608,839,155,83,0.4382281,6,-1,-1
251,15996,2118,843,151,73,0.6766349,4,-1,-1
251,15988,1702,751,131,74,0.5088171,4,-1,-1
251,15992,1586,832,149,81,0.4305526,4,-1,-1
252,15992,1548,825,151,81,0.581377,4,-1,-1
252,15988,1684,748,126,70,0.5130331,4,-1,-1
252,15996,2096,838,148,69,0.51231456,4,-1,-1
252,16000,1646,437,48,42,0.38733646,4,-1,-1
252,16001,1751,441,50,43,0.3352043,4,-1,-1
253,15988,1662,746,134,71,0.56452936,4,-1,-1
253,15996,2064,841,149,63,0.50132823,4,-1,-1
253,15992,1523,823,145,83,0.48820966,4,-1,-1
253,16000,1648,438,45,40,0.35641277,4,-1,-1
253,16001,1753,442,47,42,0.32693827,4,-1,-1
254,15992,1487,819,147,76,0.5892103,4,-1,-1
254,15996,2038,835,149,66,0.44256112,4,-1,-1
254,15988,1645,741,128,75,0.36537263,4,-1,-1
255,15992,1465,815,137,78,0.47664306,4,-1,-1
255,15996,2014,832,150,71,0.4456924,4,-1,-1
256,15992,1424,811,139,69,0.46454856,4,-1,-1
256,15996,1991,833,151,67,0.4389247,4,-1,-1
257,15996,1968,834,148,66,0.32805383,4,-1,-1
257,16002,1504,434,69,46,0.3027334,4,-1,-1
258,15996,1936,836,152,57,0.3405148,4,-1,-1
260,16003,1896,830,140,61,0.34154212,4,-1,-1
260,16004,1487,448,71,56,0.30230042,4,-1,-1
261,16004,1488,448,70,52,0.33683625,4,-1,-1
262,16004,1483,446,79,58,0.35860482,4,-1,-1
262,16005,1850,824,143,61,0.4119168,6,-1,-1
265,16006,83,547,100,60,0.3713657,4,-1,-1
