3,18579,-1,441,71,84,0.3857594,6,-1,-1
4,18579,-4,443,75,82,0.4347688,6,-1,-1
4,18580,2391,1158,89,166,0.37480524,1,-1,-1
5,18579,-2,453,70,78,0.4946906,6,-1,-1
5,18580,2431,1140,94,158,0.32405007,1,-1,-1
6,18579,-2,444,70,81,0.48150572,6,-1,-1
6,18581,361,669,228,95,0.31699416,6,-1,-1
7,18579,-2,444,70,80,0.45219374,6,-1,-1
7,18581,391,645,220,89,0.31496692,6,-1,-1
8,18579,-4,442,73,83,0.38430098,6,-1,-1
8,18581,434,645,216,95,0.3205052,6,-1,-1
9,18581,450,644,223,101,0.4543121,6,-1,-1
9,18579,-4,444,73,80,0.38998213,6,-1,-1
9,18582,2594,1176,94,211,0.33553717,1,-1,-1
10,18579,-6,445,74,79,0.42573193,6,-1,-1
10,18581,505,654,199,83,0.37830487,6,-1,-1
11,18579,-3,444,70,79,0.37960532,6,-1,-1
11,18581,542,655,176,73,0.35660943,6,-1,-1
12,18579,-3,444,68,80,0.38902417,6,-1,-1
12,18581,578,627,180,83,0.36743283,6,-1,-1
13,18579,-4,447,70,74,0.42760596,6,-1,-1
14,18579,-4,446,69,75,0.35945448,6,-1,-1
15,18579,-2,446,68,75,0.38334808,6,-1,-1
15,18583,638,606,191,78,0.47457743,6,-1,-1
15,18584,-2,446,68,75,0.34353945,4,-1,-1
16,18579,-4,446,70,76,0.42487484,6,-1,-1
16,18583,686,607,180,77,0.4161703,6,-1,-1
16,18584,-4,446,70,76,0.33732828,4,-1,-1
17,18583,687,597,179,66,0.5115652,6,-1,-1
17,18579,-3,446,69,75,0.38985035,6,-1,-1
18,18583,724,589,189,81,0.59217304,6,-1,-1
18,18579,-1,446,67,75,0.37905374,6,-1,-1
19,18583,753,586,182,83,0.56228507,6,-1,-1
19,18579,-1,445,71,76,0.3697497,6,-1,-1
20,18583,790,583,190,84,0.5681345,6,-1,-1
20,18585,1059,1080,68,66,0.32023466,1,-1,-1
20,18586,2571,1063,70,103,0.30278322,1,-1,-1
21,18583,831,578,181,89,0.5978572,6,-1,-1
21,18587,2,445,98,72,0.43686602,4,-1,-1
22,18583,869,581,186,83,0.56895095,6,-1,-1
22,18588,1096,1084,68,57,0.32947692,1,-1,-1
23,18583,921,582,171,80,0.50054765,6,-1,-1
23,18588,1120,1084,62,55,0.35936815,1,-1,-1
24,18583,969,589,166,74,0.45037958,6,-1,-1
24,18588,1139,1082,68,61,0.38726637,1,-1,-1
24,18589,56,442,123,74,0.3510556,6,-1,-1
24,18590,521,556,80,51,0.3017358,4,-1,-1
25,18583,1014,570,163,74,0.39792138,6,-1,-1
26,18583,1043,568,153,74,0.49162298,6,-1,-1
26,18591,118,445,116,68,0.35024568,4,-1,-1
26,18592,1170,1080,69,58,0.30169085,1,-1,-1
27,18591,138,445,121,65,0.36562067,4,-1,-1
27,18583,1105,568,143,74,0.3409363,6,-1,-1
27,18593,1105,568,143,74,0.45422357,4,-1,-1
28,18583,1127,564,157,79,0.508684,6,-1,-1
28,18591,167,444,108,67,0.39640078,4,-1,-1
29,18583,1184,569,151,73,0.393037,6,-1,-1
29,18591,187,447,112,63,0.36568648,4,-1,-1
29,18594,1464,922,154,75,0.3634172,6,-1,-1
29,18595,1233,1081,65,52,0.30624792,1,-1,-1
29,18596,2671,1051,25,128,0.30103585,1,-1,-1
30,18583,1207,564,154,77,0.501436,6,-1,-1
30,18591,215,447,108,63,0.40515265,4,-1,-1
30,18597,1208,553,149,72,0.39778602,4,-1,-1
30,18598,1523,927,148,73,0.31730714,4,-1,-1
31,18598,1551,931,162,79,0.40889457,4,-1,-1
31,18591,253,443,108,68,0.3363539,4,-1,-1
31,18583,1255,567,140,68,0.32434297,6,-1,-1
31,18597,1255,567,140,68,0.3113973,4,-1,-1
31,18599,2634,1056,57,122,0.40394086,1,-1,-1
31,18600,253,443,108,68,0.30575,5,-1,-1
32,18598,1602,943,170,88,0.48568627,4,-1,-1
32,18591,270,444,111,64,0.41261163,4,-1,-1
32,18583,1291,550,154,75,0.40799662,6,-1,-1
32,18601,2645,1053,54,127,0.30247235,3,-1,-1
33,18583,1323,554,142,69,0.41232273,6,-1,-1
33,18602,300,442,102,64,0.46609712,5,-1,-1
33,18603,1309,1082,66,57,0.33375323,1,-1,-1
33,18604,300,442,102,64,0.32272065,6,-1,-1
34,18602,318,441,106,67,0.45618603,5,-1,-1
34,18583,1365,551,137,72,0.4008806,6,-1,-1
34,18605,54,481,47,36,0.3152287,4,-1,-1
35,18583,1390,550,131,74,0.4505887,6,-1,-1
35,18602,321,443,108,64,0.44290948,5,-1,-1
36,18583,1401,545,144,76,0.5485075,6,-1,-1
36,18602,320,443,113,65,0.42522,5,-1,-1
36,18606,50,478,51,38,0.51162976,4,-1,-1
37,18602,319,443,114,65,0.4511612,5,-1,-1
37,18583,1423,544,137,72,0.44734618,6,-1,-1
37,18606,40,475,59,42,0.41300958,4,-1,-1
37,18607,1786,979,190,96,0.47859704,4,-1,-1
38,18583,1428,541,147,73,0.47262788,6,-1,-1
38,18602,318,443,115,64,0.40221542,5,-1,-1
38,18607,1820,988,193,93,0.31239074,4,-1,-1
39,18607,1852,1001,188,92,0.5501728,4,-1,-1
39,18583,1454,544,129,67,0.46561688,6,-1,-1
39,18602,318,444,114,65,0.37794885,5,-1,-1
39,18608,1447,824,130,64,0.5175278,4,-1,-1
39,18609,134,535,60,44,0.4383328,4,-1,-1
39,18610,0,481,12,42,0.30009788,4,-1,-1
40,18608,1476,827,125,65,0.6744656,4,-1,-1
40,18583,1472,536,132,66,0.42344105,6,-1,-1
40,18602,319,442,114,66,0.4175905,5,-1,-1
40,18607,1887,1007,187,92,0.32084358,4,-1,-1
40,18609,138,535,73,45,0.31763953,4,-1,-1
40,18611,1326,1084,59,48,0.34433728,1,-1,-1
41,18602,318,445,114,63,0.436268,5,-1,-1
41,18607,1909,1014,205,103,0.43084493,4,-1,-1
41,18608,1498,832,132,68,0.39783368,4,-1,-1
41,18583,1491,535,132,66,0.3681531,6,-1,-1
41,18609,149,541,62,41,0.30853394,4,-1,-1
42,18607,1948,1018,205,103,0.5522659,4,-1,-1
42,18608,1524,843,131,62,0.42837408,4,-1,-1
42,18583,1503,535,123,66,0.3896899,6,-1,-1
42,18609,150,539,72,46,0.38421527,4,-1,-1
42,18612,319,448,110,61,0.43776527,4,-1,-1
42,18613,0,495,32,46,0.39433363,4,-1,-1
43,18607,1984,1027,210,103,0.5732731,4,-1,-1
43,18608,1548,841,140,72,0.5174772,4,-1,-1
43,18613,3,473,53,51,0.5066318,4,-1,-1
43,18583,1520,533,123,67,0.45095602,6,-1,-1
43,18612,321,447,107,63,0.3442105,4,-1,-1
44,18608,1575,847,139,73,0.61466575,4,-1,-1
44,18607,2013,1037,213,107,0.53757674,4,-1,-1
44,18583,1539,526,120,75,0.5350689,6,-1,-1
44,18613,0,485,57,59,0.4695983,4,-1,-1
45,18607,2054,1046,213,105,0.5715114,4,-1,-1
45,18583,1546,528,126,74,0.50463617,6,-1,-1
45,18608,1604,852,138,72,0.4827861,4,-1,-1
45,18613,2,486,54,60,0.40584293,4,-1,-1
45,18614,320,440,109,70,0.39713764,5,-1,-1
45,18615,1330,1084,51,49,0.31853807,1,-1,-1
46,18608,1631,862,149,72,0.58597684,4,-1,-1
46,18607,2090,1055,220,113,0.5788838,4,-1,-1
46,18583,1559,523,127,79,0.5721634,6,-1,-1
46,18613,2,488,57,61,0.49257132,4,-1,-1
46,18614,322,441,105,68,0.48475435,5,-1,-1
46,18615,1329,1086,52,49,0.38997868,1,-1,-1
47,18608,1658,872,151,70,0.6248775,4,-1,-1
47,18583,1579,519,127,79,0.57430035,6,-1,-1
47,18607,2128,1063,227,113,0.52998936,4,-1,-1
47,18614,323,444,101,65,0.4872848,5,-1,-1
47,18613,7,499,55,55,0.47429633,4,-1,-1
47,18615,1329,1085,51,50,0.43241316,1,-1,-1
48,18607,2167,1075,229,116,0.5364177,4,-1,-1
48,18615,1325,1083,59,55,0.48784637,1,-1,-1
48,18613,1,464,25,59,0.4625546,4,-1,-1
48,18608,1690,880,154,73,0.45302755,4,-1,-1
48,18614,321,444,103,63,0.43154663,5,-1,-1
48,18583,1585,522,126,74,0.4141898,6,-1,-1
48,18616,11,500,69,56,0.3814496,4,-1,-1
48,18617,321,444,103,63,0.3045982,4,-1,-1
49,18608,1713,886,160,73,0.6775353,4,-1,-1
49,18613,0,453,22,56,0.5063124,4,-1,-1
49,18616,15,509,67,51,0.43177804,4,-1,-1
49,18615,1323,1081,61,59,0.37550852,1,-1,-1
49,18617,317,446,106,64,0.35939586,4,-1,-1
49,18607,2209,1084,229,115,0.3304863,4,-1,-1
49,18614,317,446,106,64,0.32005876,5,-1,-1
49,18583,1592,522,121,70,0.31079802,6,-1,-1
49,18618,209,558,74,46,0.39510295,4,-1,-1
50,18617,316,449,104,62,0.54727554,4,-1,-1
50,18607,2248,1097,237,117,0.5151391,4,-1,-1
50,18608,1743,891,160,76,0.50777996,4,-1,-1
50,18583,1624,524,123,71,0.48773983,6,-1,-1
50,18615,1318,1081,67,57,0.44770733,1,-1,-1
50,18616,21,510,66,52,0.42995673,4,-1,-1
50,18613,0,450,14,60,0.42606086,4,-1,-1
50,18618,209,562,75,47,0.41089085,4,-1,-1
51,18608,1779,900,162,78,0.6140834,4,-1,-1
51,18615,1319,1083,64,54,0.49605384,1,-1,-1
51,18607,2291,1115,237,113,0.48077014,4,-1,-1
51,18618,220,562,77,51,0.46344364,4,-1,-1
51,18617,317,450,103,63,0.41969135,4,-1,-1
51,18616,31,511,69,54,0.37317598,4,-1,-1
51,18613,0,449,10,62,0.37024128,4,-1,-1
51,18583,1629,514,121,68,0.3436863,6,-1,-1
52,18608,1814,909,164,77,0.5659879,4,-1,-1
52,18607,2329,1119,247,116,0.5078046,4,-1,-1
52,18616,34,512,72,57,0.4497772,4,-1,-1
52,18617,317,448,103,64,0.43791258,4,-1,-1
52,18615,1316,1083,71,53,0.34616137,1,-1,-1
53,18616,42,513,70,57,0.5931804,4,-1,-1
53,18617,316,448,105,65,0.47256973,4,-1,-1
53,18608,1836,911,176,83,0.46166673,4,-1,-1
53,18607,2371,1133,254,122,0.4260739,4,-1,-1
53,18615,1315,1083,74,54,0.35073966,1,-1,-1
53,18619,232,565,78,50,0.3380931,4,-1,-1
54,18608,1872,922,178,83,0.5921032,4,-1,-1
54,18607,2421,1134,266,130,0.47571602,4,-1,-1
54,18617,317,445,105,69,0.38231105,4,-1,-1
54,18616,52,514,71,59,0.3603286,4,-1,-1
54,18615,1315,1082,73,56,0.34120083,1,-1,-1
54,18620,1667,509,125,76,0.3194579,6,-1,-1
54,18621,317,445,105,69,0.30760196,5,-1,-1
55,18608,1911,927,180,88,0.51107717,4,-1,-1
55,18607,2467,1144,226,145,0.4120822,4,-1,-1
55,18617,317,443,104,70,0.40755248,4,-1,-1
55,18615,1314,1080,75,61,0.40242216,1,-1,-1
55,18616,57,518,68,55,0.36185724,4,-1,-1
55,18621,317,443,104,70,0.3152945,5,-1,-1
55,18622,253,575,71,48,0.40386483,4,-1,-1
56,18607,2510,1149,186,149,0.5261672,4,-1,-1
56,18608,1941,936,184,90,0.5138076,4,-1,-1
56,18616,61,518,70,58,0.4278443,4,-1,-1
56,18623,281,574,144,66,0.3370639,4,-1,-1
57,18608,1982,944,184,90,0.55142856,4,-1,-1
57,18623,270,576,76,56,0.45605797,4,-1,-1
57,18616,64,527,76,55,0.45286012,4,-1,-1
57,18607,2554,1156,144,173,0.3279501,4,-1,-1
57,18624,452,537,82,63,0.384733,4,-1,-1
58,18608,2022,956,186,92,0.53318226,4,-1,-1
58,18616,72,527,79,55,0.45063373,4,-1,-1
58,18624,441,542,70,54,0.34554392,4,-1,-1
58,18625,296,580,147,59,0.41217852,4,-1,-1
58,18626,312,445,106,65,0.39584157,4,-1,-1
59,18608,2056,963,194,93,0.69100153,4,-1,-1
59,18626,309,445,112,67,0.5580524,4,-1,-1
59,18616,77,528,79,56,0.5386672,4,-1,-1
59,18627,1313,1083,76,58,0.37872717,1,-1,-1
60,18608,2094,965,202,99,0.6079967,4,-1,-1
60,18626,308,444,114,68,0.4777324,4,-1,-1
60,18616,87,529,73,55,0.47351575,4,-1,-1
60,18627,1316,1084,71,58,0.38980716,1,-1,-1
61,18608,2133,977,206,100,0.6574331,4,-1,-1
61,18616,94,528,76,62,0.55151016,4,-1,-1
61,18627,1317,1083,69,63,0.35746154,1,-1,-1
61,18626,309,444,113,69,0.33996436,4,-1,-1
62,18608,2169,985,218,103,0.59757894,4,-1,-1
62,18616,101,531,75,58,0.59215283,4,-1,-1
62,18628,309,588,122,66,0.354864,4,-1,-1
63,18608,2213,996,214,98,0.6245981,4,-1,-1
63,18616,107,530,75,59,0.49284914,4,-1,-1
63,18629,1323,1084,59,52,0.3829237,1,-1,-1
64,18608,2256,1003,215,99,0.70688057,4,-1,-1
64,18616,115,529,78,63,0.64220935,4,-1,-1
64,18630,301,443,113,65,0.30294824,4,-1,-1
65,18608,2297,1013,227,105,0.68608606,4,-1,-1
65,18616,121,532,78,60,0.62269914,4,-1,-1
65,18631,310,438,110,70,0.43200642,5,-1,-1
66,18608,2346,1023,224,105,0.6870586,4,-1,-1
66,18616,128,534,77,60,0.5893955,4,-1,-1
66,18631,309,439,110,68,0.42935872,5,-1,-1
67,18608,2400,1038,222,103,0.6541275,4,-1,-1
67,18616,132,533,80,63,0.48549512,4,-1,-1
67,18631,307,439,114,69,0.3883261,5,-1,-1
67,18632,1320,1086,61,52,0.5056329,1,-1,-1
68,18608,2444,1049,231,102,0.65443337,4,-1,-1
68,18616,140,537,77,62,0.5343071,4,-1,-1
68,18632,1312,1088,69,53,0.51280326,1,-1,-1
68,18631,307,439,113,71,0.37155518,5,-1,-1
69,18608,2502,1061,192,104,0.6971755,4,-1,-1
69,18616,147,547,77,57,0.47472525,4,-1,-1
69,18632,1314,1085,70,59,0.3217553,1,-1,-1
69,18633,298,443,115,67,0.40852425,4,-1,-1
70,18608,2550,1072,146,98,0.5485026,4,-1,-1
70,18632,1309,1095,70,52,0.46558335,1,-1,-1
70,18616,150,549,74,56,0.4275372,4,-1,-1
70,18634,296,443,116,69,0.34588683,5,-1,-1
71,18616,156,548,81,62,0.6226389,4,-1,-1
71,18608,2595,1080,105,113,0.5386979,4,-1,-1
71,18634,297,441,115,70,0.5158079,5,-1,-1
71,18632,1309,1087,75,68,0.35634568,1,-1,-1
72,18616,163,550,77,62,0.6083929,4,-1,-1
72,18634,297,445,112,67,0.43807834,5,-1,-1
73,18616,170,554,74,61,0.59360194,4,-1,-1
73,18634,295,442,117,69,0.36983767,5,-1,-1
73,18635,1310,1096,71,68,0.37855056,1,-1,-1
73,18636,273,514,70,50,0.30420902,4,-1,-1
74,18634,291,442,117,71,0.56492484,5,-1,-1
74,18616,175,553,81,68,0.53969926,4,-1,-1
75,18616,181,556,78,66,0.66560954,4,-1,-1
75,18634,294,441,112,68,0.57223076,5,-1,-1
75,18637,1308,1103,70,62,0.4208799,1,-1,-1
76,18616,181,563,83,67,0.5449996,4,-1,-1
76,18634,295,438,108,72,0.4083712,5,-1,-1
76,18637,1306,1102,73,70,0.36466917,1,-1,-1
77,18616,191,567,77,63,0.5733776,4,-1,-1
77,18634,294,439,111,71,0.56802833,5,-1,-1
77,18638,228,507,73,55,0.40707707,4,-1,-1
78,18616,191,567,79,64,0.56301814,4,-1,-1
78,18634,292,440,112,69,0.45100003,5,-1,-1
79,18616,197,567,84,67,0.63439083,4,-1,-1
79,18634,294,437,108,73,0.3642503,5,-1,-1
80,18616,201,574,84,67,0.71235454,4,-1,-1
80,18639,281,444,110,68,0.37400416,4,-1,-1
81,18616,201,577,85,68,0.60739744,4,-1,-1
81,18640,185,500,64,54,0.409767,4,-1,-1
81,18641,284,442,100,70,0.33803153,5,-1,-1
82,18616,200,578,84,69,0.5218152,4,-1,-1
82,18640,162,497,70,54,0.35378996,4,-1,-1
82,18642,269,443,109,70,0.5038516,4,-1,-1
83,18616,186,586,80,68,0.57465154,4,-1,-1
83,18643,1272,1142,65,64,0.46307892,1,-1,-1
83,18644,250,441,110,73,0.456353,5,-1,-1
83,18645,1766,455,108,75,0.38916323,4,-1,-1
84,18616,163,589,90,74,0.56713784,4,-1,-1
84,18645,1744,458,107,72,0.52804875,4,-1,-1
84,18644,227,443,112,78,0.38739163,5,-1,-1
84,18643,1249,1144,74,77,0.34066725,1,-1,-1
85,18645,1722,460,107,79,0.578267,4,-1,-1
85,18643,1231,1163,69,59,0.41078928,1,-1,-1
85,18616,148,594,93,76,0.4017221,4,-1,-1
85,18646,61,504,72,46,0.4338464,4,-1,-1
86,18616,111,608,103,75,0.50474,4,-1,-1
86,18643,1210,1164,71,71,0.48406687,1,-1,-1
86,18645,1697,461,114,79,0.4276419,4,-1,-1
87,18616,107,613,95,74,0.5775837,4,-1,-1
87,18645,1672,462,120,81,0.4826419,4,-1,-1
87,18647,2,514,48,45,0.41213256,4,-1,-1
88,18616,90,617,100,74,0.383664,4,-1,-1
88,18647,2,507,9,59,0.3773715,4,-1,-1
88,18645,1660,464,107,73,0.3091545,4,-1,-1
88,18648,90,624,100,75,0.31767175,6,-1,-1
89,18616,83,626,99,71,0.50788313,4,-1,-1
90,18616,84,628,103,75,0.6448903,4,-1,-1
92,18649,101,633,110,73,0.4101323,4,-1,-1
92,18650,1638,465,108,76,0.34960023,5,-1,-1
93,18650,1638,467,104,73,0.51792467,5,-1,-1
93,18649,117,636,115,61,0.46582633,4,-1,-1
93,18651,1610,487,71,62,0.33715403,4,-1,-1
94,18649,127,638,100,61,0.5393223,4,-1,-1
94,18652,96,457,118,78,0.3024099,4,-1,-1
95,18649,131,640,103,65,0.3721675,4,-1,-1
96,18653,96,457,114,77,0.3197104,6,-1,-1
97,18653,95,460,115,74,0.33901918,6,-1,-1
97,18654,95,460,115,74,0.3055135,5,-1,-1
98,18654,90,459,124,76,0.3060003,5,-1,-1
98,18655,1587,473,121,80,0.31150228,6,-1,-1
99,18655,1588,474,116,80,0.37231645,6,-1,-1
99,18656,84,459,121,73,0.37831163,4,-1,-1
100,18655,1584,474,117,81,0.3830998,6,-1,-1
100,18657,80,457,127,73,0.33857253,6,-1,-1
101,18657,79,456,129,75,0.35184813,6,-1,-1
102,18657,78,456,127,77,0.4110573,6,-1,-1
103,18657,81,456,123,77,0.4053374,6,-1,-1
104,18657,81,459,123,75,0.3688474,6,-1,-1
105,18657,82,458,120,73,0.38531467,6,-1,-1
105,18658,1143,1218,78,59,0.3658679,1,-1,-1
106,18657,82,458,118,72,0.37139365,6,-1,-1
106,18659,1522,476,128,78,0.50284386,6,-1,-1
106,18660,82,458,118,72,0.32245055,4,-1,-1
107,18659,1519,481,128,78,0.47940716,6,-1,-1
107,18657,82,458,118,73,0.3914156,6,-1,-1
108,18657,80,458,122,75,0.48627502,6,-1,-1
108,18659,1504,482,127,79,0.39825162,6,-1,-1
109,18659,1501,479,132,85,0.5099535,6,-1,-1
109,18657,80,456,118,77,0.3710578,6,-1,-1
109,18661,1134,1228,84,69,0.46812025,1,-1,-1
110,18661,1136,1228,81,61,0.4113555,1,-1,-1
110,18657,79,455,121,78,0.33159494,6,-1,-1
110,18662,79,455,121,78,0.32270923,5,-1,-1
111,18657,79,455,122,77,0.42480612,6,-1,-1
112,18657,76,456,126,75,0.33720726,6,-1,-1
113,18657,78,457,122,76,0.34776443,6,-1,-1
114,18657,79,457,118,76,0.44048303,6,-1,-1
114,18663,1465,481,142,85,0.41207227,6,-1,-1
115,18657,74,455,122,76,0.4614128,6,-1,-1
115,18663,1467,481,134,84,0.3352695,6,-1,-1
115,18664,1130,1229,89,65,0.32330912,1,-1,-1
116,18657,75,456,122,75,0.49184215,6,-1,-1
116,18664,1137,1229,84,67,0.33877808,1,-1,-1
117,18657,74,456,125,75,0.3418938,6,-1,-1
117,18665,1449,478,142,83,0.54402405,6,-1,-1
118,18657,74,456,119,76,0.3664103,6,-1,-1
118,18666,1135,1232,74,62,0.4259725,1,-1,-1
119,18667,1434,485,125,83,0.37728006,6,-1,-1
119,18668,1417,513,74,60,0.32710177,4,-1,-1
120,18668,1386,508,65,60,0.3407087,4,-1,-1
120,18669,1100,1234,75,93,0.5414138,1,-1,-1
121,18669,1080,1233,74,73,0.38717392,1,-1,-1
122,18670,1350,492,129,85,0.31199515,4,-1,-1
123,18671,1343,492,126,85,0.33631068,6,-1,-1
123,18672,-3,458,102,77,0.30111468,6,-1,-1
124,18673,1309,507,77,69,0.39986494,4,-1,-1
124,18674,1052,1242,79,77,0.3227335,1,-1,-1
125,18673,1295,508,74,63,0.39131325,4,-1,-1
126,18675,1299,493,143,88,0.5137731,6,-1,-1
126,18676,1054,1245,76,72,0.36832294,1,-1,-1
126,18677,-6,459,104,77,0.35643432,6,-1,-1
127,18677,-2,459,99,79,0.38010448,6,-1,-1
128,18677,-4,459,88,83,0.43446562,6,-1,-1
128,18678,1282,492,147,91,0.38131943,6,-1,-1
128,18679,438,593,76,57,0.3522385,5,-1,-1
128,18680,1271,532,77,57,0.31032962,4,-1,-1
129,18678,1251,495,162,90,0.3782946,6,-1,-1
129,18677,-3,459,84,81,0.33561116,6,-1,-1
129,18681,1251,495,162,90,0.41085365,9,-1,-1
130,18678,1264,500,137,89,0.422285,6,-1,-1
131,18678,1276,504,110,85,0.36985406,6,-1,-1
131,18682,1276,504,110,85,0.30488637,9,-1,-1
131,18683,-2,461,83,81,0.30056143,6,-1,-1
132,18682,1283,501,101,87,0.4088987,9,-1,-1
132,18683,-2,461,84,81,0.37371975,6,-1,-1
132,18678,1283,501,101,87,0.34348643,6,-1,-1
132,18684,1234,528,68,62,0.42830244,4,-1,-1
133,18678,1240,493,140,99,0.49309576,6,-1,-1
133,18683,-3,460,84,82,0.40157163,6,-1,-1
133,18685,1484,966,155,76,0.40688476,5,-1,-1
134,18678,1235,493,145,96,0.47620487,6,-1,-1
134,18683,-3,459,83,81,0.35494158,6,-1,-1
134,18686,1518,967,162,86,0.35874337,4,-1,-1
135,18678,1206,490,165,104,0.5706002,6,-1,-1
135,18683,-3,460,83,81,0.4463526,6,-1,-1
136,18678,1202,495,160,100,0.49487323,6,-1,-1
136,18683,-4,459,84,83,0.43940964,6,-1,-1
136,18687,1588,986,166,89,0.6592423,4,-1,-1
137,18678,1182,497,167,94,0.59217453,6,-1,-1
137,18688,1182,497,167,94,0.37188572,9,-1,-1
138,18678,1158,495,178,101,0.55594444,6,-1,-1
138,18688,1158,495,178,101,0.33260342,9,-1,-1
138,18689,-3,458,75,83,0.3727967,6,-1,-1
139,18678,1137,498,182,99,0.4765046,6,-1,-1
139,18689,-1,462,66,78,0.3569358,6,-1,-1
140,18678,1131,499,178,96,0.3622593,6,-1,-1
140,18690,1131,499,178,96,0.45741576,9,-1,-1
141,18678,1109,495,185,103,0.6161713,6,-1,-1
142,18678,1113,498,167,95,0.46049407,6,-1,-1
142,18691,1106,550,71,56,0.3035146,4,-1,-1
143,18678,1085,498,177,97,0.49275583,6,-1,-1
143,18692,1010,1245,77,74,0.33671018,1,-1,-1
144,18678,1068,496,181,98,0.5207196,6,-1,-1
144,18692,1011,1249,67,68,0.47577372,1,-1,-1
144,18693,1847,1049,206,94,0.551793,4,-1,-1
144,18694,1073,553,78,53,0.36818427,4,-1,-1
144,18695,369,593,94,59,0.3332302,5,-1,-1
145,18693,1885,1050,211,102,0.42090845,4,-1,-1
145,18692,1000,1249,71,70,0.41846216,1,-1,-1
146,18693,1927,1063,211,103,0.6014548,4,-1,-1
146,18696,1041,551,74,64,0.49823835,4,-1,-1
146,18697,1063,507,148,96,0.42516163,6,-1,-1
148,18698,2024,1083,214,107,0.6233623,4,-1,-1
148,18699,2586,974,107,102,0.37079316,4,-1,-1
149,18699,2546,974,146,102,0.46169803,4,-1,-1
149,18700,1002,566,94,48,0.39716563,4,-1,-1
150,18699,2493,975,186,96,0.33250463,4,-1,-1
150,18700,991,561,82,55,0.31929836,4,-1,-1
150,18701,1005,512,175,100,0.36190587,6,-1,-1
151,18699,2463,966,192,95,0.51318127,4,-1,-1
151,18700,987,572,78,52,0.3783429,4,-1,-1
151,18702,2167,1120,229,112,0.64574564,4,-1,-1
151,18703,979,509,186,105,0.47785375,9,-1,-1
151,18704,993,1251,74,64,0.32044706,1,-1,-1
152,18699,2431,967,176,89,0.56356996,4,-1,-1
152,18702,2213,1131,234,108,0.562707,4,-1,-1
152,18703,956,513,201,100,0.47448766,9,-1,-1
152,18700,964,557,89,66,0.4239248,4,-1,-1
152,18705,979,513,181,99,0.35930613,6,-1,-1
153,18702,2269,1141,243,116,0.5057951,4,-1,-1
153,18699,2386,965,186,86,0.5045159,4,-1,-1
153,18705,945,515,205,101,0.41334715,6,-1,-1
153,18703,938,517,197,101,0.3210156,9,-1,-1
153,18706,353,593,112,58,0.3285567,5,-1,-1
154,18699,2359,963,181,87,0.5891288,4,-1,-1
154,18705,925,514,214,104,0.5520965,6,-1,-1
154,18702,2332,1159,239,112,0.42978516,4,-1,-1
154,18703,925,514,214,104,0.36426026,9,-1,-1
154,18706,358,596,105,54,0.35537288,5,-1,-1
154,18707,1010,923,166,121,0.61649865,4,-1,-1
154,18708,939,572,94,58,0.30868205,4,-1,-1
155,18707,1034,934,173,118,0.58190507,4,-1,-1
155,18699,2322,961,173,85,0.56491274,4,-1,-1
155,18705,920,516,211,104,0.53319913,6,-1,-1
155,18702,2373,1163,254,119,0.52313155,4,-1,-1
155,18706,359,596,104,53,0.3621983,5,-1,-1
155,18703,910,516,212,106,0.3510574,9,-1,-1
156,18707,1067,946,175,115,0.66809756,4,-1,-1
156,18699,2286,948,173,88,0.589914,4,-1,-1
156,18702,2433,1180,252,116,0.5491808,4,-1,-1
156,18703,904,514,210,110,0.38537645,9,-1,-1
156,18705,911,521,193,112,0.3758756,6,-1,-1
156,18709,911,567,78,66,0.3055736,4,-1,-1
157,18707,1092,949,186,124,0.6440733,4,-1,-1
157,18709,907,579,83,59,0.60379785,4,-1,-1
157,18699,2253,943,177,84,0.54065025,4,-1,-1
157,18702,2499,1184,193,122,0.527443,4,-1,-1
157,18703,903,517,210,98,0.37878802,9,-1,-1
157,18705,903,517,210,98,0.3281827,6,-1,-1
158,18699,2213,939,176,87,0.55537033,4,-1,-1
158,18703,889,524,204,107,0.5085043,9,-1,-1
158,18702,2554,1195,141,129,0.4376931,4,-1,-1
158,18709,901,572,83,62,0.3741739,4,-1,-1
158,18705,889,524,204,107,0.3280035,6,-1,-1
158,18710,1125,952,188,126,0.44723156,6,-1,-1
159,18703,868,520,207,117,0.50730985,9,-1,-1
159,18699,2180,926,171,96,0.42439258,4,-1,-1
159,18710,1163,962,191,127,0.3807433,6,-1,-1
159,18709,884,571,88,69,0.36310568,4,-1,-1
160,18703,856,522,218,112,0.51791537,9,-1,-1
160,18699,2149,922,173,94,0.30670595,4,-1,-1
160,18711,856,522,218,112,0.41499525,6,-1,-1
160,18712,1013,1255,61,67,0.3112429,1,-1,-1
161,18703,841,527,221,111,0.5632431,9,-1,-1
161,18699,2116,923,167,86,0.4217044,4,-1,-1
161,18713,1230,984,190,124,0.46702838,4,-1,-1
162,18713,1270,987,189,134,0.6579757,4,-1,-1
162,18703,836,525,222,113,0.54935944,9,-1,-1
162,18714,836,525,222,113,0.3214599,6,-1,-1
163,18703,813,529,232,114,0.6349099,9,-1,-1
163,18713,1295,993,203,133,0.4155286,4,-1,-1
163,18715,1591,1037,193,103,0.56741524,4,-1,-1
163,18716,2052,919,165,82,0.45629442,4,-1,-1
164,18713,1332,1003,213,138,0.70471686,4,-1,-1
164,18703,805,530,232,113,0.5446613,9,-1,-1
164,18715,1632,1041,192,104,0.5268313,4,-1,-1
164,18716,2025,907,165,90,0.4319141,4,-1,-1
164,18717,818,593,86,60,0.4600961,4,-1,-1
164,18718,806,536,106,64,0.3681565,4,-1,-1
164,18719,805,530,232,113,0.36297444,6,-1,-1
165,18716,1991,904,163,87,0.6283966,4,-1,-1
165,18713,1374,1011,208,136,0.59446347,4,-1,-1
165,18703,788,529,238,120,0.55244845,9,-1,-1
165,18717,801,593,85,66,0.50114274,4,-1,-1
165,18715,1671,1049,196,103,0.4181006,4,-1,-1
166,18713,1412,1022,214,145,0.74401927,4,-1,-1
166,18716,1964,901,162,81,0.5711505,4,-1,-1
166,18717,791,598,98,57,0.50872535,4,-1,-1
166,18703,782,537,233,104,0.48694673,9,-1,-1
166,18715,1710,1060,202,108,0.45291033,4,-1,-1
166,18720,1028,1253,58,72,0.47647855,1,-1,-1
166,18721,780,542,83,73,0.30851948,4,-1,-1
167,18713,1452,1030,219,140,0.6500835,4,-1,-1
167,18703,761,532,244,114,0.5826137,9,-1,-1
167,18717,776,602,94,62,0.53638375,4,-1,-1
167,18716,1926,898,165,83,0.4783474,4,-1,-1
167,18715,1751,1067,204,109,0.36085224,4,-1,-1
168,18713,1493,1042,220,146,0.6029736,4,-1,-1
168,18715,1793,1080,205,110,0.5228484,4,-1,-1
168,18703,757,554,216,102,0.43595392,9,-1,-1
168,18716,1901,886,163,91,0.41560987,4,-1,-1
168,18717,766,604,98,58,0.34668466,4,-1,-1
168,18722,1493,1042,220,146,0.36506766,6,-1,-1
169,18703,732,543,246,113,0.6443452,9,-1,-1
169,18722,1532,1045,229,150,0.6075786,6,-1,-1
169,18716,1868,883,162,88,0.50839835,4,-1,-1
169,18715,1838,1084,206,116,0.46900246,4,-1,-1
169,18717,746,600,97,64,0.34243304,4,-1,-1
170,18703,713,544,250,115,0.6505551,9,-1,-1
170,18715,1877,1093,214,121,0.61543065,4,-1,-1
170,18716,1840,881,161,84,0.5292801,4,-1,-1
170,18717,735,609,86,62,0.4439805,4,-1,-1
170,18723,1577,1061,227,153,0.7118267,4,-1,-1
170,18724,727,546,92,77,0.30483612,4,-1,-1
171,18703,695,547,256,116,0.6879936,9,-1,-1
171,18716,1810,882,151,74,0.4745381,4,-1,-1
171,18715,1920,1100,224,119,0.43991357,4,-1,-1
171,18723,1622,1069,226,146,0.35798353,4,-1,-1
171,18717,718,608,104,67,0.3091286,4,-1,-1
171,18725,1035,1259,78,60,0.36973456,1,-1,-1
171,18726,1622,1069,226,146,0.36318678,6,-1,-1
172,18726,1670,1079,240,157,0.7017078,6,-1,-1
172,18716,1774,878,164,77,0.5706974,4,-1,-1
172,18725,1032,1258,81,62,0.3841962,1,-1,-1
172,18703,668,547,270,124,0.30132666,9,-1,-1
172,18727,668,547,270,124,0.6023688,6,-1,-1
173,18703,664,550,265,114,0.56149024,9,-1,-1
173,18716,1755,867,153,82,0.4502385,4,-1,-1
173,18726,1715,1097,237,150,0.42247134,6,-1,-1
173,18727,664,550,265,114,0.33029538,6,-1,-1
173,18728,678,616,108,62,0.4432315,4,-1,-1
174,18703,645,549,270,123,0.55297965,9,-1,-1
174,18726,1765,1103,237,152,0.531338,6,-1,-1
174,18716,1733,863,135,76,0.48037675,4,-1,-1
174,18729,1048,1263,78,56,0.44574112,1,-1,-1
175,18729,1052,1258,75,57,0.583324,1,-1,-1
175,18726,1819,1106,242,157,0.55979913,6,-1,-1
175,18703,636,549,266,123,0.4525669,9,-1,-1
176,18726,1865,1115,244,165,0.5419553,6,-1,-1
176,18729,1051,1256,77,68,0.4977342,1,-1,-1
176,18703,617,558,270,122,0.354649,9,-1,-1
176,18730,2164,1144,236,124,0.35047406,4,-1,-1
177,18703,604,557,262,125,0.5911712,9,-1,-1
177,18726,1904,1121,258,168,0.45155677,6,-1,-1
177,18729,1049,1253,78,69,0.31443158,1,-1,-1
177,18731,1917,1122,255,168,0.30997607,5,-1,-1
178,18729,1054,1253,73,62,0.59482324,1,-1,-1
178,18703,579,557,270,125,0.48435912,9,-1,-1
178,18731,1963,1138,255,170,0.3374632,5,-1,-1
178,18732,1963,1138,255,170,0.59634817,4,-1,-1
178,18733,1626,845,123,69,0.39347845,4,-1,-1
179,18729,1056,1254,72,59,0.60815454,1,-1,-1
179,18732,2023,1150,257,157,0.46281454,4,-1,-1
179,18703,569,555,274,128,0.43084738,9,-1,-1
179,18734,2323,1179,251,133,0.35716254,4,-1,-1
180,18732,2064,1158,265,164,0.6849987,4,-1,-1
180,18734,2369,1181,259,135,0.5821879,4,-1,-1
180,18703,546,557,280,125,0.51432574,9,-1,-1
180,18735,2674,935,25,111,0.46879268,6,-1,-1
180,18736,2674,935,25,111,0.36039802,4,-1,-1
181,18734,2419,1188,273,142,0.6263549,4,-1,-1
181,18736,2640,926,57,120,0.62500125,4,-1,-1
181,18732,2113,1158,264,168,0.52331734,4,-1,-1
181,18737,1059,1231,71,77,0.34752303,1,-1,-1
181,18738,1622,831,46,56,0.34548205,3,-1,-1
182,18734,2471,1185,230,151,0.40873542,4,-1,-1
182,18732,2169,1161,272,171,0.3799068,4,-1,-1
182,18739,2595,897,99,140,0.4718997,6,-1,-1
182,18740,2169,1161,272,171,0.46239218,6,-1,-1
182,18741,1528,803,107,67,0.33869773,4,-1,-1
183,18740,2226,1156,279,179,0.5890621,6,-1,-1
183,18739,2561,889,134,151,0.5730182,6,-1,-1
183,18734,2533,1168,171,156,0.40524152,4,-1,-1
183,18742,477,533,300,133,0.42109355,6,-1,-1
184,18740,2271,1159,283,176,0.5428822,6,-1,-1
184,18739,2539,865,161,161,0.38655514,6,-1,-1
185,18740,2325,1169,305,182,0.5815149,6,-1,-1
185,18743,2504,862,191,161,0.50500643,4,-1,-1
186,18740,2389,1175,297,187,0.5437176,6,-1,-1
186,18743,2472,848,223,160,0.37977618,4,-1,-1
186,18744,399,506,336,158,0.31199142,6,-1,-1
187,18745,2435,847,258,156,0.39884323,6,-1,-1
187,18746,2435,847,258,156,0.38018662,5,-1,-1
187,18747,2435,1185,258,190,0.34766844,4,-1,-1
188,18745,2410,847,266,155,0.4622663,6,-1,-1
188,18748,2504,1178,194,211,0.47375804,6,-1,-1
188,18749,346,506,354,160,0.466568,6,-1,-1
189,18745,2386,842,267,158,0.52826905,6,-1,-1
189,18749,328,509,354,159,0.4715292,6,-1,-1
189,18748,2556,1183,141,202,0.31482896,6,-1,-1
189,18750,2556,1183,141,202,0.30275613,4,-1,-1
190,18749,306,521,352,156,0.50068307,6,-1,-1
190,18745,2363,843,263,156,0.37068424,6,-1,-1
190,18750,2632,1187,64,195,0.30023006,4,-1,-1
190,18751,306,521,352,156,0.39005497,9,-1,-1
191,18745,2327,842,259,152,0.5325589,6,-1,-1
191,18749,283,521,357,161,0.52966744,6,-1,-1
191,18751,298,523,349,155,0.3159358,9,-1,-1
191,18752,1051,1186,80,77,0.31953076,1,-1,-1
192,18745,2304,831,258,153,0.56860787,6,-1,-1
192,18749,265,524,351,161,0.5518372,6,-1,-1
192,18751,265,524,351,161,0.30937493,9,-1,-1
193,18745,2263,833,265,144,0.63716465,6,-1,-1
193,18751,241,528,354,162,0.40443313,9,-1,-1
194,18745,2238,829,265,147,0.6719256,6,-1,-1
194,18753,2020,975,218,119,0.3978764,4,-1,-1
194,18754,215,530,364,162,0.31288844,6,-1,-1
195,18745,2216,828,261,139,0.56123567,6,-1,-1
195,18753,1990,975,214,112,0.49930954,4,-1,-1
195,18754,187,539,371,161,0.48570886,6,-1,-1
196,18745,2178,828,265,137,0.5591931,6,-1,-1
196,18753,1970,984,166,84,0.30186355,4,-1,-1
196,18755,168,541,364,162,0.45030957,9,-1,-1
197,18755,143,543,365,162,0.5458576,9,-1,-1
197,18745,2155,813,259,148,0.53990114,6,-1,-1
198,18745,2139,813,248,143,0.6365527,6,-1,-1
198,18755,101,545,383,167,0.5136686,9,-1,-1
199,18745,2117,811,240,146,0.6590725,6,-1,-1
199,18755,72,548,393,167,0.44551003,9,-1,-1
199,18756,71,555,395,171,0.3008927,6,-1,-1
200,18745,2094,807,242,149,0.6362615,6,-1,-1
200,18755,42,561,395,161,0.4439739,9,-1,-1
201,18755,2,563,407,167,0.5219504,9,-1,-1
201,18745,2069,800,250,157,0.4608944,6,-1,-1
202,18755,-8,567,389,169,0.6540515,9,-1,-1
202,18745,2038,802,236,146,0.53695726,6,-1,-1
203,18745,2010,789,243,151,0.630737,6,-1,-1
203,18755,-6,564,366,175,0.3901334,9,-1,-1
204,18745,1977,792,243,141,0.6263407,6,-1,-1
204,18757,-12,574,349,177,0.4677596,6,-1,-1
205,18745,1959,792,226,140,0.7294357,6,-1,-1
205,18757,-9,573,307,181,0.46363872,6,-1,-1
206,18745,1939,788,222,137,0.6622687,6,-1,-1
206,18757,-7,581,286,164,0.4918311,6,-1,-1
207,18745,1914,788,220,134,0.68459165,6,-1,-1
207,18757,-10,582,264,167,0.5103061,6,-1,-1
208,18745,1897,786,211,134,0.56870383,6,-1,-1
208,18757,-6,582,218,175,0.37364948,6,-1,-1
209,18745,1857,780,227,125,0.6522114,6,-1,-1
209,18757,-5,587,191,167,0.45056996,6,-1,-1
209,18758,1034,902,149,90,0.56602585,4,-1,-1
210,18745,1835,777,222,128,0.74000514,6,-1,-1
210,18757,-4,591,161,161,0.35617042,6,-1,-1
210,18758,1061,902,154,99,0.32779038,4,-1,-1
210,18759,-4,591,161,161,0.40143672,4,-1,-1
211,18745,1816,778,219,125,0.7432929,6,-1,-1
211,18758,1097,920,150,85,0.6512733,4,-1,-1
211,18757,-4,593,124,157,0.48889208,6,-1,-1
211,18760,1369,943,181,86,0.45781818,4,-1,-1
211,18761,-4,593,124,157,0.44481596,9,-1,-1
212,18745,1795,778,208,117,0.7320739,6,-1,-1
212,18758,1127,926,151,86,0.69677913,4,-1,-1
212,18760,1411,949,180,88,0.4433789,4,-1,-1
212,18757,-5,594,88,179,0.3072826,6,-1,-1
213,18760,1450,962,185,86,0.59951687,4,-1,-1
213,18745,1768,775,212,113,0.58399385,6,-1,-1
213,18758,1158,936,157,87,0.52008075,4,-1,-1
213,18757,-7,606,66,163,0.4113796,6,-1,-1
214,18760,1486,967,191,89,0.7187417,4,-1,-1
214,18758,1190,941,162,90,0.6407577,4,-1,-1
214,18745,1733,766,223,114,0.6238718,6,-1,-1
215,18745,1710,763,220,114,0.6750513,6,-1,-1
215,18758,1223,946,162,91,0.641244,4,-1,-1
215,18760,1523,976,202,96,0.48797634,4,-1,-1
215,18762,2629,849,64,112,0.3507642,4,-1,-1
216,18745,1689,759,220,115,0.7018081,6,-1,-1
216,18760,1564,983,203,98,0.67715836,4,-1,-1
216,18758,1258,956,168,93,0.5444188,4,-1,-1
216,18762,2593,874,101,89,0.4867308,4,-1,-1
217,18745,1668,754,217,120,0.74167717,6,-1,-1
217,18758,1290,965,170,91,0.6730736,4,-1,-1
217,18760,1608,995,202,99,0.570191,4,-1,-1
217,18762,2555,871,143,95,0.34171727,4,-1,-1
218,18760,1644,1004,217,98,0.6530286,4,-1,-1
218,18745,1647,757,211,108,0.6386434,6,-1,-1
218,18758,1323,972,178,101,0.5875051,4,-1,-1
218,18762,2518,863,182,90,0.3729323,4,-1,-1
219,18758,1365,977,173,101,0.71250576,4,-1,-1
219,18745,1624,744,211,117,0.5777489,6,-1,-1
219,18762,2488,864,199,88,0.40988845,4,-1,-1
220,18745,1600,742,210,117,0.6415407,6,-1,-1
220,18762,2467,864,194,83,0.62500155,4,-1,-1
220,18758,1398,984,185,107,0.5250584,4,-1,-1
220,18763,1731,1020,225,112,0.6426178,4,-1,-1
221,18745,1580,741,205,113,0.69856817,6,-1,-1
221,18762,2440,860,194,81,0.6646509,4,-1,-1
221,18763,1785,1032,223,111,0.6638215,4,-1,-1
221,18758,1431,997,188,106,0.6528214,4,-1,-1
222,18763,1831,1045,227,102,0.722953,4,-1,-1
222,18745,1561,736,203,113,0.64675903,6,-1,-1
222,18758,1467,1005,196,107,0.627486,4,-1,-1
222,18762,2414,857,195,83,0.5486083,4,-1,-1
222,18764,1055,1186,64,70,0.3174085,1,-1,-1
223,18758,1506,1018,200,107,0.73583114,4,-1,-1
223,18763,1885,1051,233,118,0.6364151,4,-1,-1
223,18762,2383,855,191,82,0.54352456,4,-1,-1
223,18745,1542,738,198,107,0.535235,6,-1,-1
224,18763,1928,1064,243,111,0.7430583,4,-1,-1
224,18758,1550,1027,202,105,0.63896596,4,-1,-1
224,18762,2351,844,193,86,0.53511477,4,-1,-1
224,18765,2640,1029,55,88,0.5689549,4,-1,-1
224,18766,1052,1184,68,67,0.36038166,1,-1,-1
225,18758,1593,1039,200,105,0.6925021,4,-1,-1
225,18763,1986,1076,245,115,0.67502767,4,-1,-1
225,18762,2326,842,181,79,0.5870446,4,-1,-1
225,18765,2588,1015,112,102,0.48183325,4,-1,-1
225,18766,1044,1183,69,70,0.36623415,1,-1,-1
226,18762,2294,839,188,78,0.62856853,4,-1,-1
226,18765,2540,1000,162,100,0.6264781,4,-1,-1
226,18763,2034,1085,245,115,0.5432251,4,-1,-1
226,18758,1644,1046,202,111,0.53502715,4,-1,-1
226,18767,1484,728,191,105,0.32839596,6,-1,-1
227,18763,2085,1096,262,122,0.6877149,4,-1,-1
227,18758,1685,1055,208,115,0.6866461,4,-1,-1
227,18765,2495,994,207,108,0.648129,4,-1,-1
227,18767,1470,729,181,102,0.5499262,6,-1,-1
227,18762,2265,837,195,80,0.5144486,4,-1,-1
228,18767,1446,729,185,100,0.6903622,6,-1,-1
228,18758,1728,1067,215,111,0.6380965,4,-1,-1
228,18762,2238,838,185,74,0.5528503,4,-1,-1
228,18763,2137,1114,263,116,0.49462444,4,-1,-1
228,18765,2440,986,230,96,0.48407727,4,-1,-1
228,18768,2146,1112,261,120,0.30007604,6,-1,-1
229,18758,1776,1079,216,115,0.7052167,4,-1,-1
229,18767,1437,724,170,99,0.6978134,6,-1,-1
229,18763,2196,1122,269,120,0.69764215,4,-1,-1
229,18765,2391,985,221,96,0.61557895,4,-1,-1
229,18762,2211,825,187,82,0.5714359,4,-1,-1
230,18767,1410,724,172,94,0.69019276,6,-1,-1
230,18763,2251,1134,284,128,0.6772242,4,-1,-1
230,18765,2347,974,220,100,0.5887895,4,-1,-1
230,18758,1826,1091,222,118,0.5659769,4,-1,-1
230,18762,2188,825,178,77,0.53972155,4,-1,-1
231,18758,1877,1102,222,117,0.75844616,4,-1,-1
231,18765,2301,964,218,98,0.63789797,4,-1,-1
231,18762,2155,823,180,75,0.51439697,4,-1,-1
231,18763,2317,1154,275,123,0.45355397,4,-1,-1
231,18767,1398,722,165,94,0.3673798,6,-1,-1
231,18769,2673,917,27,64,0.42334884,3,-1,-1
232,18765,2259,957,215,96,0.6856004,4,-1,-1
232,18758,1928,1117,230,113,0.6753444,4,-1,-1
232,18763,2377,1160,286,132,0.64835185,4,-1,-1
232,18762,2132,818,181,74,0.62820506,4,-1,-1
232,18770,2641,910,58,74,0.5638681,4,-1,-1
233,18758,1978,1126,232,118,0.72867817,4,-1,-1
233,18765,2224,949,205,90,0.6337725,4,-1,-1
233,18763,2445,1180,260,124,0.5448703,4,-1,-1
233,18762,2113,807,169,79,0.530255,4,-1,-1
233,18770,2623,902,75,78,0.49710953,4,-1,-1
234,18765,2179,941,210,97,0.7280209,4,-1,-1
234,18758,2031,1140,240,122,0.7236422,4,-1,-1
234,18763,2505,1189,197,118,0.56305397,4,-1,-1
234,18770,2588,897,110,81,0.51821727,4,-1,-1
234,18762,2090,807,163,77,0.49091762,4,-1,-1
235,18765,2140,934,201,93,0.7011287,4,-1,-1
235,18758,2088,1155,252,121,0.6609704,4,-1,-1
235,18762,2058,806,162,75,0.6330602,4,-1,-1
235,18770,2552,896,151,85,0.5807718,4,-1,-1
235,18763,2556,1202,145,127,0.5386444,4,-1,-1
235,18771,1039,1185,75,66,0.38882267,1,-1,-1
236,18758,2140,1165,250,126,0.6993276,4,-1,-1
236,18765,2100,924,199,94,0.64252114,4,-1,-1
236,18762,2029,800,169,79,0.5990807,4,-1,-1
236,18770,2511,891,187,93,0.514947,4,-1,-1
236,18763,2635,1219,63,126,0.34327358,4,-1,-1
236,18771,1036,1184,81,67,0.30303133,1,-1,-1
237,18758,2204,1179,249,128,0.73093253,4,-1,-1
237,18765,2060,923,196,91,0.6915501,4,-1,-1
237,18762,2009,800,158,70,0.61963224,4,-1,-1
237,18770,2485,887,196,84,0.55148125,4,-1,-1
237,18771,1036,1184,84,65,0.3743999,1,-1,-1
238,18758,2262,1193,259,127,0.69866174,4,-1,-1
238,18765,2021,916,190,91,0.69280285,4,-1,-1
238,18770,2455,884,201,86,0.615111,4,-1,-1
238,18762,1983,798,162,71,0.5450627,4,-1,-1
238,18771,1033,1182,87,65,0.35445803,1,-1,-1
239,18758,2324,1204,260,129,0.73838186,4,-1,-1
239,18765,1983,905,188,90,0.6094036,4,-1,-1
239,18770,2437,883,191,85,0.5526325,4,-1,-1
239,18762,1956,796,157,70,0.47325972,4,-1,-1
240,18758,2387,1219,268,132,0.7179469,4,-1,-1
240,18770,2403,878,192,87,0.63883847,4,-1,-1
240,18765,1954,898,182,93,0.5979962,4,-1,-1
240,18762,1935,787,154,76,0.5116725,4,-1,-1
241,18758,2457,1240,243,121,0.6715014,4,-1,-1
241,18765,1913,895,184,87,0.61551756,4,-1,-1
241,18770,2375,875,192,86,0.5999428,4,-1,-1
241,18762,1909,783,162,76,0.5862918,4,-1,-1
241,18772,1032,1185,85,62,0.32706723,1,-1,-1
242,18765,1873,881,186,94,0.6766955,4,-1,-1
242,18758,2511,1247,189,125,0.6356143,4,-1,-1
242,18762,1883,780,165,75,0.59880996,4,-1,-1
242,18770,2346,873,183,87,0.5282039,4,-1,-1
243,18762,1863,777,161,75,0.6971397,4,-1,-1
243,18770,2318,862,188,91,0.65761787,4,-1,-1
243,18765,1834,880,187,89,0.65472156,4,-1,-1
243,18758,2589,1258,108,127,0.46903005,4,-1,-1
244,18770,2290,860,189,86,0.63758093,4,-1,-1
244,18762,1844,775,156,73,0.6076793,4,-1,-1
244,18765,1805,874,179,89,0.55203813,4,-1,-1
245,18765,1763,860,185,96,0.62311,4,-1,-1
245,18770,2259,858,189,85,0.610044,4,-1,-1
245,18762,1822,766,157,75,0.43439582,4,-1,-1
246,18770,2231,852,191,88,0.62448925,4,-1,-1
246,18765,1728,860,187,88,0.62083846,4,-1,-1
246,18762,1796,762,159,78,0.5191335,4,-1,-1
247,18762,1779,762,148,71,0.48709953,4,-1,-1
247,18770,2204,840,190,95,0.47893435,4,-1,-1
248,18770,2175,839,188,95,0.5300966,4,-1,-1
248,18773,1667,842,174,91,0.34329358,4,-1,-1
249,18770,2152,837,185,92,0.63703585,4,-1,-1
249,18773,1640,838,170,86,0.4685971,4,-1,-1
250,18770,2126,835,186,87,0.71472555,4,-1,-1
250,18773,1607,837,164,82,0.589981,4,-1,-1
250,18774,1607,837,164,82,0.33042026,5,-1,-1
251,18770,2107,835,171,83,0.5961485,4,-1,-1
251,18773,1571,825,167,85,0.41424128,4,-1,-1
251,18775,1687,755,142,66,0.39037532,4,-1,-1
251,18776,1036,1181,75,67,0.33194724,1,-1,-1
252,18773,1549,821,152,84,0.66536784,4,-1,-1
252,18770,2071,837,180,78,0.58018297,4,-1,-1
252,18776,1036,1183,75,64,0.46911764,1,-1,-1
252,18775,1666,743,138,73,0.46148044,4,-1,-1
253,18773,1510,821,155,78,0.5827364,4,-1,-1
253,18770,2053,833,168,81,0.5773995,4,-1,-1
253,18775,1647,743,141,73,0.38423857,4,-1,-1
254,18770,2025,823,175,89,0.54466933,4,-1,-1
254,18773,1484,816,151,76,0.5134673,4,-1,-1
254,18777,1033,1182,78,70,0.38513243,1,-1,-1
255,18770,2008,821,166,88,0.62517816,4,-1,-1
255,18773,1460,808,148,74,0.44117263,4,-1,-1
256,18770,1987,821,160,88,0.60946214,4,-1,-1
256,18773,1438,807,121,73,0.41993076,4,-1,-1
257,18770,1962,820,164,88,0.52539986,4,-1,-1
258,18770,1929,820,169,86,0.46390834,4,-1,-1
259,18770,1909,820,166,85,0.5271104,4,-1,-1
260,18770,1886,817,163,85,0.60918385,4,-1,-1
260,18778,1419,808,43,61,0.36096963,1,-1,-1
260,18779,1033,1205,69,65,0.3146659,1,-1,-1
261,18770,1863,813,166,86,0.30536997,4,-1,-1
261,18780,1387,808,52,60,0.37463674,3,-1,-1
264,18781,1784,802,162,86,0.43046343,4,-1,-1
265,18781,1766,801,156,85,0.5060865,4,-1,-1
