1,15032,2680,545,20,73,0.32756633,4,-1,-1
2,15033,1293,504,275,102,0.41353136,6,-1,-1
3,15033,1299,501,275,111,0.5195807,6,-1,-1
4,15033,1320,504,267,102,0.3439245,6,-1,-1
5,15034,1328,506,257,100,0.3997984,9,-1,-1
6,15035,1343,504,258,101,0.35342863,6,-1,-1
7,15035,1360,496,237,100,0.36969146,6,-1,-1
8,15035,1377,495,235,98,0.3265077,6,-1,-1
10,15036,491,641,230,93,0.39966825,6,-1,-1
10,15037,4,448,62,66,0.30905798,4,-1,-1
11,15036,520,625,219,102,0.36824054,6,-1,-1
11,15037,4,446,59,70,0.30779743,4,-1,-1
12,15036,555,619,223,107,0.32296276,6,-1,-1
12,15037,4,447,59,70,0.3224144,4,-1,-1
13,15037,3,446,63,72,0.38412055,4,-1,-1
13,15036,585,622,211,98,0.34782177,6,-1,-1
14,15037,2,445,63,76,0.38733947,4,-1,-1
14,15036,616,618,195,95,0.3101566,6,-1,-1
15,15037,1,447,63,73,0.47089773,4,-1,-1
16,15037,1,446,66,75,0.46111608,4,-1,-1
17,15037,1,447,66,74,0.48515213,4,-1,-1
18,15037,3,441,64,79,0.34956515,4,-1,-1
19,15037,1,450,68,70,0.32115802,4,-1,-1
19,15038,1136,890,52,53,0.51048505,1,-1,-1
19,15039,772,600,171,90,0.40480816,4,-1,-1
19,15040,772,600,171,90,0.32140112,6,-1,-1
20,15040,806,598,146,90,0.43250504,6,-1,-1
20,15037,1,446,90,73,0.39429504,4,-1,-1
21,15037,1,446,102,73,0.566966,4,-1,-1
21,15040,851,592,144,84,0.4610252,6,-1,-1
21,15041,1174,889,55,62,0.4118901,1,-1,-1
22,15040,881,580,166,96,0.6521136,6,-1,-1
22,15037,3,448,134,74,0.3858687,4,-1,-1
23,15037,24,448,140,68,0.4601822,4,-1,-1
23,15040,928,585,155,85,0.4206534,6,-1,-1
23,15042,1212,884,137,77,0.6664451,4,-1,-1
23,15043,928,585,155,85,0.48811564,4,-1,-1
24,15042,1254,881,140,83,0.6294517,4,-1,-1
24,15040,973,579,153,87,0.40682584,6,-1,-1
24,15043,973,579,153,87,0.40493527,4,-1,-1
25,15042,1300,889,137,77,0.4908311,4,-1,-1
25,15040,1025,583,136,77,0.4671726,6,-1,-1
25,15043,1061,577,102,65,0.34379217,4,-1,-1
25,15044,92,448,122,66,0.40108263,4,-1,-1
25,15045,92,448,122,66,0.32110035,5,-1,-1
26,15044,109,446,137,67,0.5652724,4,-1,-1
26,15042,1338,901,142,74,0.50499016,4,-1,-1
26,15040,1070,572,130,76,0.37460324,6,-1,-1
26,15043,1103,572,105,69,0.32244328,4,-1,-1
27,15042,1382,903,142,77,0.6930206,4,-1,-1
27,15044,132,445,138,68,0.54356146,4,-1,-1
27,15043,1114,574,126,72,0.4365208,4,-1,-1
27,15040,1114,574,126,72,0.33125663,6,-1,-1
28,15042,1425,911,148,84,0.50438714,4,-1,-1
28,15040,1130,569,145,77,0.4994483,6,-1,-1
28,15044,164,442,126,71,0.33159125,4,-1,-1
28,15046,164,442,126,71,0.44202495,5,-1,-1
29,15042,1466,920,156,85,0.6062235,4,-1,-1
29,15044,182,442,134,72,0.5161532,4,-1,-1
29,15040,1177,570,138,73,0.51358783,6,-1,-1
30,15042,1518,927,160,85,0.6030225,4,-1,-1
30,15044,221,444,119,66,0.59111863,4,-1,-1
30,15040,1219,569,135,71,0.4460924,6,-1,-1
30,15047,0,496,21,52,0.42056382,4,-1,-1
30,15048,1243,572,117,68,0.34910816,4,-1,-1
30,15049,1209,561,114,59,0.32612997,4,-1,-1
31,15042,1563,940,160,83,0.64327735,4,-1,-1
31,15040,1264,564,123,73,0.49083024,6,-1,-1
31,15047,1,495,49,60,0.4605833,4,-1,-1
31,15044,244,444,127,66,0.45453125,4,-1,-1
31,15050,2633,1064,62,114,0.4619196,1,-1,-1
32,15042,1609,947,161,87,0.5003321,4,-1,-1
32,15044,266,443,127,69,0.48185635,4,-1,-1
32,15047,18,514,69,57,0.38034576,4,-1,-1
32,15051,1299,561,138,74,0.46785665,4,-1,-1
32,15052,103,525,69,46,0.462655,4,-1,-1
32,15053,1609,947,161,87,0.40844277,5,-1,-1
33,15042,1654,958,164,90,0.4380474,4,-1,-1
33,15051,1399,559,68,53,0.40457302,4,-1,-1
33,15054,1345,565,94,68,0.43581066,6,-1,-1
34,15042,1701,967,175,91,0.5702813,4,-1,-1
34,15051,1392,558,118,66,0.46455818,4,-1,-1
34,15055,308,439,128,71,0.5737907,4,-1,-1
34,15056,45,480,67,48,0.5157676,4,-1,-1
34,15057,69,405,104,55,0.48179883,4,-1,-1
34,15058,87,520,101,54,0.43721294,4,-1,-1
35,15042,1733,969,172,94,0.51512265,4,-1,-1
35,15055,311,441,130,69,0.44215235,4,-1,-1
35,15056,45,481,66,43,0.421315,4,-1,-1
35,15057,85,403,97,59,0.33675146,4,-1,-1
35,15051,1400,556,115,67,0.33653104,4,-1,-1
35,15059,1400,556,115,67,0.40970019,6,-1,-1
36,15042,1762,977,187,104,0.7195095,4,-1,-1
36,15056,42,481,65,41,0.49940977,4,-1,-1
36,15057,89,407,92,56,0.49375936,4,-1,-1
36,15051,1420,556,111,68,0.44815785,4,-1,-1
36,15055,324,444,124,69,0.35730264,4,-1,-1
36,15059,1420,556,111,68,0.34517902,6,-1,-1
36,15060,1395,809,109,66,0.35411108,4,-1,-1
36,15061,114,530,77,48,0.33587268,4,-1,-1
37,15042,1787,981,192,104,0.7003358,4,-1,-1
37,15051,1440,552,113,65,0.52824897,4,-1,-1
37,15061,112,531,84,48,0.4862253,4,-1,-1
37,15060,1393,809,131,71,0.4837207,4,-1,-1
37,15056,38,479,66,39,0.4829656,4,-1,-1
37,15057,89,405,92,57,0.39956895,4,-1,-1
37,15055,314,444,128,67,0.35201645,4,-1,-1
38,15042,1823,990,196,108,0.579602,4,-1,-1
38,15051,1441,551,118,63,0.5276726,4,-1,-1
38,15060,1416,811,129,71,0.43549404,4,-1,-1
38,15056,31,477,71,43,0.3317175,4,-1,-1
39,15042,1852,998,193,105,0.62866294,4,-1,-1
39,15060,1446,820,134,77,0.5498014,4,-1,-1
39,15051,1461,548,120,67,0.459326,4,-1,-1
39,15062,133,535,83,46,0.5145974,4,-1,-1
39,15063,313,445,128,66,0.492426,4,-1,-1
39,15064,1461,548,120,67,0.47311878,6,-1,-1
39,15065,211,539,70,42,0.36393985,4,-1,-1
40,15042,1887,1005,196,103,0.71944726,4,-1,-1
40,15060,1474,826,135,77,0.6905392,4,-1,-1
40,15062,134,536,89,49,0.6142753,4,-1,-1
40,15064,1479,547,122,64,0.5025705,6,-1,-1
40,15063,317,446,121,65,0.4968258,4,-1,-1
40,15051,1479,547,122,64,0.4047209,4,-1,-1
40,15066,0,492,24,48,0.3691692,4,-1,-1
40,15067,87,406,91,56,0.3662349,4,-1,-1
41,15062,143,542,75,42,0.64372855,4,-1,-1
41,15060,1496,830,137,76,0.5909662,4,-1,-1
41,15042,1913,1013,201,106,0.5574244,4,-1,-1
41,15066,0,491,32,53,0.48083803,4,-1,-1
41,15063,315,447,124,62,0.45712003,4,-1,-1
41,15064,1509,539,101,61,0.41696936,6,-1,-1
41,15051,1439,561,69,51,0.4040266,4,-1,-1
41,15067,85,404,94,59,0.34135267,4,-1,-1
41,15068,1490,550,105,60,0.3800522,4,-1,-1
42,15042,1952,1021,199,105,0.74884194,4,-1,-1
42,15060,1525,840,143,75,0.6102176,4,-1,-1
42,15062,149,541,94,45,0.5325251,4,-1,-1
42,15067,85,406,94,57,0.49720958,4,-1,-1
42,15063,315,447,124,63,0.48579392,4,-1,-1
42,15066,0,491,29,54,0.4317215,4,-1,-1
42,15068,1512,546,103,63,0.4308222,4,-1,-1
42,15064,1528,538,100,60,0.3995993,6,-1,-1
42,15051,1446,558,68,49,0.30545038,4,-1,-1
43,15060,1552,845,141,74,0.79224676,4,-1,-1
43,15068,1528,535,113,66,0.6016859,4,-1,-1
43,15042,1986,1031,204,110,0.5731492,4,-1,-1
43,15062,158,544,81,45,0.5602254,4,-1,-1
43,15051,1456,556,84,53,0.5000324,4,-1,-1
43,15066,0,486,54,59,0.43923664,4,-1,-1
43,15063,316,442,124,69,0.41049844,4,-1,-1
44,15042,2023,1040,211,109,0.65835094,4,-1,-1
44,15060,1578,850,144,75,0.65233624,4,-1,-1
44,15066,1,489,56,57,0.5785899,4,-1,-1
44,15062,163,548,77,41,0.5668969,4,-1,-1
44,15068,1548,534,105,65,0.3912876,4,-1,-1
44,15051,1478,555,75,55,0.33668447,4,-1,-1
44,15069,1548,534,105,65,0.53483397,6,-1,-1
45,15066,2,489,56,61,0.56564635,4,-1,-1
45,15042,2062,1049,217,118,0.53637016,4,-1,-1
45,15060,1599,858,151,73,0.5124739,4,-1,-1
45,15069,1547,532,124,65,0.4463619,6,-1,-1
45,15068,1547,532,124,65,0.40218103,4,-1,-1
45,15062,165,548,81,47,0.3809005,4,-1,-1
45,15051,1483,556,77,54,0.30406684,4,-1,-1
45,15070,314,441,127,68,0.5122438,6,-1,-1
46,15060,1629,863,156,78,0.7884035,4,-1,-1
46,15042,2095,1059,215,114,0.7419275,4,-1,-1
46,15066,3,486,59,66,0.5883216,4,-1,-1
46,15070,311,440,130,72,0.5853739,6,-1,-1
46,15051,1500,553,81,55,0.52604085,4,-1,-1
46,15069,1569,531,114,66,0.50308394,6,-1,-1
46,15068,1569,531,114,66,0.42144287,4,-1,-1
47,15060,1660,869,153,78,0.7141074,4,-1,-1
47,15042,2131,1068,222,124,0.70980215,4,-1,-1
47,15070,313,441,125,70,0.60313684,6,-1,-1
47,15069,1586,531,111,68,0.5507429,6,-1,-1
47,15066,5,494,61,63,0.54674035,4,-1,-1
47,15071,192,551,100,56,0.35571286,4,-1,-1
48,15042,2173,1078,223,123,0.77309513,4,-1,-1
48,15060,1688,877,161,83,0.7116345,4,-1,-1
48,15069,1589,529,118,69,0.5209088,6,-1,-1
48,15066,3,494,68,66,0.48014173,4,-1,-1
48,15071,201,555,127,55,0.38342157,4,-1,-1
48,15070,317,441,118,70,0.3030294,6,-1,-1
48,15072,1589,529,118,69,0.40103868,4,-1,-1
49,15060,1721,887,159,80,0.752328,4,-1,-1
49,15042,2216,1090,222,122,0.7315296,4,-1,-1
49,15069,1611,529,110,65,0.5950243,6,-1,-1
49,15066,8,506,78,57,0.462919,4,-1,-1
49,15071,209,557,109,54,0.41330472,4,-1,-1
49,15072,1596,530,108,65,0.3261399,4,-1,-1
49,15073,321,447,111,62,0.60186917,4,-1,-1
49,15074,0,454,17,58,0.40215203,4,-1,-1
50,15042,2256,1098,232,125,0.7555894,4,-1,-1
50,15060,1753,896,161,84,0.65893567,4,-1,-1
50,15069,1628,527,111,65,0.63605744,6,-1,-1
50,15073,318,447,116,64,0.6319301,4,-1,-1
50,15066,17,506,75,59,0.58738935,4,-1,-1
50,15071,215,559,144,58,0.40283984,4,-1,-1
50,15074,0,451,13,61,0.3848169,4,-1,-1
51,15042,2299,1113,233,127,0.73492956,4,-1,-1
51,15060,1785,901,159,82,0.73078513,4,-1,-1
51,15073,320,446,109,66,0.69453585,4,-1,-1
51,15069,1638,523,109,67,0.5734726,6,-1,-1
51,15066,14,507,83,60,0.529546,4,-1,-1
51,15071,217,560,92,53,0.44368118,4,-1,-1
51,15074,0,448,10,64,0.30769873,4,-1,-1
52,15060,1821,910,161,81,0.75728637,4,-1,-1
52,15042,2341,1121,236,122,0.69331026,4,-1,-1
52,15066,30,512,78,57,0.6262299,4,-1,-1
52,15073,319,447,112,66,0.55336225,4,-1,-1
52,15069,1657,519,103,63,0.5272604,6,-1,-1
52,15071,226,566,82,49,0.32779202,4,-1,-1
53,15066,39,512,74,58,0.6910847,4,-1,-1
53,15042,2388,1132,249,129,0.68695295,4,-1,-1
53,15073,320,449,110,65,0.649431,4,-1,-1
53,15060,1853,915,167,88,0.56565225,4,-1,-1
53,15069,1666,517,93,64,0.50356025,6,-1,-1
53,15071,236,567,91,50,0.4121937,4,-1,-1
54,15060,1884,925,171,82,0.7473216,4,-1,-1
54,15073,320,446,111,68,0.6931618,4,-1,-1
54,15042,2427,1142,257,128,0.68176484,4,-1,-1
54,15069,1686,516,94,60,0.5770996,6,-1,-1
54,15066,42,514,75,60,0.52763516,4,-1,-1
55,15060,1922,931,170,84,0.70945495,4,-1,-1
55,15066,56,517,69,58,0.6456695,4,-1,-1
55,15073,317,445,114,68,0.59296876,4,-1,-1
55,15069,1701,512,98,66,0.5741258,6,-1,-1
55,15042,2468,1151,237,142,0.5710694,4,-1,-1
55,15075,260,575,83,49,0.46414,4,-1,-1
56,15060,1955,940,178,88,0.7057473,4,-1,-1
56,15066,56,517,77,62,0.604046,4,-1,-1
56,15069,1703,510,103,65,0.5502857,6,-1,-1
56,15042,2515,1161,186,151,0.5101902,4,-1,-1
56,15073,315,446,112,68,0.45373955,4,-1,-1
56,15075,258,572,93,57,0.3902431,4,-1,-1
56,15076,315,446,112,68,0.3414757,6,-1,-1
57,15060,1990,949,175,84,0.634507,4,-1,-1
57,15069,1721,510,102,64,0.58190316,6,-1,-1
57,15066,62,517,79,65,0.49949685,4,-1,-1
57,15073,315,446,112,68,0.46705383,4,-1,-1
57,15042,2576,1174,125,144,0.40338737,4,-1,-1
57,15075,264,580,89,50,0.30541375,4,-1,-1
58,15073,315,448,110,64,0.6886802,4,-1,-1
58,15060,2029,958,178,88,0.6606198,4,-1,-1
58,15069,1725,509,104,65,0.6227161,6,-1,-1
58,15066,72,523,80,63,0.5302707,4,-1,-1
58,15075,276,580,99,53,0.36194232,4,-1,-1
58,15077,1886,456,74,48,0.38012266,6,-1,-1
59,15060,2063,964,188,92,0.8258491,4,-1,-1
59,15066,78,527,79,60,0.6707774,4,-1,-1
59,15073,317,450,107,62,0.66229284,4,-1,-1
59,15069,1747,509,93,63,0.6474486,6,-1,-1
59,15078,2679,1179,18,169,0.3578537,4,-1,-1
60,15073,317,449,110,62,0.68757325,4,-1,-1
60,15060,2104,972,186,89,0.6493604,4,-1,-1
60,15066,84,527,79,60,0.5505609,4,-1,-1
60,15069,1750,508,99,59,0.5271754,6,-1,-1
61,15060,2140,981,195,96,0.7913466,4,-1,-1
61,15073,317,453,108,61,0.6915494,4,-1,-1
61,15066,95,529,74,59,0.67828476,4,-1,-1
61,15069,1765,509,100,58,0.59629357,6,-1,-1
62,15066,101,530,76,60,0.7701933,4,-1,-1
62,15060,2181,988,199,96,0.6599944,4,-1,-1
62,15073,317,448,104,63,0.63945025,4,-1,-1
62,15069,1767,505,103,60,0.45824534,6,-1,-1
62,15079,401,536,65,50,0.46790227,4,-1,-1
62,15080,305,586,80,53,0.30206817,4,-1,-1
63,15060,2222,996,203,102,0.75030017,4,-1,-1
63,15066,106,532,75,58,0.62614167,4,-1,-1
63,15073,318,451,104,62,0.5145237,4,-1,-1
63,15080,304,587,86,53,0.49486962,4,-1,-1
63,15081,71,406,88,53,0.35686722,4,-1,-1
63,15082,1796,498,88,57,0.32114607,4,-1,-1
64,15060,2265,1005,205,100,0.7907827,4,-1,-1
64,15066,114,532,78,60,0.72353864,4,-1,-1
64,15073,316,446,105,61,0.59049535,4,-1,-1
64,15082,1795,497,94,57,0.5113419,4,-1,-1
64,15081,72,404,84,54,0.34733132,4,-1,-1
64,15083,1852,453,97,52,0.33906758,4,-1,-1
65,15066,123,534,75,59,0.7782818,4,-1,-1
65,15060,2311,1015,205,103,0.7177308,4,-1,-1
65,15073,311,441,110,65,0.4970452,4,-1,-1
65,15082,1812,495,91,58,0.32752025,4,-1,-1
65,15084,1812,495,91,58,0.4527711,6,-1,-1
66,15060,2355,1026,209,99,0.66579384,4,-1,-1
66,15066,127,535,76,59,0.5906155,4,-1,-1
66,15082,1831,497,91,55,0.46046472,4,-1,-1
66,15073,312,440,110,67,0.44515663,4,-1,-1
66,15085,331,586,88,54,0.39495856,4,-1,-1
67,15060,2402,1036,220,107,0.72241104,4,-1,-1
67,15066,133,535,81,64,0.60169774,4,-1,-1
67,15073,310,441,112,64,0.56672835,4,-1,-1
68,15073,311,444,109,62,0.68765116,4,-1,-1
68,15060,2454,1050,217,97,0.6456898,4,-1,-1
68,15066,139,538,81,64,0.6126969,4,-1,-1
68,15086,1830,495,99,57,0.40823862,4,-1,-1
68,15087,335,518,71,57,0.37805146,4,-1,-1
69,15060,2505,1061,192,103,0.6268702,4,-1,-1
69,15073,311,444,109,62,0.6069135,4,-1,-1
69,15066,145,541,81,61,0.49975693,4,-1,-1
69,15086,1837,496,95,58,0.33672094,4,-1,-1
69,15088,1851,494,93,61,0.37226573,6,-1,-1
70,15066,156,546,77,61,0.5950924,4,-1,-1
70,15060,2556,1069,139,105,0.47548592,4,-1,-1
70,15073,307,444,113,64,0.4627027,4,-1,-1
70,15088,1856,493,91,62,0.33980763,6,-1,-1
70,15086,1856,493,91,62,0.3064955,4,-1,-1
70,15089,1842,448,104,72,0.3188744,6,-1,-1
71,15066,158,547,82,64,0.69529736,4,-1,-1
71,15073,299,444,116,65,0.46044976,4,-1,-1
71,15086,1830,452,106,63,0.39750355,4,-1,-1
71,15089,1830,452,106,63,0.3491303,6,-1,-1
71,15088,1875,489,91,67,0.30442947,6,-1,-1
71,15060,2605,1078,88,120,0.30304646,4,-1,-1
71,15090,1862,495,88,61,0.36881417,4,-1,-1
72,15066,163,550,79,64,0.7964,4,-1,-1
72,15088,1875,490,93,64,0.5101492,6,-1,-1
72,15073,311,447,105,63,0.39915964,4,-1,-1
72,15091,71,406,81,56,0.38103595,4,-1,-1
72,15092,1005,948,63,117,0.30955988,1,-1,-1
73,15066,171,554,75,61,0.67172724,4,-1,-1
73,15088,1879,491,94,62,0.42304724,6,-1,-1
73,15091,57,406,88,54,0.372663,4,-1,-1
73,15073,304,445,108,66,0.31846955,4,-1,-1
73,15093,1828,461,102,60,0.35914713,6,-1,-1
73,15094,280,515,65,50,0.3556036,4,-1,-1
73,15095,304,445,108,66,0.30088985,6,-1,-1
74,15066,176,558,77,60,0.5648017,4,-1,-1
74,15095,297,444,118,67,0.5336411,6,-1,-1
74,15093,1829,459,99,64,0.5170472,6,-1,-1
74,15088,1893,492,92,59,0.32594046,6,-1,-1
74,15091,68,406,84,57,0.31924,4,-1,-1
75,15066,181,558,78,63,0.72277987,4,-1,-1
75,15093,1829,459,96,63,0.47498062,6,-1,-1
75,15095,302,445,110,66,0.4289241,6,-1,-1
75,15091,76,407,74,57,0.36556345,4,-1,-1
75,15096,258,515,64,46,0.30488828,4,-1,-1
76,15096,245,512,69,49,0.59902686,4,-1,-1
76,15066,184,562,78,61,0.56463784,4,-1,-1
76,15093,1828,460,95,60,0.36399922,6,-1,-1
76,15095,300,446,112,66,0.3083705,6,-1,-1
76,15097,300,446,112,66,0.4392003,4,-1,-1
77,15095,294,443,118,68,0.76782936,6,-1,-1
77,15096,236,508,66,53,0.5185121,4,-1,-1
77,15066,190,567,79,61,0.5024719,4,-1,-1
77,15098,1811,459,109,54,0.3165869,4,-1,-1
77,15099,53,405,91,56,0.31359982,4,-1,-1
78,15066,196,570,80,60,0.5982372,4,-1,-1
78,15095,294,445,117,69,0.5125052,6,-1,-1
78,15096,230,508,62,53,0.3990921,4,-1,-1
78,15098,1813,458,104,57,0.38274705,4,-1,-1
78,15100,1947,494,82,53,0.38863093,4,-1,-1
78,15101,294,445,117,69,0.37514216,4,-1,-1
79,15066,200,570,83,61,0.77592504,4,-1,-1
79,15095,291,443,117,70,0.69462764,6,-1,-1
79,15096,216,502,61,51,0.34230527,4,-1,-1
79,15098,1809,464,108,57,0.3330502,4,-1,-1
79,15100,1948,498,83,47,0.32088888,4,-1,-1
79,15102,1822,461,103,63,0.35481346,6,-1,-1
80,15066,201,573,84,63,0.81821114,4,-1,-1
80,15096,205,507,61,52,0.48741403,4,-1,-1
80,15102,1808,463,105,59,0.45400536,6,-1,-1
80,15100,1962,496,89,49,0.34696755,4,-1,-1
80,15103,293,448,104,66,0.65809625,4,-1,-1
81,15066,203,579,82,65,0.65961516,4,-1,-1
81,15096,185,507,65,53,0.51135176,4,-1,-1
81,15100,1964,498,86,48,0.36156434,4,-1,-1
81,15104,280,444,111,69,0.5750489,6,-1,-1
81,15105,1785,463,114,63,0.46841374,4,-1,-1
82,15096,167,503,62,49,0.63419783,4,-1,-1
82,15066,203,583,80,62,0.46626288,4,-1,-1
82,15106,273,449,108,65,0.6854424,4,-1,-1
82,15107,1779,462,119,65,0.59179956,6,-1,-1
82,15108,202,585,86,66,0.32120377,5,-1,-1
83,15096,142,502,62,49,0.55409503,4,-1,-1
83,15066,185,585,85,69,0.55244136,4,-1,-1
83,15108,185,585,85,69,0.4005809,5,-1,-1
83,15109,257,445,106,70,0.56065947,6,-1,-1
83,15110,214,430,56,47,0.4616537,4,-1,-1
83,15111,1767,464,109,63,0.3144926,4,-1,-1
84,15096,101,500,66,51,0.6056978,4,-1,-1
84,15066,166,589,85,74,0.58458036,4,-1,-1
84,15111,1740,464,111,66,0.3199187,4,-1,-1
84,15112,226,446,115,73,0.6097197,4,-1,-1
84,15113,1740,464,111,66,0.38956097,6,-1,-1
85,15112,205,452,110,66,0.5546833,4,-1,-1
85,15096,63,511,64,46,0.49461645,4,-1,-1
85,15066,142,607,87,66,0.46820825,4,-1,-1
85,15113,1717,466,116,67,0.40083846,6,-1,-1
85,15111,1704,474,107,59,0.32286772,4,-1,-1
85,15114,1947,497,79,53,0.4424492,4,-1,-1
85,15115,148,437,63,40,0.37955937,4,-1,-1
85,15116,446,391,102,46,0.37465012,4,-1,-1
86,15066,128,612,91,65,0.57373685,4,-1,-1
86,15112,164,458,118,69,0.53812385,4,-1,-1
86,15096,25,516,64,44,0.49848843,4,-1,-1
86,15114,1924,500,83,52,0.43128806,4,-1,-1
86,15113,1694,468,116,67,0.41481525,6,-1,-1
87,15066,107,617,93,68,0.67730445,4,-1,-1
87,15114,1908,502,75,50,0.4541189,4,-1,-1
87,15096,1,513,50,47,0.44736093,4,-1,-1
87,15117,138,457,126,74,0.6399792,6,-1,-1
87,15118,1657,474,113,61,0.3824997,4,-1,-1
88,15066,95,621,91,68,0.50734156,4,-1,-1
88,15118,1634,473,117,59,0.35356957,4,-1,-1
88,15119,123,465,115,66,0.7325852,4,-1,-1
88,15120,1634,473,117,59,0.30638948,6,-1,-1
89,15066,86,629,94,64,0.44867042,4,-1,-1
89,15119,106,461,116,72,0.40409827,4,-1,-1
89,15118,1631,475,119,59,0.3757938,4,-1,-1
89,15121,106,461,116,72,0.32029787,6,-1,-1
90,15066,91,632,98,64,0.637422,4,-1,-1
90,15121,105,460,117,76,0.43169066,6,-1,-1
90,15118,1617,491,102,49,0.37268662,4,-1,-1
90,15122,105,460,117,76,0.33861428,5,-1,-1
91,15118,1616,492,101,50,0.3809193,4,-1,-1
91,15066,92,633,102,57,0.3159998,4,-1,-1
91,15123,102,458,119,75,0.5101765,4,-1,-1
92,15066,101,635,108,55,0.4228835,4,-1,-1
92,15123,98,459,124,74,0.36281985,4,-1,-1
92,15118,1611,488,110,57,0.33854088,4,-1,-1
92,15124,1897,502,94,48,0.30284685,4,-1,-1
93,15066,108,638,111,53,0.38258776,4,-1,-1
93,15123,98,459,122,76,0.35132307,4,-1,-1
93,15118,1599,491,99,51,0.3324234,4,-1,-1
93,15125,98,459,122,76,0.38186476,6,-1,-1
93,15126,1607,473,124,63,0.31355014,6,-1,-1
94,15123,96,460,121,74,0.5983892,4,-1,-1
94,15066,128,639,98,50,0.45804846,4,-1,-1
94,15126,1600,472,134,65,0.36474016,6,-1,-1
94,15118,1600,472,134,65,0.35451692,4,-1,-1
94,15127,825,1049,68,127,0.45205495,1,-1,-1
95,15123,94,460,123,73,0.48090148,4,-1,-1
95,15118,1589,490,115,56,0.37585512,4,-1,-1
95,15066,129,645,104,50,0.3453094,4,-1,-1
96,15118,1588,474,123,57,0.5013609,4,-1,-1
96,15123,92,461,127,72,0.4193405,4,-1,-1
96,15128,92,461,127,72,0.3148749,5,-1,-1
97,15123,93,461,124,74,0.51114565,4,-1,-1
97,15118,1581,474,127,62,0.46387362,4,-1,-1
97,15128,93,461,124,74,0.32793793,5,-1,-1
97,15129,824,1051,63,124,0.32295048,1,-1,-1
98,15123,93,464,126,71,0.5833225,4,-1,-1
98,15118,1577,478,131,70,0.4194835,4,-1,-1
99,15123,92,464,123,69,0.62237525,4,-1,-1
99,15118,1569,474,124,67,0.33600682,4,-1,-1
99,15130,1575,476,131,76,0.31456557,6,-1,-1
100,15123,89,464,129,69,0.551347,4,-1,-1
100,15130,1575,475,132,76,0.4442908,6,-1,-1
101,15123,89,462,126,72,0.441437,4,-1,-1
101,15131,1564,512,86,44,0.37257075,4,-1,-1
101,15132,1584,475,117,57,0.3582296,4,-1,-1
102,15132,1587,474,110,52,0.45307952,4,-1,-1
102,15131,1563,512,86,44,0.37215146,4,-1,-1
102,15123,80,461,127,74,0.30338666,4,-1,-1
102,15133,80,461,127,74,0.340998,5,-1,-1
103,15123,81,461,125,76,0.3971375,4,-1,-1
103,15132,1571,474,110,52,0.3647942,4,-1,-1
104,15132,1547,491,108,63,0.37462756,4,-1,-1
104,15123,91,462,122,74,0.3541832,4,-1,-1
104,15134,91,462,122,74,0.33903432,5,-1,-1
105,15123,81,462,125,74,0.42546943,4,-1,-1
105,15132,1528,483,114,65,0.3662034,4,-1,-1
105,15135,1166,1224,52,54,0.43304715,1,-1,-1
106,15123,82,461,123,75,0.4918214,4,-1,-1
106,15132,1519,482,128,67,0.41638142,4,-1,-1
107,15132,1516,482,133,73,0.415758,4,-1,-1
107,15123,81,462,126,73,0.31998944,4,-1,-1
108,15132,1513,474,131,63,0.40480012,4,-1,-1
108,15123,79,462,127,71,0.3278197,4,-1,-1
108,15136,79,462,127,71,0.31150326,5,-1,-1
109,15123,81,461,122,74,0.47695684,4,-1,-1
109,15137,1161,1230,50,56,0.5990428,1,-1,-1
109,15138,1498,483,134,76,0.379958,5,-1,-1
110,15137,1161,1236,49,46,0.580274,1,-1,-1
110,15138,1495,482,133,78,0.5794457,5,-1,-1
110,15123,82,461,118,74,0.41183558,4,-1,-1
110,15139,801,1065,66,129,0.3476535,1,-1,-1
110,15140,1701,484,64,41,0.31900755,4,-1,-1
110,15141,82,461,118,74,0.3183028,5,-1,-1
111,15123,81,462,119,73,0.50106096,4,-1,-1
111,15138,1490,482,138,78,0.49958336,5,-1,-1
112,15123,80,463,122,69,0.5361718,4,-1,-1
112,15138,1489,482,135,76,0.4677811,5,-1,-1
113,15123,74,462,131,71,0.43822563,4,-1,-1
113,15142,1471,485,135,71,0.36888173,4,-1,-1
114,15143,1463,484,143,82,0.49655837,5,-1,-1
115,15143,1450,487,144,80,0.5620677,5,-1,-1
115,15144,1161,1240,46,35,0.38837084,1,-1,-1
116,15143,1449,483,141,82,0.60300326,5,-1,-1
116,15145,787,1069,70,122,0.33772722,1,-1,-1
117,15143,1446,484,141,75,0.45481896,5,-1,-1
117,15146,73,459,132,75,0.386516,4,-1,-1
117,15147,1446,484,141,75,0.37529495,4,-1,-1
118,15147,1414,505,128,63,0.38531032,4,-1,-1
118,15143,1455,485,126,70,0.36626,5,-1,-1
118,15146,70,462,128,70,0.34905294,4,-1,-1
118,15148,1911,504,53,46,0.3686186,4,-1,-1
118,15149,1699,485,60,38,0.3265967,4,-1,-1
118,15150,781,1068,74,132,0.31605664,1,-1,-1
119,15147,1404,497,149,76,0.46256918,4,-1,-1
119,15146,57,459,125,75,0.3871342,4,-1,-1
120,15147,1384,503,143,66,0.3910037,4,-1,-1
121,15147,1387,493,129,66,0.35714698,4,-1,-1
121,15151,6,459,133,80,0.38291258,4,-1,-1
121,15152,733,1081,74,139,0.34241772,1,-1,-1
121,15153,1658,484,63,42,0.32179993,4,-1,-1
122,15147,1334,489,154,77,0.45028657,4,-1,-1
122,15151,3,458,106,80,0.433282,4,-1,-1
122,15153,1605,492,46,42,0.32792088,4,-1,-1
123,15151,1,455,100,84,0.53081894,4,-1,-1
123,15147,1318,491,151,73,0.3928972,4,-1,-1
123,15154,1631,483,65,38,0.32480893,4,-1,-1
124,15151,1,459,96,78,0.48221442,4,-1,-1
124,15154,1614,481,68,45,0.41051,4,-1,-1
124,15147,1315,489,143,77,0.37395895,4,-1,-1
124,15155,1298,493,151,83,0.3650145,5,-1,-1
125,15147,1324,490,133,68,0.52411306,4,-1,-1
125,15151,2,460,95,77,0.4197908,4,-1,-1
125,15154,1596,485,56,42,0.41943476,4,-1,-1
125,15156,2,460,95,77,0.3225339,6,-1,-1
126,15147,1294,496,153,82,0.43546644,4,-1,-1
126,15151,1,459,95,79,0.42694494,4,-1,-1
126,15154,1598,485,51,43,0.40645355,4,-1,-1
126,15157,1294,496,153,82,0.30848423,5,-1,-1
127,15147,1303,492,137,66,0.5775344,4,-1,-1
127,15151,0,460,94,78,0.4356823,4,-1,-1
127,15154,1596,490,48,47,0.38420966,4,-1,-1
128,15147,1307,494,122,60,0.511108,4,-1,-1
128,15151,2,462,92,78,0.4707281,4,-1,-1
128,15154,1582,486,54,41,0.37472606,4,-1,-1
128,15158,1268,539,83,48,0.43990573,4,-1,-1
128,15159,1723,498,57,46,0.42412078,4,-1,-1
128,15160,1312,505,120,74,0.39177603,5,-1,-1
128,15161,1319,937,152,58,0.3341381,4,-1,-1
128,15162,1319,937,152,58,0.32803982,5,-1,-1
129,15147,1317,498,103,48,0.5835012,4,-1,-1
129,15154,1581,494,52,43,0.54792017,4,-1,-1
129,15159,1723,500,54,45,0.48150027,4,-1,-1
129,15151,2,464,92,73,0.4680537,4,-1,-1
129,15158,1264,529,84,55,0.303586,4,-1,-1
129,15163,1075,1268,39,30,0.37113693,1,-1,-1
130,15163,1073,1267,38,35,0.5222938,1,-1,-1
130,15147,1290,496,119,54,0.44087565,4,-1,-1
130,15151,2,462,95,78,0.43169627,4,-1,-1
130,15154,1583,494,50,41,0.40411595,4,-1,-1
130,15158,1252,529,103,58,0.34844983,4,-1,-1
130,15164,1386,949,144,65,0.38269496,4,-1,-1
131,15147,1292,495,109,48,0.5743794,4,-1,-1
131,15154,1582,495,51,41,0.474225,4,-1,-1
131,15158,1293,529,102,57,0.45292875,4,-1,-1
131,15151,2,463,93,78,0.44966662,4,-1,-1
131,15164,1420,959,153,62,0.33998623,4,-1,-1
131,15165,1420,959,153,62,0.35862428,5,-1,-1
132,15147,1292,495,106,51,0.52261263,4,-1,-1
132,15154,1584,494,50,41,0.48121133,4,-1,-1
132,15151,2,462,93,79,0.44534072,4,-1,-1
132,15165,1451,965,169,72,0.36147118,5,-1,-1
132,15158,1295,526,99,58,0.3477649,4,-1,-1
132,15166,1233,535,71,51,0.39094338,4,-1,-1
133,15147,1270,491,113,49,0.42470273,4,-1,-1
133,15151,1,460,95,80,0.4066107,4,-1,-1
133,15166,1223,541,81,47,0.34070787,4,-1,-1
133,15167,1484,969,159,76,0.58418745,4,-1,-1
134,15167,1512,976,179,78,0.5150403,4,-1,-1
134,15147,1270,495,106,47,0.4364042,4,-1,-1
134,15151,2,460,95,81,0.3541412,4,-1,-1
134,15168,1073,1263,42,35,0.45183477,1,-1,-1
134,15169,1512,976,179,78,0.36613417,5,-1,-1
135,15151,2,460,90,79,0.4277101,4,-1,-1
135,15147,1247,494,120,55,0.4007046,4,-1,-1
135,15167,1554,986,175,76,0.40027067,4,-1,-1
135,15168,1072,1266,36,32,0.3277556,1,-1,-1
135,15170,1196,538,88,58,0.3539886,4,-1,-1
136,15167,1588,992,188,84,0.5416597,4,-1,-1
136,15151,0,460,77,80,0.40175998,4,-1,-1
136,15170,1185,551,79,52,0.37932903,4,-1,-1
136,15147,1252,522,98,65,0.33720893,4,-1,-1
137,15167,1617,998,188,92,0.6071762,4,-1,-1
137,15151,0,461,76,79,0.47686735,4,-1,-1
137,15171,1214,507,133,79,0.47333664,5,-1,-1
138,15167,1648,1003,201,97,0.5541914,4,-1,-1
138,15151,1,460,69,80,0.4203872,4,-1,-1
138,15171,1188,505,146,78,0.3859731,5,-1,-1
138,15172,1188,505,146,78,0.34678522,4,-1,-1
139,15167,1678,1007,194,98,0.5626668,4,-1,-1
139,15151,1,464,64,77,0.3952264,4,-1,-1
139,15171,1166,507,154,83,0.3875028,5,-1,-1
140,15167,1719,1021,192,97,0.6421656,4,-1,-1
140,15171,1168,508,138,75,0.41571215,5,-1,-1
140,15151,1,468,57,71,0.34119985,4,-1,-1
140,15173,1126,549,99,57,0.31318498,4,-1,-1
141,15167,1754,1025,200,103,0.55621326,4,-1,-1
141,15171,1152,509,132,75,0.41984892,5,-1,-1
141,15173,1108,549,97,58,0.3296102,4,-1,-1
142,15167,1779,1030,202,100,0.49114046,4,-1,-1
142,15171,1088,521,137,83,0.3678111,5,-1,-1
142,15174,1120,510,154,91,0.36310443,5,-1,-1
143,15167,1821,1043,199,100,0.6219479,4,-1,-1
143,15174,1069,509,177,95,0.41532537,5,-1,-1
143,15175,1559,488,47,34,0.35653844,4,-1,-1
143,15176,0,457,27,86,0.33336517,4,-1,-1
144,15167,1857,1049,208,100,0.6311792,4,-1,-1
144,15174,1068,508,181,96,0.45197058,5,-1,-1
144,15176,0,464,22,75,0.34403333,4,-1,-1
144,15177,1576,485,54,37,0.38791803,4,-1,-1
145,15167,1886,1060,209,102,0.518459,4,-1,-1
145,15177,1573,484,59,39,0.42051348,4,-1,-1
145,15174,1069,510,169,91,0.4183302,5,-1,-1
146,15167,1940,1070,208,100,0.5793356,4,-1,-1
146,15174,1047,509,175,95,0.43590835,5,-1,-1
146,15177,1574,485,56,38,0.3680466,4,-1,-1
146,15178,2666,976,35,110,0.36374754,4,-1,-1
147,15167,1980,1075,215,109,0.5840169,4,-1,-1
147,15178,2633,984,66,93,0.5050822,4,-1,-1
147,15174,1005,522,142,82,0.31565765,5,-1,-1
147,15179,1064,508,145,70,0.32230896,4,-1,-1
148,15167,2030,1088,211,106,0.76129013,4,-1,-1
148,15178,2590,982,110,93,0.571772,4,-1,-1
148,15179,1039,506,156,73,0.36522394,4,-1,-1
148,15174,990,518,169,93,0.31835672,5,-1,-1
148,15180,1572,482,57,39,0.44413242,4,-1,-1
149,15167,2068,1098,228,114,0.72179973,4,-1,-1
149,15178,2549,979,151,95,0.5331186,4,-1,-1
149,15179,1042,511,145,71,0.48147666,4,-1,-1
149,15174,1032,517,160,89,0.35672787,5,-1,-1
149,15181,996,562,100,60,0.44196948,4,-1,-1
150,15167,2119,1109,232,111,0.54749125,4,-1,-1
150,15178,2510,979,176,88,0.47997534,4,-1,-1
150,15179,1044,511,132,68,0.33132,4,-1,-1
150,15174,967,527,126,79,0.30903995,5,-1,-1
151,15167,2171,1122,226,111,0.7923551,4,-1,-1
151,15178,2464,974,189,83,0.5698584,4,-1,-1
151,15179,1024,509,141,66,0.35950476,4,-1,-1
151,15182,1200,938,166,103,0.3527694,4,-1,-1
152,15178,2431,972,181,83,0.571149,4,-1,-1
152,15167,2229,1131,224,110,0.55345356,4,-1,-1
152,15182,1227,946,164,99,0.33808535,4,-1,-1
152,15179,1027,512,125,65,0.33256015,4,-1,-1
153,15167,2278,1146,230,110,0.74677026,4,-1,-1
153,15178,2404,968,174,84,0.5462361,4,-1,-1
153,15183,981,936,177,109,0.54177636,4,-1,-1
154,15178,2365,961,170,86,0.62378013,4,-1,-1
154,15183,1006,937,182,113,0.56782544,4,-1,-1
154,15167,2330,1151,238,124,0.56758004,4,-1,-1
154,15184,1284,967,178,93,0.4070466,4,-1,-1
154,15185,934,577,105,54,0.3616298,4,-1,-1
155,15167,2379,1164,245,122,0.6574576,4,-1,-1
155,15178,2319,956,181,92,0.5711344,4,-1,-1
155,15183,1039,946,185,113,0.42045748,4,-1,-1
155,15184,1320,966,175,102,0.36130005,4,-1,-1
155,15186,1010,1262,50,51,0.5894001,1,-1,-1
155,15187,1039,946,185,113,0.32019204,5,-1,-1
156,15167,2442,1176,240,127,0.7241735,4,-1,-1
156,15186,1009,1257,50,61,0.5442084,1,-1,-1
156,15183,1067,947,182,118,0.5272254,4,-1,-1
156,15184,1348,976,182,102,0.5194575,4,-1,-1
156,15178,2284,951,180,88,0.51039916,4,-1,-1
156,15187,1067,947,182,118,0.49453282,5,-1,-1
156,15188,902,539,131,89,0.37609372,5,-1,-1
156,15189,936,527,185,100,0.34166834,5,-1,-1
157,15167,2497,1182,211,134,0.6072604,4,-1,-1
157,15178,2256,945,175,88,0.59481615,4,-1,-1
157,15184,1385,987,180,98,0.55632037,4,-1,-1
157,15187,1090,954,189,118,0.51323235,5,-1,-1
157,15183,1090,954,189,118,0.37715507,4,-1,-1
157,15190,899,582,97,57,0.3263263,4,-1,-1
158,15178,2217,939,175,90,0.60021275,4,-1,-1
158,15167,2553,1193,152,143,0.57004577,4,-1,-1
158,15183,1129,956,183,123,0.51344264,4,-1,-1
158,15187,1127,959,187,125,0.41421375,5,-1,-1
158,15184,1419,989,188,112,0.3830935,4,-1,-1
158,15191,883,529,211,103,0.41481206,5,-1,-1
159,15187,1161,964,195,127,0.7355606,5,-1,-1
159,15184,1447,1000,189,106,0.56978256,4,-1,-1
159,15178,2192,930,172,87,0.44723323,4,-1,-1
159,15191,888,528,201,106,0.31315395,5,-1,-1
160,15178,2159,930,164,80,0.6178466,4,-1,-1
160,15187,1196,972,187,125,0.6008427,5,-1,-1
160,15191,893,530,186,105,0.33372012,5,-1,-1
160,15184,1484,999,190,117,0.30659986,4,-1,-1
160,15192,1019,1263,57,50,0.3797864,1,-1,-1
160,15193,1196,972,187,125,0.3648481,4,-1,-1
160,15194,2680,1178,20,169,0.31255323,4,-1,-1
161,15184,1521,1010,196,118,0.5892174,4,-1,-1
161,15187,1232,979,190,132,0.5809028,5,-1,-1
161,15178,2123,923,164,87,0.5770654,4,-1,-1
161,15192,1021,1259,54,61,0.40001637,1,-1,-1
161,15191,865,533,200,106,0.37114522,5,-1,-1
161,15193,1232,979,190,132,0.31452522,4,-1,-1
162,15187,1267,986,196,137,0.6677058,5,-1,-1
162,15184,1546,1020,200,114,0.577248,4,-1,-1
162,15178,2095,917,163,88,0.56163245,4,-1,-1
162,15191,838,532,214,106,0.36042717,5,-1,-1
163,15184,1587,1031,199,118,0.6789348,4,-1,-1
163,15178,2054,916,169,88,0.49382108,4,-1,-1
163,15191,819,542,211,101,0.46001282,5,-1,-1
163,15195,1300,990,192,138,0.409343,4,-1,-1
164,15184,1625,1040,203,115,0.6703288,4,-1,-1
164,15178,2030,911,164,85,0.49313575,4,-1,-1
164,15191,812,536,222,105,0.45310977,5,-1,-1
164,15195,1335,1001,206,142,0.40080237,4,-1,-1
164,15196,1335,1001,206,142,0.38883388,5,-1,-1
165,15184,1667,1050,204,118,0.64482886,4,-1,-1
165,15178,1991,906,166,87,0.51868415,4,-1,-1
165,15195,1374,1006,207,147,0.3907739,4,-1,-1
165,15191,790,540,227,106,0.38591105,5,-1,-1
166,15184,1708,1059,211,119,0.61740047,4,-1,-1
166,15178,1967,900,164,86,0.49382097,4,-1,-1
166,15195,1413,1021,212,150,0.3810728,4,-1,-1
166,15197,1033,1254,50,72,0.37320158,1,-1,-1
166,15198,896,537,103,59,0.3316966,4,-1,-1
167,15184,1749,1068,213,124,0.5720372,4,-1,-1
167,15178,1928,896,166,86,0.38649943,4,-1,-1
167,15199,762,556,153,94,0.3996995,5,-1,-1
167,15200,802,545,203,105,0.3692674,5,-1,-1
168,15184,1788,1073,222,128,0.6882738,4,-1,-1
168,15178,1905,888,161,80,0.5319714,4,-1,-1
168,15200,749,549,227,106,0.50729567,5,-1,-1
168,15201,1041,1257,54,58,0.6144961,1,-1,-1
168,15202,349,591,96,69,0.3805411,5,-1,-1
169,15200,739,548,237,110,0.60341537,5,-1,-1
169,15184,1830,1079,226,126,0.58500844,4,-1,-1
169,15178,1885,884,152,80,0.4884951,4,-1,-1
169,15202,347,587,95,71,0.33522996,5,-1,-1
170,15184,1877,1093,221,125,0.6708725,4,-1,-1
170,15178,1850,886,146,71,0.57710916,4,-1,-1
170,15200,718,552,241,109,0.52572507,5,-1,-1
170,15202,351,587,91,71,0.3332442,5,-1,-1
170,15203,1052,1263,48,57,0.5001863,1,-1,-1
170,15204,1580,1058,222,153,0.41514748,4,-1,-1
170,15205,1580,1058,222,153,0.31043676,5,-1,-1
171,15203,1052,1259,54,62,0.65296507,1,-1,-1
171,15200,701,553,241,110,0.54611933,5,-1,-1
171,15184,1929,1098,233,130,0.3647111,4,-1,-1
171,15206,350,592,92,68,0.33308437,4,-1,-1
172,15200,687,552,248,118,0.4724919,5,-1,-1
172,15203,1060,1263,52,56,0.46020713,1,-1,-1
172,15207,1789,879,138,64,0.3909066,4,-1,-1
173,15200,677,559,237,107,0.5184932,5,-1,-1
173,15207,1765,877,139,63,0.4595742,4,-1,-1
173,15208,2014,1111,239,143,0.3464377,4,-1,-1
174,15200,656,560,243,119,0.4632732,5,-1,-1
174,15207,1744,870,135,66,0.3205897,4,-1,-1
174,15209,1065,1257,55,73,0.557539,1,-1,-1
175,15209,1068,1264,55,48,0.74620634,1,-1,-1
175,15200,659,562,236,115,0.32180348,5,-1,-1
175,15210,2111,1129,254,146,0.5167653,4,-1,-1
176,15210,2162,1144,245,142,0.45615122,4,-1,-1
176,15200,632,565,251,116,0.40315557,5,-1,-1
176,15209,1070,1260,54,55,0.39817032,1,-1,-1
176,15211,1772,508,38,33,0.3523991,4,-1,-1
177,15209,1069,1261,51,54,0.6910055,1,-1,-1
177,15200,607,564,259,119,0.54217905,5,-1,-1
177,15210,2206,1151,247,139,0.5276513,4,-1,-1
177,15211,1754,505,44,35,0.39776924,4,-1,-1
177,15212,1652,857,125,50,0.39899117,4,-1,-1
178,15200,586,568,258,120,0.44586796,5,-1,-1
178,15211,1755,506,42,35,0.38132772,4,-1,-1
178,15213,716,556,121,54,0.3114241,4,-1,-1
179,15211,1759,504,40,37,0.36081606,4,-1,-1
179,15200,567,571,257,117,0.30356705,5,-1,-1
179,15214,1077,1258,44,50,0.5640546,1,-1,-1
179,15215,2318,1174,262,141,0.34702978,4,-1,-1
180,15211,1754,499,44,36,0.30728078,4,-1,-1
180,15215,2368,1176,259,145,0.30506232,4,-1,-1
180,15216,1560,844,134,42,0.3651234,4,-1,-1
180,15217,548,566,278,123,0.32163188,9,-1,-1
180,15218,1559,484,51,33,0.31876555,4,-1,-1
180,15219,2070,1160,256,167,0.30067626,4,-1,-1
181,15211,1768,492,50,42,0.42167592,4,-1,-1
181,15216,1537,824,135,45,0.3868511,4,-1,-1
181,15218,1555,477,52,37,0.37315953,4,-1,-1
181,15215,2426,1183,265,155,0.3621306,4,-1,-1
181,15220,532,557,272,125,0.49734023,5,-1,-1
182,15220,511,549,280,124,0.5955113,5,-1,-1
182,15211,1757,482,47,38,0.3980404,4,-1,-1
183,15220,490,542,282,126,0.621036,5,-1,-1
183,15221,1464,803,155,39,0.35193744,4,-1,-1
183,15222,1510,463,61,40,0.31832072,4,-1,-1
184,15220,470,533,280,128,0.5179315,5,-1,-1
184,15221,1431,792,171,43,0.31496805,4,-1,-1
185,15220,450,536,274,124,0.48554897,5,-1,-1
185,15223,1544,432,70,48,0.5464905,4,-1,-1
186,15220,430,523,295,134,0.5277621,5,-1,-1
186,15223,1523,435,68,40,0.3962888,4,-1,-1
187,15223,1542,429,73,48,0.5185037,4,-1,-1
187,15220,397,529,299,126,0.35795456,5,-1,-1
188,15223,1546,431,70,43,0.47496104,4,-1,-1
188,15220,381,535,286,132,0.40674034,5,-1,-1
189,15220,361,529,310,142,0.536993,5,-1,-1
189,15223,1541,431,78,42,0.3277856,4,-1,-1
190,15220,328,532,308,145,0.5143847,5,-1,-1
191,15220,314,531,323,152,0.56414413,5,-1,-1
191,15224,1522,432,82,40,0.306894,4,-1,-1
192,15220,291,534,323,150,0.46922156,5,-1,-1
192,15224,1520,431,76,43,0.38859615,4,-1,-1
192,15225,2310,848,248,137,0.36791953,5,-1,-1
193,15220,266,531,329,156,0.49447045,5,-1,-1
193,15224,1521,430,79,45,0.3893335,4,-1,-1
193,15225,2288,844,246,127,0.35818517,5,-1,-1
194,15220,231,542,334,155,0.5290967,5,-1,-1
194,15225,2251,840,242,131,0.5221665,5,-1,-1
195,15225,2229,835,240,133,0.5761795,5,-1,-1
195,15220,199,543,352,161,0.3634495,5,-1,-1
195,15226,1522,430,78,43,0.36754286,4,-1,-1
196,15220,173,546,349,162,0.3302764,5,-1,-1
196,15226,1524,433,70,41,0.3260751,4,-1,-1
197,15220,151,547,354,161,0.43391365,5,-1,-1
197,15226,1523,431,75,41,0.34125158,4,-1,-1
197,15227,2188,830,228,134,0.40126306,5,-1,-1
198,15227,2152,824,224,128,0.4695767,5,-1,-1
198,15226,1525,433,67,41,0.36368737,4,-1,-1
199,15227,2127,820,229,131,0.5154201,5,-1,-1
199,15226,1525,434,66,39,0.31571254,4,-1,-1
199,15228,83,567,365,154,0.34742987,6,-1,-1
200,15227,2106,822,223,125,0.6375722,5,-1,-1
200,15228,58,574,373,147,0.30978885,6,-1,-1
200,15229,62,581,197,89,0.33237618,4,-1,-1
201,15227,2082,819,226,127,0.65652305,5,-1,-1
201,15228,30,571,387,154,0.31100166,6,-1,-1
201,15230,1508,434,69,40,0.31787932,4,-1,-1
202,15227,2050,818,219,121,0.58367836,5,-1,-1
202,15230,1525,432,72,42,0.33894035,4,-1,-1
203,15227,2023,812,225,122,0.53393066,5,-1,-1
203,15230,1509,435,66,40,0.37600425,4,-1,-1
204,15227,2004,811,217,111,0.61149436,5,-1,-1
204,15230,1513,437,56,37,0.45950457,4,-1,-1
204,15231,1145,890,151,78,0.45805266,4,-1,-1
204,15232,1234,910,59,67,0.3071459,1,-1,-1
205,15227,1979,807,217,117,0.5803609,5,-1,-1
205,15231,1163,901,168,75,0.4491451,4,-1,-1
205,15230,1514,437,55,33,0.30023274,4,-1,-1
206,15227,1951,806,210,110,0.6295715,5,-1,-1
206,15231,1204,906,164,79,0.6112415,4,-1,-1
207,15227,1925,801,212,112,0.6077099,5,-1,-1
207,15231,1225,908,174,87,0.5480621,4,-1,-1
207,15233,977,902,151,83,0.7053319,4,-1,-1
207,15234,1069,1192,52,64,0.51664597,1,-1,-1
208,15231,1259,918,181,85,0.6454503,4,-1,-1
208,15233,998,904,162,90,0.58348405,4,-1,-1
208,15234,1070,1191,52,55,0.56152886,1,-1,-1
208,15235,1896,796,218,113,0.6140372,6,-1,-1
208,15236,4,590,191,87,0.32906958,4,-1,-1
209,15231,1295,927,182,84,0.679427,4,-1,-1
209,15234,1069,1194,53,49,0.6556905,1,-1,-1
209,15235,1879,792,210,105,0.6148543,6,-1,-1
209,15233,1034,913,153,80,0.5697674,4,-1,-1
209,15236,-4,598,169,103,0.31196988,4,-1,-1
209,15237,-7,606,174,118,0.35665545,5,-1,-1
210,15235,1850,787,220,114,0.6122463,6,-1,-1
210,15233,1061,916,161,88,0.60804,4,-1,-1
210,15234,1068,1193,55,53,0.52362007,1,-1,-1
210,15237,-8,604,161,119,0.5037872,5,-1,-1
210,15231,1336,933,184,92,0.48796254,4,-1,-1
210,15236,-5,600,154,108,0.30585244,4,-1,-1
210,15238,347,534,97,56,0.32138097,4,-1,-1
211,15233,1097,925,155,82,0.7513643,4,-1,-1
211,15231,1370,941,181,89,0.64990515,4,-1,-1
211,15235,1816,786,220,109,0.6438414,6,-1,-1
211,15234,1069,1193,54,60,0.5838747,1,-1,-1
211,15237,-2,607,116,119,0.52710295,5,-1,-1
211,15236,-1,601,114,109,0.32071507,4,-1,-1
212,15233,1127,931,154,82,0.6917014,4,-1,-1
212,15235,1796,784,212,106,0.6410767,6,-1,-1
212,15231,1409,949,188,91,0.539955,4,-1,-1
213,15231,1445,957,197,99,0.7360507,4,-1,-1
213,15233,1156,933,164,92,0.54814106,4,-1,-1
213,15235,1770,777,214,110,0.43121338,6,-1,-1
213,15239,0,610,56,128,0.40189755,5,-1,-1
213,15240,1770,777,214,110,0.36659935,5,-1,-1
214,15231,1485,964,200,101,0.72686183,4,-1,-1
214,15233,1186,939,169,92,0.6168522,4,-1,-1
214,15240,1747,774,216,112,0.36458173,5,-1,-1
214,15235,1749,769,213,110,0.32181862,6,-1,-1
214,15241,1066,1184,56,69,0.51886475,1,-1,-1
214,15242,2671,880,22,93,0.3071963,4,-1,-1
215,15231,1523,976,209,102,0.743235,4,-1,-1
215,15233,1223,947,162,91,0.7267759,4,-1,-1
215,15240,1728,765,212,111,0.5234644,5,-1,-1
215,15242,2632,879,63,88,0.45051885,4,-1,-1
215,15241,1065,1188,54,56,0.35358492,1,-1,-1
216,15231,1565,982,212,104,0.7261828,4,-1,-1
216,15242,2597,879,103,84,0.5840331,4,-1,-1
216,15233,1257,954,169,96,0.5615207,4,-1,-1
216,15241,1065,1187,50,58,0.46133423,1,-1,-1
216,15240,1705,764,214,109,0.45472834,5,-1,-1
216,15243,1696,766,209,103,0.329252,4,-1,-1
217,15233,1293,965,163,91,0.7361943,4,-1,-1
217,15231,1611,992,207,104,0.661105,4,-1,-1
217,15242,2576,877,123,86,0.5200948,4,-1,-1
217,15241,1066,1186,46,59,0.44399947,1,-1,-1
217,15244,1686,759,212,109,0.34202737,6,-1,-1
218,15231,1650,1001,214,107,0.6732608,4,-1,-1
218,15233,1327,968,170,97,0.5746413,4,-1,-1
218,15242,2537,874,169,86,0.56473094,4,-1,-1
218,15241,1065,1189,47,54,0.34463796,1,-1,-1
218,15245,1668,751,205,107,0.31013256,4,-1,-1
219,15233,1362,979,181,102,0.74919003,4,-1,-1
219,15231,1702,1011,215,113,0.59606344,4,-1,-1
219,15242,2504,868,191,83,0.5577211,4,-1,-1
219,15241,1064,1188,50,55,0.39314452,1,-1,-1
219,15246,1639,754,218,112,0.35882628,6,-1,-1
220,15231,1745,1020,217,115,0.66444653,4,-1,-1
220,15242,2472,870,187,73,0.54211533,4,-1,-1
220,15233,1401,984,180,106,0.51084286,4,-1,-1
220,15246,1624,747,207,110,0.41438395,6,-1,-1
221,15231,1791,1032,218,114,0.7574164,4,-1,-1
221,15242,2447,863,182,73,0.7144325,4,-1,-1
221,15233,1433,1000,184,102,0.6444029,4,-1,-1
221,15246,1586,745,207,108,0.49486914,6,-1,-1
221,15247,1063,1184,51,65,0.51242465,1,-1,-1
222,15247,1062,1185,54,65,0.6912279,1,-1,-1
222,15231,1837,1045,222,108,0.6724784,4,-1,-1
222,15242,2420,857,184,79,0.61446416,4,-1,-1
222,15233,1475,1006,181,103,0.5962258,4,-1,-1
222,15246,1561,742,214,104,0.5722484,6,-1,-1
223,15247,1061,1183,57,71,0.7170739,1,-1,-1
223,15231,1886,1056,234,116,0.7120139,4,-1,-1
223,15233,1514,1019,188,107,0.6514165,4,-1,-1
223,15246,1541,739,211,106,0.6311378,6,-1,-1
223,15242,2396,854,189,81,0.46775135,4,-1,-1
223,15248,2687,992,13,116,0.30228704,4,-1,-1
224,15231,1934,1065,232,112,0.6883455,4,-1,-1
224,15242,2359,848,187,82,0.545413,4,-1,-1
224,15233,1556,1025,189,108,0.5440146,4,-1,-1
224,15246,1521,740,206,101,0.5220229,6,-1,-1
224,15247,1062,1184,53,66,0.44365767,1,-1,-1
224,15249,2640,1016,59,114,0.5058292,4,-1,-1
225,15231,1989,1078,238,118,0.74382675,4,-1,-1
225,15233,1598,1039,193,110,0.6216121,4,-1,-1
225,15242,2336,845,180,79,0.5716754,4,-1,-1
225,15246,1502,741,202,98,0.54985565,6,-1,-1
225,15249,2591,1014,108,106,0.5221303,4,-1,-1
226,15231,2038,1087,240,126,0.69319135,4,-1,-1
226,15249,2542,1005,161,99,0.65297854,4,-1,-1
226,15242,2307,843,175,71,0.63613504,4,-1,-1
226,15233,1644,1043,203,115,0.5087697,4,-1,-1
226,15246,1480,738,201,101,0.4504799,6,-1,-1
227,15231,2095,1101,244,117,0.8067973,4,-1,-1
227,15233,1688,1057,205,116,0.7612863,4,-1,-1
227,15249,2497,998,208,104,0.71237445,4,-1,-1
227,15242,2282,841,171,71,0.6731484,4,-1,-1
227,15246,1464,732,191,100,0.35988882,6,-1,-1
228,15231,2150,1112,255,126,0.69663453,4,-1,-1
228,15233,1738,1064,201,116,0.6640638,4,-1,-1
228,15249,2446,984,226,106,0.5929503,4,-1,-1
228,15242,2253,836,180,76,0.5065204,4,-1,-1
229,15233,1782,1080,204,116,0.78993523,4,-1,-1
229,15249,2404,977,218,110,0.66090834,4,-1,-1
229,15231,2202,1122,257,123,0.6045207,4,-1,-1
229,15242,2216,828,182,78,0.5382615,4,-1,-1
229,15250,1424,727,191,99,0.5099772,6,-1,-1
229,15251,1515,438,46,36,0.42027348,4,-1,-1
230,15231,2261,1139,265,125,0.7767813,4,-1,-1
230,15233,1836,1089,205,121,0.6421653,4,-1,-1
230,15242,2192,827,177,75,0.6179468,4,-1,-1
230,15249,2359,970,222,108,0.5409007,4,-1,-1
230,15250,1403,726,192,96,0.48895228,6,-1,-1
230,15251,1515,437,48,38,0.45757484,4,-1,-1
231,15233,1884,1103,208,116,0.764968,4,-1,-1
231,15231,2325,1148,261,132,0.6655429,4,-1,-1
231,15249,2308,965,215,100,0.5840169,4,-1,-1
231,15242,2171,824,170,77,0.53285784,4,-1,-1
231,15251,1514,435,47,38,0.5044098,4,-1,-1
231,15252,2679,897,24,96,0.4034513,4,-1,-1
232,15233,1938,1115,212,118,0.71873236,4,-1,-1
232,15231,2381,1161,276,131,0.71528536,4,-1,-1
232,15249,2265,955,213,101,0.6222324,4,-1,-1
232,15242,2139,820,169,73,0.61661065,4,-1,-1
232,15251,1514,433,51,41,0.5071993,4,-1,-1
232,15252,2645,896,53,95,0.38972843,4,-1,-1
233,15233,1987,1125,215,120,0.75849986,4,-1,-1
233,15242,2117,817,161,72,0.6072061,4,-1,-1
233,15252,2630,901,69,81,0.5920445,4,-1,-1
233,15249,2223,946,209,97,0.58540314,4,-1,-1
233,15251,1515,430,50,40,0.4642779,4,-1,-1
233,15231,2435,1177,257,132,0.37842852,4,-1,-1
234,15233,2039,1139,225,124,0.79425,4,-1,-1
234,15249,2186,942,201,96,0.6978432,4,-1,-1
234,15252,2593,900,108,81,0.6555746,4,-1,-1
234,15242,2093,817,159,70,0.498511,4,-1,-1
234,15231,2508,1187,198,141,0.48418757,4,-1,-1
234,15251,1517,430,50,39,0.46416557,4,-1,-1
235,15249,2145,934,198,99,0.6908921,4,-1,-1
235,15233,2098,1152,233,127,0.6619133,4,-1,-1
235,15252,2554,898,150,86,0.53073627,4,-1,-1
235,15242,2064,812,153,67,0.5121753,4,-1,-1
235,15251,1513,429,57,41,0.41590905,4,-1,-1
235,15231,2579,1199,123,164,0.38642934,4,-1,-1
236,15233,2149,1161,236,129,0.69227296,4,-1,-1
236,15242,2040,808,151,68,0.6639001,4,-1,-1
236,15249,2103,928,199,92,0.531579,4,-1,-1
236,15252,2532,895,174,89,0.49180916,4,-1,-1
236,15251,1513,428,56,42,0.4582315,4,-1,-1
236,15231,2642,1197,58,175,0.36915028,4,-1,-1
237,15233,2212,1175,236,132,0.707055,4,-1,-1
237,15242,2018,804,149,68,0.70693576,4,-1,-1
237,15249,2065,921,193,94,0.6549795,4,-1,-1
237,15252,2487,889,199,85,0.43928534,4,-1,-1
237,15251,1509,429,58,40,0.42201874,4,-1,-1
238,15242,1996,804,144,65,0.66451234,4,-1,-1
238,15252,2461,886,197,82,0.60889953,4,-1,-1
238,15233,2270,1190,248,137,0.59323263,4,-1,-1
238,15249,2026,915,188,94,0.59017754,4,-1,-1
238,15251,1508,429,59,40,0.40121174,4,-1,-1
239,15233,2335,1202,248,135,0.66233957,4,-1,-1
239,15249,1993,907,189,90,0.61244446,4,-1,-1
239,15252,2438,882,190,81,0.6077548,4,-1,-1
239,15242,1970,799,149,65,0.53031975,4,-1,-1
240,15233,2388,1216,269,140,0.74586064,4,-1,-1
240,15252,2405,878,191,85,0.6876465,4,-1,-1
240,15249,1952,897,192,98,0.67112684,4,-1,-1
240,15242,1948,798,151,66,0.50321996,4,-1,-1
240,15253,0,598,61,60,0.3144462,4,-1,-1
241,15252,2382,877,183,84,0.70111454,4,-1,-1
241,15233,2460,1228,240,144,0.6976258,4,-1,-1
241,15249,1915,894,186,91,0.6333027,4,-1,-1
241,15242,1929,792,144,66,0.4579402,4,-1,-1
241,15253,-1,603,65,59,0.3492878,4,-1,-1
242,15242,1901,792,136,62,0.55051005,4,-1,-1
242,15249,1879,888,183,86,0.53455377,4,-1,-1
242,15252,2354,874,186,85,0.50901765,4,-1,-1
242,15233,2535,1235,167,150,0.504998,4,-1,-1
243,15242,1875,787,137,64,0.6807274,4,-1,-1
243,15252,2320,868,186,84,0.56349343,4,-1,-1
243,15249,1851,881,172,92,0.55399865,4,-1,-1
243,15233,2599,1249,99,164,0.45603475,4,-1,-1
243,15254,1052,1193,53,47,0.31151065,1,-1,-1
244,15252,2297,865,183,83,0.6859379,4,-1,-1
244,15242,1858,782,132,63,0.62117136,4,-1,-1
244,15249,1811,873,175,94,0.569312,4,-1,-1
244,15233,2675,1243,20,166,0.31215015,4,-1,-1
245,15252,2271,861,185,83,0.62467563,4,-1,-1
245,15249,1774,866,168,86,0.5595121,4,-1,-1
245,15242,1837,778,132,66,0.5565287,4,-1,-1
245,15255,1774,866,168,86,0.41645023,5,-1,-1
246,15252,2238,856,187,83,0.6114194,4,-1,-1
246,15249,1746,862,169,86,0.5158468,4,-1,-1
246,15242,1814,770,130,66,0.50725675,4,-1,-1
247,15252,2212,853,181,87,0.6244026,4,-1,-1
247,15242,1796,767,125,65,0.61309075,4,-1,-1
247,15249,1707,854,172,86,0.52188754,4,-1,-1
247,15256,1707,854,172,86,0.39858702,5,-1,-1
248,15242,1775,763,119,65,0.5833342,4,-1,-1
248,15252,2193,848,174,81,0.5709014,4,-1,-1
248,15249,1674,851,165,78,0.4767338,4,-1,-1
249,15242,1750,757,122,66,0.5891743,4,-1,-1
249,15249,1646,844,162,82,0.583723,4,-1,-1
249,15252,2170,845,173,82,0.5759907,4,-1,-1
249,15257,1646,844,162,82,0.44315416,5,-1,-1
250,15252,2140,843,165,79,0.71349365,4,-1,-1
250,15257,1609,837,162,84,0.5951917,5,-1,-1
250,15242,1722,755,134,66,0.5013646,4,-1,-1
250,15249,1609,837,162,84,0.38186178,4,-1,-1
251,15252,2117,841,162,80,0.70679945,4,-1,-1
251,15249,1580,830,163,86,0.48413762,4,-1,-1
251,15242,1700,750,133,66,0.46385664,4,-1,-1
252,15252,2090,837,166,78,0.7052118,4,-1,-1
252,15249,1548,825,157,82,0.6960383,4,-1,-1
252,15242,1682,750,128,63,0.5371206,4,-1,-1
253,15242,1663,749,129,63,0.64471406,4,-1,-1
253,15249,1522,823,150,79,0.6083781,4,-1,-1
253,15252,2067,837,164,79,0.57093066,4,-1,-1
254,15249,1484,819,154,73,0.64611226,4,-1,-1
254,15252,2038,838,163,71,0.51404023,4,-1,-1
254,15242,1651,745,115,64,0.3935654,4,-1,-1
254,15258,1057,1197,40,31,0.3012577,1,-1,-1
255,15249,1460,814,149,77,0.51708794,4,-1,-1
255,15252,2015,836,164,73,0.4713341,4,-1,-1
255,15258,1050,1192,57,69,0.40086904,1,-1,-1
256,15249,1423,811,153,70,0.588972,4,-1,-1
256,15252,1997,833,152,72,0.51640534,4,-1,-1
256,15258,1055,1201,44,34,0.30258918,1,-1,-1
256,15259,1615,738,108,65,0.33981562,4,-1,-1
257,15249,1401,812,143,63,0.6326506,4,-1,-1
257,15252,1969,838,156,71,0.5127944,4,-1,-1
258,15252,1945,833,158,68,0.5924274,4,-1,-1
258,15249,1367,812,147,64,0.43934688,4,-1,-1
259,15252,1928,833,146,67,0.552783,4,-1,-1
259,15249,1343,807,138,63,0.5156685,4,-1,-1
259,15260,1514,446,47,32,0.303205,4,-1,-1
260,15252,1898,830,146,69,0.5597175,4,-1,-1
260,15260,1514,443,50,35,0.3835968,4,-1,-1
260,15261,1509,739,142,61,0.39103287,4,-1,-1
261,15252,1876,828,145,65,0.59581524,4,-1,-1
261,15261,1491,739,144,60,0.42859527,4,-1,-1
261,15260,1513,443,52,36,0.37104818,4,-1,-1
262,15252,1856,823,143,67,0.56073356,4,-1,-1
262,15260,1495,444,56,39,0.44268978,4,-1,-1
263,15252,1828,819,147,70,0.54709005,4,-1,-1
264,15252,1804,812,145,70,0.46834123,4,-1,-1
265,15252,1780,810,148,67,0.5468453,4,-1,-1
265,15262,85,553,98,51,0.3386185,4,-1,-1
