2,12474,1294,504,278,110,0.36596757,6,-1,-1
3,12474,1299,502,277,118,0.39032003,6,-1,-1
4,12474,1325,504,254,110,0.32508653,6,-1,-1
5,12474,1326,501,259,112,0.36556315,6,-1,-1
6,12474,1337,502,269,106,0.30030122,6,-1,-1
7,12474,1349,504,256,102,0.34656417,6,-1,-1
11,12475,2679,1230,15,192,0.41307303,1,-1,-1
12,12476,546,619,238,104,0.30688775,6,-1,-1
13,12476,575,615,229,104,0.31939003,6,-1,-1
14,12476,601,612,223,102,0.33720362,6,-1,-1
17,12477,689,598,209,103,0.50808084,6,-1,-1
18,12477,712,594,206,106,0.547622,6,-1,-1
19,12477,739,590,206,106,0.523154,6,-1,-1
20,12477,782,591,194,101,0.4263834,6,-1,-1
21,12477,822,581,194,103,0.5165332,6,-1,-1
22,12477,863,576,198,108,0.5009655,6,-1,-1
23,12477,916,575,178,104,0.4470591,6,-1,-1
23,12478,1209,876,137,92,0.5491485,4,-1,-1
23,12479,916,575,178,104,0.40566865,4,-1,-1
24,12478,1249,882,145,90,0.6180756,4,-1,-1
24,12477,963,574,172,99,0.47881085,6,-1,-1
24,12479,963,574,172,99,0.36297795,4,-1,-1
25,12477,1011,576,157,91,0.52106565,6,-1,-1
25,12478,1282,886,144,90,0.4256599,4,-1,-1
26,12478,1323,894,149,89,0.5260601,4,-1,-1
26,12477,1057,565,153,91,0.41267133,6,-1,-1
26,12480,1092,566,124,83,0.30343282,4,-1,-1
27,12478,1381,904,139,82,0.69432235,4,-1,-1
27,12480,1107,567,137,87,0.45111424,4,-1,-1
27,12477,1107,567,137,87,0.32626903,6,-1,-1
28,12478,1423,915,149,86,0.6084475,4,-1,-1
28,12477,1120,566,165,88,0.57934135,6,-1,-1
29,12478,1463,920,160,91,0.74090886,4,-1,-1
29,12481,1174,567,142,83,0.50795287,4,-1,-1
30,12478,1510,927,158,89,0.5511964,4,-1,-1
30,12482,1199,561,165,88,0.5695079,6,-1,-1
31,12478,1560,940,160,85,0.66257423,4,-1,-1
31,12482,1249,558,156,89,0.6059307,6,-1,-1
32,12478,1604,947,165,88,0.64524806,4,-1,-1
32,12482,1282,557,169,89,0.49973837,6,-1,-1
33,12478,1652,957,164,91,0.6512674,4,-1,-1
33,12482,1329,558,132,86,0.46744546,6,-1,-1
33,12483,1390,549,86,69,0.41474846,4,-1,-1
33,12484,1329,558,132,86,0.39631343,4,-1,-1
33,12485,1317,1075,49,70,0.38828138,1,-1,-1
34,12478,1692,966,174,94,0.6342273,4,-1,-1
34,12484,1364,555,137,86,0.48535073,4,-1,-1
35,12478,1728,967,179,101,0.56462526,4,-1,-1
35,12484,1385,558,139,80,0.43198115,4,-1,-1
36,12478,1764,973,180,106,0.7389695,4,-1,-1
36,12484,1394,549,132,84,0.40793917,4,-1,-1
37,12478,1789,981,188,106,0.7052113,4,-1,-1
37,12484,1434,547,118,80,0.5140223,4,-1,-1
37,12486,1398,804,114,80,0.6308166,4,-1,-1
37,12487,37,482,60,31,0.37537715,4,-1,-1
37,12488,114,530,75,40,0.32492515,4,-1,-1
38,12478,1824,988,191,110,0.6533821,4,-1,-1
38,12486,1418,812,121,79,0.5441598,4,-1,-1
38,12484,1438,544,127,78,0.5266925,4,-1,-1
39,12478,1855,998,190,108,0.62882346,4,-1,-1
39,12486,1439,816,128,82,0.58026147,4,-1,-1
39,12484,1449,543,137,77,0.5374313,4,-1,-1
40,12486,1471,824,129,81,0.66629916,4,-1,-1
40,12478,1892,1005,188,107,0.6595146,4,-1,-1
40,12484,1475,542,127,72,0.45168805,4,-1,-1
41,12478,1915,1010,199,114,0.62329537,4,-1,-1
41,12486,1496,834,135,78,0.5336093,4,-1,-1
41,12484,1499,541,114,72,0.44503024,4,-1,-1
41,12489,139,548,81,32,0.34652105,4,-1,-1
42,12478,1954,1019,197,111,0.8132302,4,-1,-1
42,12486,1522,841,132,75,0.6657199,4,-1,-1
42,12489,145,546,78,37,0.5014167,4,-1,-1
42,12484,1529,532,99,70,0.41244003,4,-1,-1
42,12490,7,476,50,43,0.36371565,4,-1,-1
42,12491,1529,532,99,70,0.3454382,6,-1,-1
43,12478,1988,1030,199,111,0.6429839,4,-1,-1
43,12486,1550,846,137,77,0.6187566,4,-1,-1
43,12484,1534,529,101,73,0.5652485,4,-1,-1
44,12478,2023,1038,209,113,0.68166894,4,-1,-1
44,12486,1574,847,143,83,0.6189181,4,-1,-1
44,12492,1544,529,114,75,0.52898407,6,-1,-1
44,12493,157,549,83,38,0.41310623,4,-1,-1
44,12494,0,490,51,52,0.32208267,4,-1,-1
45,12486,1598,856,148,81,0.6293058,4,-1,-1
45,12478,2059,1050,207,113,0.5523168,4,-1,-1
45,12494,1,489,48,57,0.304986,4,-1,-1
45,12495,1551,532,111,64,0.45806187,4,-1,-1
46,12478,2097,1058,209,114,0.8364727,4,-1,-1
46,12486,1628,863,155,83,0.7684943,4,-1,-1
46,12494,4,487,48,62,0.4209065,4,-1,-1
46,12495,1573,528,108,71,0.36632493,4,-1,-1
46,12496,1573,528,108,71,0.45052806,6,-1,-1
46,12497,317,444,113,60,0.36348477,6,-1,-1
47,12478,2134,1068,215,123,0.78875923,4,-1,-1
47,12496,1583,529,115,71,0.5666071,6,-1,-1
47,12486,1661,871,148,79,0.5578604,4,-1,-1
47,12497,320,446,109,58,0.49656114,6,-1,-1
47,12494,5,496,51,57,0.344212,4,-1,-1
47,12498,184,556,75,44,0.52248937,4,-1,-1
48,12478,2173,1079,217,122,0.85060465,4,-1,-1
48,12486,1691,878,150,82,0.6171007,4,-1,-1
48,12496,1585,530,120,69,0.5706923,6,-1,-1
48,12498,195,560,90,46,0.3873625,4,-1,-1
48,12497,320,445,108,58,0.36216852,6,-1,-1
48,12494,8,497,55,58,0.30360535,4,-1,-1
49,12486,1718,886,159,80,0.8562478,4,-1,-1
49,12478,2217,1088,217,123,0.7762313,4,-1,-1
49,12496,1610,527,110,67,0.5483903,6,-1,-1
49,12498,201,563,85,43,0.42376235,4,-1,-1
49,12497,319,449,109,57,0.38801026,6,-1,-1
49,12499,218,557,135,53,0.41075304,4,-1,-1
49,12500,0,457,13,52,0.36554006,4,-1,-1
50,12478,2257,1099,228,125,0.85582376,4,-1,-1
50,12486,1749,894,164,86,0.5711308,4,-1,-1
50,12496,1626,527,114,64,0.5410555,6,-1,-1
50,12498,206,567,84,42,0.35348275,4,-1,-1
50,12500,0,457,10,51,0.3170961,4,-1,-1
50,12501,17,510,71,49,0.3914152,4,-1,-1
50,12502,317,449,110,59,0.3559817,4,-1,-1
51,12478,2297,1110,230,128,0.8509652,4,-1,-1
51,12486,1783,900,162,81,0.71474475,4,-1,-1
51,12502,317,450,108,59,0.5124549,4,-1,-1
51,12496,1635,526,110,67,0.46740723,6,-1,-1
51,12498,218,565,80,44,0.45992717,4,-1,-1
51,12501,21,510,73,51,0.3886836,4,-1,-1
52,12478,2341,1123,231,119,0.82697505,4,-1,-1
52,12486,1816,909,165,82,0.80891716,4,-1,-1
52,12498,225,570,77,40,0.4761304,4,-1,-1
52,12496,1658,528,99,58,0.46930766,6,-1,-1
52,12501,28,516,77,47,0.44596037,4,-1,-1
53,12478,2382,1133,239,124,0.78182274,4,-1,-1
53,12501,37,516,71,46,0.57272667,4,-1,-1
53,12486,1847,917,166,81,0.5138972,4,-1,-1
53,12498,233,572,77,39,0.47463393,4,-1,-1
53,12496,1664,528,101,57,0.3505371,6,-1,-1
54,12486,1883,926,172,82,0.800924,4,-1,-1
54,12478,2428,1143,250,124,0.7025444,4,-1,-1
54,12496,1681,518,99,58,0.42371136,6,-1,-1
54,12501,44,518,70,48,0.41832384,4,-1,-1
55,12486,1920,931,169,87,0.6790206,4,-1,-1
55,12478,2476,1153,223,128,0.58474404,4,-1,-1
55,12501,54,523,69,44,0.5033763,4,-1,-1
55,12496,1684,514,102,67,0.48535562,6,-1,-1
55,12503,255,580,73,38,0.4056122,4,-1,-1
55,12504,319,452,102,57,0.4008426,6,-1,-1
56,12486,1952,937,180,91,0.65944016,4,-1,-1
56,12478,2520,1163,177,127,0.61529016,4,-1,-1
56,12501,55,522,74,50,0.59992564,4,-1,-1
56,12504,317,451,102,57,0.38325736,6,-1,-1
57,12486,1987,944,181,91,0.73290783,4,-1,-1
57,12501,62,524,76,50,0.5859448,4,-1,-1
57,12478,2568,1178,127,129,0.3861251,4,-1,-1
57,12505,1701,514,113,60,0.42882764,6,-1,-1
58,12486,2029,955,177,91,0.7070951,4,-1,-1
58,12505,1720,508,112,67,0.65688777,6,-1,-1
58,12501,72,528,77,50,0.49060535,4,-1,-1
58,12506,276,583,71,40,0.4948571,4,-1,-1
59,12486,2063,964,187,92,0.90490246,4,-1,-1
59,12501,78,531,75,50,0.69103456,4,-1,-1
59,12505,1740,510,102,62,0.57004434,6,-1,-1
59,12507,319,454,99,56,0.45121527,4,-1,-1
60,12501,84,530,76,51,0.65332013,4,-1,-1
60,12486,2104,971,183,92,0.6423615,4,-1,-1
60,12507,317,454,101,54,0.60560364,4,-1,-1
60,12505,1750,509,100,61,0.5622737,6,-1,-1
61,12486,2140,982,195,96,0.88848615,4,-1,-1
61,12501,95,533,70,49,0.6100673,4,-1,-1
61,12507,318,457,99,52,0.56201464,4,-1,-1
61,12505,1762,513,102,54,0.49367926,6,-1,-1
62,12501,101,532,72,55,0.8213774,4,-1,-1
62,12486,2182,990,194,95,0.741063,4,-1,-1
62,12505,1767,506,101,60,0.57767475,6,-1,-1
62,12508,314,452,104,57,0.4732724,6,-1,-1
62,12509,402,540,60,42,0.35220304,4,-1,-1
63,12486,2224,997,198,98,0.83945864,4,-1,-1
63,12501,106,533,74,52,0.5792307,4,-1,-1
63,12510,314,454,106,54,0.36594525,5,-1,-1
64,12486,2265,1006,200,97,0.85007447,4,-1,-1
64,12501,115,534,74,52,0.5949211,4,-1,-1
64,12510,315,449,101,52,0.3503853,5,-1,-1
65,12486,2310,1014,205,102,0.74047154,4,-1,-1
65,12501,123,536,72,51,0.6998924,4,-1,-1
66,12486,2355,1024,207,100,0.79079705,4,-1,-1
66,12501,129,539,72,50,0.5276807,4,-1,-1
67,12486,2403,1036,218,106,0.80043954,4,-1,-1
67,12501,133,540,78,54,0.51109946,4,-1,-1
68,12486,2455,1049,215,100,0.81462693,4,-1,-1
68,12501,141,543,73,52,0.6507986,4,-1,-1
69,12486,2503,1058,193,107,0.8364538,4,-1,-1
69,12501,146,543,76,54,0.546834,4,-1,-1
70,12486,2557,1074,137,108,0.570605,4,-1,-1
70,12501,149,551,74,51,0.5292953,4,-1,-1
70,12511,304,446,105,56,0.34318006,5,-1,-1
71,12501,158,551,77,55,0.6418868,4,-1,-1
71,12486,2609,1084,85,109,0.6212715,4,-1,-1
71,12511,304,446,105,58,0.49093705,5,-1,-1
72,12501,164,554,74,54,0.7605892,4,-1,-1
72,12511,305,451,102,52,0.41442654,5,-1,-1
72,12486,2678,1088,12,132,0.31116048,4,-1,-1
73,12501,171,556,71,55,0.7602969,4,-1,-1
74,12501,171,558,76,58,0.59036773,4,-1,-1
74,12512,301,448,108,58,0.5850338,5,-1,-1
75,12501,182,559,74,58,0.7767331,4,-1,-1
75,12512,305,450,102,55,0.53943914,5,-1,-1
76,12501,184,563,76,57,0.6252872,4,-1,-1
76,12512,304,452,101,53,0.32821724,5,-1,-1
76,12513,248,513,65,44,0.5028259,4,-1,-1
77,12501,190,568,75,57,0.5614326,4,-1,-1
77,12513,238,511,60,47,0.5171002,4,-1,-1
77,12514,299,453,106,52,0.51805615,6,-1,-1
78,12501,190,572,79,56,0.5808172,4,-1,-1
78,12515,298,452,109,55,0.33464083,4,-1,-1
78,12516,298,452,109,55,0.31015766,5,-1,-1
79,12501,199,573,81,58,0.77026784,4,-1,-1
79,12515,293,450,111,59,0.46479094,4,-1,-1
80,12501,202,575,77,58,0.83501554,4,-1,-1
80,12515,292,451,106,58,0.40768385,4,-1,-1
81,12501,202,580,79,60,0.71592546,4,-1,-1
81,12517,188,506,58,44,0.44956762,4,-1,-1
82,12517,167,504,59,44,0.58587885,4,-1,-1
82,12501,201,581,77,64,0.5197162,4,-1,-1
82,12518,271,452,104,57,0.3028733,4,-1,-1
83,12501,187,587,79,66,0.6954437,4,-1,-1
83,12517,138,503,56,46,0.4725134,4,-1,-1
83,12518,254,450,107,61,0.32335672,4,-1,-1
83,12519,254,450,107,61,0.5365163,6,-1,-1
84,12501,169,592,78,69,0.52186847,4,-1,-1
84,12517,103,503,60,45,0.4849813,4,-1,-1
85,12501,144,601,80,67,0.5325938,4,-1,-1
85,12517,63,511,62,45,0.3584075,4,-1,-1
85,12520,203,457,96,56,0.38026232,4,-1,-1
85,12521,1715,469,117,66,0.3771024,4,-1,-1
86,12501,124,613,82,62,0.41085935,4,-1,-1
87,12501,110,618,83,66,0.57832247,4,-1,-1
87,12522,1656,471,113,70,0.31958884,4,-1,-1
88,12501,99,624,78,63,0.4596007,4,-1,-1
89,12501,89,630,85,60,0.47257867,4,-1,-1
90,12501,90,632,96,62,0.38682693,4,-1,-1
94,12523,827,1047,60,132,0.3686326,1,-1,-1
97,12524,1577,477,134,77,0.3078641,4,-1,-1
98,12524,1574,475,133,84,0.4004259,4,-1,-1
99,12524,1574,476,135,83,0.36319917,4,-1,-1
104,12525,1530,487,111,70,0.32555228,4,-1,-1
107,12526,1510,479,143,85,0.32864594,4,-1,-1
108,12526,1495,483,137,79,0.30614632,4,-1,-1
109,12526,1497,484,131,82,0.43639603,4,-1,-1
110,12526,1495,482,132,84,0.452309,4,-1,-1
112,12527,1496,486,127,78,0.3291017,6,-1,-1
113,12527,1471,483,132,81,0.36530778,6,-1,-1
114,12528,1456,486,136,82,0.358756,4,-1,-1
115,12528,1452,484,142,85,0.4935186,4,-1,-1
116,12528,1447,481,140,87,0.36616787,4,-1,-1
117,12529,1441,480,147,86,0.37572134,6,-1,-1
118,12530,784,1076,56,127,0.49441954,1,-1,-1
119,12530,768,1075,67,130,0.38911766,1,-1,-1
119,12531,1407,491,146,86,0.40945265,4,-1,-1
120,12531,1421,476,107,57,0.31535354,4,-1,-1
120,12532,1384,496,105,56,0.31520164,4,-1,-1
120,12533,1424,501,110,71,0.31079024,4,-1,-1
121,12533,1393,489,118,73,0.42638877,4,-1,-1
122,12533,1340,484,143,84,0.3511337,4,-1,-1
123,12533,1319,489,152,92,0.36392385,4,-1,-1
124,12533,1303,485,141,78,0.36251497,4,-1,-1
124,12534,698,1083,69,147,0.39896396,1,-1,-1
125,12534,698,1084,68,142,0.5140579,1,-1,-1
125,12533,1338,486,113,62,0.3535951,4,-1,-1
126,12534,696,1090,65,130,0.6060618,1,-1,-1
126,12533,1306,487,132,74,0.3711709,4,-1,-1
127,12534,699,1096,63,127,0.5178632,1,-1,-1
127,12533,1312,487,120,62,0.46990392,4,-1,-1
128,12534,698,1095,66,124,0.589935,1,-1,-1
128,12533,1319,490,96,56,0.39894316,4,-1,-1
128,12535,1279,537,60,48,0.36997813,4,-1,-1
128,12536,1328,523,84,63,0.3293867,4,-1,-1
129,12533,1323,496,87,45,0.52779263,4,-1,-1
129,12534,698,1101,56,113,0.44844833,1,-1,-1
129,12535,1269,530,66,58,0.30618796,4,-1,-1
129,12537,1581,506,52,33,0.3200026,4,-1,-1
130,12535,1254,535,72,54,0.49617368,4,-1,-1
130,12533,1301,492,99,52,0.39995447,4,-1,-1
130,12537,1585,504,49,35,0.3868321,4,-1,-1
130,12534,687,1097,62,120,0.35452965,1,-1,-1
130,12538,1388,945,141,79,0.44192946,4,-1,-1
131,12538,1425,960,146,66,0.6648535,4,-1,-1
131,12533,1299,493,94,45,0.4466716,4,-1,-1
131,12535,1245,530,70,55,0.3545985,4,-1,-1
131,12537,1584,505,49,33,0.33990043,4,-1,-1
131,12539,1304,531,81,55,0.3952967,4,-1,-1
132,12538,1452,963,163,79,0.5727864,4,-1,-1
132,12539,1292,528,84,59,0.4270119,4,-1,-1
132,12535,1236,538,66,53,0.3839499,4,-1,-1
132,12533,1299,494,88,45,0.35250044,4,-1,-1
132,12537,1586,506,46,32,0.32475847,4,-1,-1
133,12538,1486,970,152,80,0.6293943,4,-1,-1
133,12533,1287,492,87,45,0.34051806,4,-1,-1
133,12537,1588,507,41,32,0.3153017,4,-1,-1
133,12539,1289,527,79,60,0.30215737,4,-1,-1
133,12540,689,1099,59,117,0.40085346,1,-1,-1
134,12540,698,1100,58,112,0.4789141,1,-1,-1
134,12538,1517,976,163,83,0.38347033,4,-1,-1
134,12541,1517,976,163,83,0.44032016,5,-1,-1
134,12542,1700,739,67,76,0.4164363,4,-1,-1
135,12538,1547,984,168,81,0.5968015,4,-1,-1
135,12542,1698,741,70,76,0.40320203,4,-1,-1
135,12540,700,1101,57,115,0.38057408,1,-1,-1
136,12538,1582,989,177,89,0.6870115,4,-1,-1
137,12538,1615,999,181,89,0.53887093,4,-1,-1
137,12543,687,1103,56,110,0.34563014,1,-1,-1
138,12538,1635,1005,194,90,0.5816599,4,-1,-1
139,12538,1677,1010,182,94,0.635044,4,-1,-1
139,12544,1142,505,168,99,0.3345309,6,-1,-1
140,12538,1719,1021,184,93,0.69697475,4,-1,-1
141,12538,1748,1028,189,96,0.6453489,4,-1,-1
141,12545,662,1095,61,126,0.3171889,1,-1,-1
142,12538,1782,1032,187,98,0.5882313,4,-1,-1
142,12545,655,1094,64,130,0.43524566,1,-1,-1
142,12546,1091,524,94,79,0.32970452,5,-1,-1
143,12538,1820,1042,194,98,0.7191405,4,-1,-1
144,12538,1852,1052,196,93,0.63260084,4,-1,-1
145,12538,1892,1060,198,99,0.7076197,4,-1,-1
146,12538,1935,1068,199,101,0.71291083,4,-1,-1
147,12538,1982,1079,206,101,0.595536,4,-1,-1
147,12547,1012,519,113,91,0.32892793,5,-1,-1
148,12538,2029,1090,208,102,0.83519953,4,-1,-1
148,12547,1000,523,97,87,0.3793371,5,-1,-1
148,12548,2587,991,109,85,0.48034135,4,-1,-1
148,12549,1003,538,89,82,0.3761778,4,-1,-1
148,12550,1089,503,99,72,0.34113085,4,-1,-1
149,12538,2077,1100,209,105,0.8105954,4,-1,-1
149,12549,991,558,85,63,0.58107656,4,-1,-1
149,12548,2552,989,146,82,0.5290886,4,-1,-1
149,12547,1050,517,129,91,0.37427875,5,-1,-1
149,12550,1050,517,129,91,0.3475936,4,-1,-1
150,12548,2511,984,175,82,0.70673174,4,-1,-1
150,12538,2126,1114,215,113,0.3611501,4,-1,-1
150,12551,2127,1110,212,110,0.36763194,5,-1,-1
151,12538,2179,1121,213,109,0.7645144,4,-1,-1
151,12548,2470,982,176,79,0.5442353,4,-1,-1
151,12552,1205,937,156,107,0.66776097,4,-1,-1
152,12548,2439,977,165,79,0.6686257,4,-1,-1
152,12538,2231,1135,219,104,0.61748827,4,-1,-1
152,12552,1229,944,167,112,0.4697635,4,-1,-1
153,12548,2398,971,166,78,0.7119352,4,-1,-1
153,12538,2283,1145,219,111,0.6647652,4,-1,-1
153,12552,1260,966,168,94,0.51742995,4,-1,-1
153,12553,985,934,169,116,0.6343761,4,-1,-1
154,12553,1007,932,181,124,0.6401817,4,-1,-1
154,12548,2360,967,160,80,0.5672742,4,-1,-1
154,12552,1286,970,172,93,0.5479475,4,-1,-1
154,12538,2334,1154,227,120,0.47760096,4,-1,-1
155,12538,2384,1163,235,121,0.78107864,4,-1,-1
155,12548,2322,960,167,85,0.6306436,4,-1,-1
155,12553,1038,939,184,125,0.60421854,4,-1,-1
155,12552,1320,970,174,106,0.43232048,4,-1,-1
155,12554,1009,1264,51,44,0.3519361,1,-1,-1
156,12538,2445,1178,235,122,0.8170702,4,-1,-1
156,12553,1066,945,185,122,0.7876677,4,-1,-1
156,12552,1348,976,180,105,0.64714235,4,-1,-1
156,12548,2288,956,161,78,0.6404783,4,-1,-1
156,12554,1006,1263,54,50,0.46915197,1,-1,-1
157,12548,2251,949,162,82,0.65246356,4,-1,-1
157,12538,2500,1188,198,121,0.640225,4,-1,-1
157,12553,1096,945,196,137,0.5388761,4,-1,-1
157,12552,1382,982,182,107,0.4299067,4,-1,-1
157,12555,634,1102,68,120,0.30087858,1,-1,-1
158,12548,2218,945,161,84,0.6167987,4,-1,-1
158,12553,1129,950,189,134,0.61553156,4,-1,-1
158,12538,2557,1200,141,128,0.5586734,4,-1,-1
158,12556,883,525,210,111,0.3971657,5,-1,-1
159,12553,1164,961,197,134,0.759732,4,-1,-1
159,12548,2177,936,169,86,0.5793471,4,-1,-1
160,12553,1199,967,205,135,0.54302436,4,-1,-1
160,12548,2145,932,162,80,0.4986256,4,-1,-1
161,12548,2122,928,153,81,0.66815174,4,-1,-1
161,12553,1228,971,200,145,0.5187639,4,-1,-1
161,12557,641,1108,61,111,0.36426818,1,-1,-1
161,12558,1499,1007,209,125,0.33071366,4,-1,-1
162,12553,1266,980,202,144,0.641296,4,-1,-1
162,12548,2097,921,154,82,0.34260428,4,-1,-1
162,12557,641,1104,64,120,0.3304812,1,-1,-1
163,12548,2055,919,164,86,0.50687736,4,-1,-1
163,12553,1305,984,208,146,0.45213515,4,-1,-1
163,12557,653,1106,62,116,0.31057844,1,-1,-1
163,12559,1578,1024,217,131,0.5720769,4,-1,-1
164,12559,1619,1031,218,131,0.5310602,4,-1,-1
164,12553,1330,1000,212,146,0.4964517,4,-1,-1
164,12548,2032,912,161,82,0.36764142,4,-1,-1
164,12560,794,530,229,117,0.31602758,5,-1,-1
165,12559,1662,1043,216,129,0.5993923,4,-1,-1
165,12553,1373,1011,211,154,0.48641002,4,-1,-1
165,12548,1994,906,161,84,0.41461352,4,-1,-1
165,12560,786,531,235,120,0.41133878,5,-1,-1
165,12561,655,1108,62,110,0.30492228,1,-1,-1
166,12559,1704,1053,217,129,0.6771276,4,-1,-1
166,12548,1973,901,151,83,0.5636701,4,-1,-1
166,12553,1408,1021,219,153,0.561745,4,-1,-1
166,12561,656,1106,61,115,0.3164097,1,-1,-1
167,12559,1747,1064,218,128,0.5689321,4,-1,-1
167,12548,1936,898,150,80,0.47846532,4,-1,-1
167,12553,1452,1024,213,153,0.32622787,4,-1,-1
168,12559,1790,1072,214,127,0.7098338,4,-1,-1
168,12548,1910,890,147,81,0.5568372,4,-1,-1
168,12562,747,542,230,117,0.54271984,5,-1,-1
169,12559,1833,1081,219,125,0.6523049,4,-1,-1
169,12562,736,542,236,121,0.64334273,5,-1,-1
169,12548,1880,885,136,79,0.48855293,4,-1,-1
169,12563,1532,1049,222,162,0.31416735,4,-1,-1
170,12559,1879,1089,218,131,0.72901565,4,-1,-1
170,12562,718,544,238,120,0.7163056,5,-1,-1
170,12548,1854,885,135,77,0.5392915,4,-1,-1
170,12563,1574,1058,228,159,0.4284631,4,-1,-1
171,12562,701,547,242,123,0.6753934,5,-1,-1
171,12559,1922,1101,218,121,0.3963652,4,-1,-1
171,12548,1835,887,121,65,0.303659,4,-1,-1
172,12562,675,549,254,121,0.47963747,5,-1,-1
173,12562,674,556,236,122,0.32372698,5,-1,-1
174,12562,655,555,245,126,0.3892731,5,-1,-1
175,12562,644,559,251,123,0.39317146,5,-1,-1
176,12562,621,558,260,128,0.48730314,5,-1,-1
177,12562,603,559,264,130,0.47223327,5,-1,-1
177,12564,1647,855,119,63,0.30094016,4,-1,-1
178,12562,576,562,277,131,0.34617493,5,-1,-1
179,12562,569,563,272,131,0.48959276,5,-1,-1
180,12565,2067,1156,262,171,0.51161855,6,-1,-1
181,12565,2119,1155,272,178,0.40413052,6,-1,-1
181,12566,535,554,266,132,0.6218489,5,-1,-1
181,12567,2429,1187,253,140,0.5905786,4,-1,-1
182,12566,513,542,272,137,0.609579,5,-1,-1
183,12566,496,536,271,132,0.7150543,5,-1,-1
183,12568,2228,1157,274,180,0.45699462,6,-1,-1
184,12566,470,526,278,132,0.60847354,5,-1,-1
185,12566,459,524,279,136,0.54948485,5,-1,-1
186,12566,438,519,279,142,0.59455657,5,-1,-1
186,12569,2479,860,214,161,0.37767985,6,-1,-1
187,12566,416,527,282,139,0.4658879,5,-1,-1
187,12569,2456,855,240,151,0.42513946,6,-1,-1
188,12566,391,526,293,144,0.6150647,5,-1,-1
188,12569,2408,846,270,162,0.31543106,6,-1,-1
189,12566,367,525,299,148,0.45893928,5,-1,-1
189,12569,2384,850,266,155,0.31029007,6,-1,-1
190,12566,344,524,301,153,0.6810108,5,-1,-1
191,12566,322,529,303,152,0.69305193,5,-1,-1
192,12566,298,531,309,153,0.6890106,5,-1,-1
192,12570,2312,848,239,137,0.47938168,5,-1,-1
193,12566,273,534,319,154,0.5824386,5,-1,-1
194,12566,245,536,330,154,0.44201884,5,-1,-1
195,12566,205,543,338,155,0.47666997,5,-1,-1
195,12571,2224,835,240,129,0.35186708,6,-1,-1
196,12566,180,546,340,159,0.5229908,5,-1,-1
197,12566,164,548,332,157,0.51037663,5,-1,-1
197,12572,164,548,332,157,0.39677158,4,-1,-1
198,12572,135,550,343,160,0.53841215,4,-1,-1
198,12566,135,550,343,160,0.3538409,5,-1,-1
199,12572,105,551,354,163,0.44627035,4,-1,-1
200,12572,68,564,357,156,0.43260485,4,-1,-1
200,12573,2102,817,223,128,0.6058794,5,-1,-1
200,12574,68,564,357,156,0.36128652,5,-1,-1
201,12574,36,566,369,160,0.53208756,5,-1,-1
201,12573,2072,813,223,130,0.36621884,5,-1,-1
202,12573,2048,809,219,132,0.41324103,5,-1,-1
202,12574,12,568,371,163,0.38421762,5,-1,-1
202,12575,12,568,371,163,0.3437834,4,-1,-1
203,12574,5,572,345,163,0.3877363,5,-1,-1
203,12575,5,572,345,163,0.31150198,4,-1,-1
204,12574,5,579,312,162,0.35990164,5,-1,-1
204,12575,5,579,312,162,0.3393513,4,-1,-1
204,12576,1999,810,219,110,0.34409055,6,-1,-1
205,12576,1965,802,220,122,0.6323539,6,-1,-1
205,12574,5,581,296,163,0.43536675,5,-1,-1
205,12577,1164,894,162,91,0.41684753,4,-1,-1
206,12576,1941,800,219,116,0.6394565,6,-1,-1
206,12574,7,583,257,156,0.47569698,5,-1,-1
206,12577,1210,903,154,92,0.3907007,4,-1,-1
207,12577,1226,911,171,95,0.43122637,4,-1,-1
207,12576,1917,799,218,112,0.39887592,6,-1,-1
207,12574,6,584,228,161,0.38733348,5,-1,-1
208,12577,1261,918,174,90,0.5946422,4,-1,-1
208,12574,2,586,196,162,0.37875122,5,-1,-1
208,12578,1003,898,154,97,0.5570914,4,-1,-1
209,12574,1,589,176,158,0.67828465,5,-1,-1
209,12578,1034,908,154,85,0.5899797,4,-1,-1
209,12577,1298,928,176,86,0.5598971,4,-1,-1
209,12579,1864,793,216,100,0.33703825,6,-1,-1
210,12574,1,591,145,153,0.73648787,5,-1,-1
210,12579,1842,790,215,103,0.5441759,6,-1,-1
210,12578,1060,914,162,88,0.5396846,4,-1,-1
210,12577,1338,933,179,93,0.44945836,4,-1,-1
211,12579,1817,785,214,112,0.79892236,6,-1,-1
211,12574,-1,595,115,148,0.69580674,5,-1,-1
211,12577,1367,941,179,91,0.69361,4,-1,-1
211,12578,1094,921,158,84,0.6077958,4,-1,-1
212,12579,1794,777,209,122,0.8525514,6,-1,-1
212,12578,1122,926,159,86,0.7454664,4,-1,-1
212,12577,1410,948,182,94,0.55604166,4,-1,-1
212,12574,0,595,78,153,0.49024788,5,-1,-1
213,12577,1448,957,189,98,0.8117941,4,-1,-1
213,12579,1775,776,202,111,0.72540385,6,-1,-1
213,12578,1157,930,158,89,0.51841056,4,-1,-1
213,12574,-1,601,55,169,0.4977573,5,-1,-1
213,12580,2687,882,11,84,0.30089667,4,-1,-1
214,12578,1182,938,169,95,0.6966579,4,-1,-1
214,12577,1488,967,191,98,0.6811891,4,-1,-1
214,12579,1748,766,213,115,0.67816514,6,-1,-1
215,12577,1524,973,201,104,0.7609234,4,-1,-1
215,12578,1221,945,164,94,0.7063383,4,-1,-1
215,12579,1731,764,203,111,0.49014923,6,-1,-1
215,12581,2635,897,54,60,0.38992167,4,-1,-1
216,12577,1564,981,204,107,0.7948646,4,-1,-1
216,12581,2600,892,91,64,0.62529755,4,-1,-1
216,12578,1250,954,168,95,0.5405333,4,-1,-1
216,12579,1707,760,205,110,0.47075546,6,-1,-1
217,12578,1291,966,164,90,0.77582747,4,-1,-1
217,12577,1609,991,204,107,0.7595779,4,-1,-1
217,12579,1693,761,195,102,0.59866613,6,-1,-1
217,12581,2568,889,123,62,0.49937338,4,-1,-1
218,12577,1648,999,215,111,0.7615115,4,-1,-1
218,12578,1324,972,172,99,0.5157425,4,-1,-1
218,12581,2543,883,151,68,0.45500076,4,-1,-1
218,12579,1656,750,203,108,0.33228692,6,-1,-1
218,12582,1656,750,203,108,0.33421084,4,-1,-1
219,12578,1361,981,179,101,0.6769385,4,-1,-1
219,12577,1694,1008,214,115,0.6167121,4,-1,-1
219,12579,1626,749,214,109,0.508108,6,-1,-1
219,12581,2510,872,175,75,0.5061205,4,-1,-1
220,12577,1733,1019,220,113,0.6218989,4,-1,-1
220,12581,2480,870,172,70,0.5458512,4,-1,-1
220,12578,1404,986,174,103,0.47278798,4,-1,-1
220,12579,1612,751,200,101,0.42681664,6,-1,-1
220,12583,1612,751,200,101,0.3857476,4,-1,-1
221,12577,1789,1030,215,116,0.69866836,4,-1,-1
221,12581,2453,865,170,67,0.6859415,4,-1,-1
221,12578,1433,999,182,102,0.6230119,4,-1,-1
221,12579,1589,745,200,103,0.55554307,6,-1,-1
221,12584,1061,1183,55,73,0.31061056,1,-1,-1
222,12577,1836,1043,223,110,0.76229316,4,-1,-1
222,12578,1472,1007,183,101,0.6216098,4,-1,-1
222,12579,1566,740,205,104,0.55263877,6,-1,-1
222,12581,2429,862,166,67,0.55129206,4,-1,-1
223,12577,1886,1051,231,118,0.65644354,4,-1,-1
223,12578,1510,1018,191,104,0.6217695,4,-1,-1
223,12579,1547,738,197,107,0.480871,6,-1,-1
223,12581,2396,860,165,68,0.42234176,4,-1,-1
224,12577,1934,1066,229,112,0.75289905,4,-1,-1
224,12578,1557,1028,187,102,0.57500386,4,-1,-1
224,12581,2368,855,166,68,0.53146505,4,-1,-1
224,12579,1523,737,200,107,0.5128035,6,-1,-1
224,12585,2646,1020,49,105,0.310972,4,-1,-1
225,12577,1990,1076,234,120,0.76253384,4,-1,-1
225,12578,1598,1039,192,108,0.6955382,4,-1,-1
225,12581,2335,852,165,67,0.5491728,4,-1,-1
225,12579,1500,736,202,105,0.4701425,6,-1,-1
225,12585,2596,1014,99,105,0.39716548,4,-1,-1
226,12581,2307,846,170,67,0.7589769,4,-1,-1
226,12577,2042,1087,235,126,0.7310648,4,-1,-1
226,12585,2544,1006,154,98,0.6734418,4,-1,-1
226,12578,1646,1047,196,111,0.4797587,4,-1,-1
227,12577,2094,1099,242,120,0.80884254,4,-1,-1
227,12578,1690,1059,200,113,0.8020589,4,-1,-1
227,12585,2500,997,201,103,0.6740848,4,-1,-1
227,12581,2279,842,168,71,0.63318014,4,-1,-1
228,12577,2146,1111,248,122,0.71277,4,-1,-1
228,12578,1740,1069,195,110,0.66733116,4,-1,-1
228,12581,2248,840,168,70,0.62408805,4,-1,-1
228,12585,2446,988,220,99,0.6100603,4,-1,-1
229,12578,1786,1080,199,113,0.8139786,4,-1,-1
229,12577,2202,1122,253,122,0.77370965,4,-1,-1
229,12585,2404,981,214,103,0.6121206,4,-1,-1
229,12581,2220,837,171,70,0.59111637,4,-1,-1
229,12586,1428,727,181,106,0.45110583,6,-1,-1
230,12577,2263,1139,259,122,0.85490185,4,-1,-1
230,12581,2199,832,160,70,0.69960475,4,-1,-1
230,12578,1837,1091,203,116,0.6880166,4,-1,-1
230,12585,2356,975,208,100,0.6308691,4,-1,-1
231,12578,1889,1105,204,113,0.8202986,4,-1,-1
231,12577,2326,1151,261,126,0.7714269,4,-1,-1
231,12585,2315,969,201,95,0.6125108,4,-1,-1
231,12581,2172,828,152,67,0.57141775,4,-1,-1
231,12587,2685,907,15,82,0.4423616,4,-1,-1
232,12578,1939,1115,213,116,0.835434,4,-1,-1
232,12585,2270,959,200,92,0.77563304,4,-1,-1
232,12577,2386,1165,265,124,0.770975,4,-1,-1
232,12581,2145,824,162,69,0.7049006,4,-1,-1
232,12587,2647,908,51,79,0.53266484,4,-1,-1
233,12578,1989,1126,215,117,0.8139466,4,-1,-1
233,12581,2122,821,151,67,0.8051092,4,-1,-1
233,12577,2447,1183,233,113,0.7164703,4,-1,-1
233,12585,2227,952,197,89,0.58207154,4,-1,-1
233,12587,2625,907,72,75,0.5776778,4,-1,-1
234,12578,2040,1138,224,122,0.86901313,4,-1,-1
234,12587,2589,905,108,73,0.73501205,4,-1,-1
234,12585,2189,948,191,92,0.7337132,4,-1,-1
234,12577,2510,1192,191,129,0.64052516,4,-1,-1
234,12581,2097,818,148,66,0.6030902,4,-1,-1
235,12585,2148,938,188,93,0.802546,4,-1,-1
235,12578,2099,1152,230,124,0.7200267,4,-1,-1
235,12587,2558,905,140,74,0.67665964,4,-1,-1
235,12581,2069,815,145,63,0.5730269,4,-1,-1
235,12577,2579,1205,119,150,0.49070525,4,-1,-1
236,12581,2042,810,145,65,0.773111,4,-1,-1
236,12578,2149,1162,236,127,0.76185966,4,-1,-1
236,12585,2105,931,189,87,0.57031626,4,-1,-1
236,12587,2519,900,178,77,0.5613793,4,-1,-1
236,12577,2646,1208,52,155,0.4206536,4,-1,-1
237,12578,2213,1177,235,129,0.8359163,4,-1,-1
237,12585,2069,926,182,88,0.7562599,4,-1,-1
237,12581,2018,807,140,64,0.7501398,4,-1,-1
237,12587,2495,898,184,76,0.5165862,4,-1,-1
238,12585,2028,916,179,89,0.7187283,4,-1,-1
238,12578,2275,1192,240,127,0.700517,4,-1,-1
238,12587,2468,895,179,72,0.6331546,4,-1,-1
238,12581,1994,806,139,63,0.60828346,4,-1,-1
239,12578,2335,1205,245,129,0.67547363,4,-1,-1
239,12581,1974,801,137,62,0.55672437,4,-1,-1
239,12585,1990,909,177,86,0.5279123,4,-1,-1
239,12587,2445,892,175,71,0.5277319,4,-1,-1
240,12578,2393,1217,257,133,0.7609246,4,-1,-1
240,12587,2411,884,172,79,0.7005637,4,-1,-1
240,12585,1954,898,179,92,0.6315727,4,-1,-1
240,12581,1945,799,136,64,0.5863361,4,-1,-1
241,12585,1916,893,177,90,0.66687644,4,-1,-1
241,12587,2384,881,171,79,0.61385435,4,-1,-1
241,12578,2462,1233,233,136,0.5987097,4,-1,-1
241,12581,1922,793,137,64,0.53756595,4,-1,-1
242,12585,1877,886,177,88,0.7019205,4,-1,-1
242,12581,1900,789,131,64,0.69909686,4,-1,-1
242,12587,2350,876,173,82,0.62812746,4,-1,-1
242,12578,2519,1242,178,138,0.36783248,4,-1,-1
243,12581,1874,784,135,67,0.73516345,4,-1,-1
243,12585,1842,880,172,90,0.56249595,4,-1,-1
243,12587,2317,874,179,83,0.50194776,4,-1,-1
243,12578,2605,1255,89,149,0.37177157,4,-1,-1
244,12581,1857,782,128,64,0.737147,4,-1,-1
244,12585,1811,872,168,91,0.5924495,4,-1,-1
244,12587,2290,866,172,80,0.537416,4,-1,-1
244,12578,2676,1253,18,152,0.3334581,4,-1,-1
245,12587,2264,861,174,84,0.69427997,4,-1,-1
245,12581,1840,774,123,74,0.6207864,4,-1,-1
245,12585,1772,864,167,90,0.47247136,4,-1,-1
245,12588,1772,864,167,90,0.35983533,6,-1,-1
246,12587,2236,854,174,85,0.70020765,4,-1,-1
246,12585,1737,858,168,92,0.5510894,4,-1,-1
246,12581,1816,768,123,71,0.5179837,4,-1,-1
247,12581,1799,767,116,68,0.6078988,4,-1,-1
247,12587,2213,851,171,90,0.51939136,4,-1,-1
248,12587,2185,848,166,81,0.55508465,4,-1,-1
248,12581,1777,764,115,66,0.5538541,4,-1,-1
248,12589,1673,848,157,82,0.34925807,6,-1,-1
249,12587,2161,847,167,80,0.6793789,4,-1,-1
249,12581,1743,757,118,68,0.5531548,4,-1,-1
249,12590,1647,844,153,84,0.3200669,5,-1,-1
250,12587,2139,845,156,74,0.77036536,4,-1,-1
250,12581,1717,754,127,68,0.5255604,4,-1,-1
250,12590,1609,839,153,82,0.3724342,5,-1,-1
250,12591,1609,839,153,82,0.35208273,6,-1,-1
251,12587,2117,846,150,74,0.68786407,4,-1,-1
251,12581,1703,753,126,68,0.44813842,4,-1,-1
251,12590,1576,832,154,82,0.30291685,5,-1,-1
252,12587,2093,840,153,72,0.55604553,4,-1,-1
252,12581,1677,750,124,66,0.50205326,4,-1,-1
252,12592,1547,825,148,83,0.4944396,4,-1,-1
253,12587,2062,839,155,72,0.720745,4,-1,-1
253,12581,1663,748,127,67,0.63429576,4,-1,-1
253,12592,1516,824,146,81,0.54330087,4,-1,-1
254,12587,2038,837,156,73,0.65215665,4,-1,-1
254,12592,1487,818,142,78,0.33971775,4,-1,-1
254,12593,1487,818,142,78,0.30411428,6,-1,-1
255,12587,2014,836,156,73,0.5968063,4,-1,-1
255,12592,1456,815,138,76,0.39324546,4,-1,-1
256,12592,1422,810,141,71,0.5383079,4,-1,-1
256,12587,1991,830,156,76,0.51565176,4,-1,-1
257,12587,1967,832,152,71,0.46270278,4,-1,-1
257,12592,1396,815,132,63,0.34965986,4,-1,-1
258,12587,1935,833,158,66,0.4934596,4,-1,-1
259,12587,1916,831,149,70,0.5490416,4,-1,-1
260,12587,1893,827,147,72,0.6283594,4,-1,-1
261,12587,1872,828,143,61,0.5110519,4,-1,-1
262,12594,1849,823,144,66,0.62695754,6,-1,-1
263,12594,1822,819,148,68,0.3111712,6,-1,-1
263,12595,1822,819,148,68,0.3380698,4,-1,-1
264,12594,1797,816,135,62,0.3003065,6,-1,-1
265,12594,1777,816,131,57,0.30086336,6,-1,-1
