1,14996,184,689,245,122,0.39124122,5,-1,-1
8,14997,423,651,242,108,0.33938318,6,-1,-1
9,14997,450,636,261,114,0.34157357,6,-1,-1
10,14997,482,632,250,108,0.5335761,6,-1,-1
11,14997,527,632,233,105,0.48815092,6,-1,-1
11,14998,2674,1218,23,220,0.34038273,1,-1,-1
12,14997,552,619,230,107,0.491289,6,-1,-1
13,14997,575,619,237,99,0.49084628,6,-1,-1
14,14997,607,615,210,102,0.49683672,6,-1,-1
15,14997,654,614,197,99,0.4619335,6,-1,-1
16,14997,677,605,195,96,0.47974834,6,-1,-1
17,14997,696,599,201,103,0.57304925,6,-1,-1
18,14997,741,595,188,102,0.51540935,6,-1,-1
18,14999,750,588,173,90,0.32452768,4,-1,-1
19,14999,762,589,189,107,0.4745944,4,-1,-1
19,15000,1062,855,107,90,0.38413197,4,-1,-1
20,15000,1078,860,154,90,0.48593783,4,-1,-1
20,15001,788,580,192,106,0.4626566,6,-1,-1
21,15000,1125,863,143,88,0.41071576,4,-1,-1
21,15001,833,582,184,100,0.39004207,6,-1,-1
21,15002,833,582,184,100,0.40131664,4,-1,-1
22,15001,872,577,191,103,0.46921968,6,-1,-1
22,15000,1170,872,141,91,0.44847795,4,-1,-1
22,15002,872,577,191,103,0.33064464,4,-1,-1
23,15002,925,575,169,100,0.54374826,4,-1,-1
23,15000,1202,870,157,98,0.47375065,4,-1,-1
23,15001,925,575,169,100,0.31399775,6,-1,-1
24,15000,1244,868,160,106,0.47865856,4,-1,-1
24,15002,970,575,164,96,0.47680002,4,-1,-1
24,15001,970,575,164,96,0.32553568,6,-1,-1
25,15001,1012,575,163,92,0.4998518,6,-1,-1
25,15000,1289,877,155,100,0.44152814,4,-1,-1
26,15000,1333,889,154,100,0.41748497,4,-1,-1
26,15001,1058,563,153,97,0.41476133,6,-1,-1
26,15003,1047,563,145,95,0.30112952,4,-1,-1
27,15000,1378,893,151,95,0.5261937,4,-1,-1
27,15001,1108,566,138,87,0.36897394,6,-1,-1
27,15003,1096,566,130,86,0.36186892,4,-1,-1
28,15001,1143,561,149,93,0.48776048,6,-1,-1
28,15000,1420,902,154,96,0.48139742,4,-1,-1
29,15000,1460,913,165,96,0.52999103,4,-1,-1
29,15001,1185,561,150,89,0.4041801,6,-1,-1
29,15004,1176,561,141,88,0.4570557,4,-1,-1
30,15000,1510,917,180,102,0.542963,4,-1,-1
30,15001,1210,560,153,90,0.48328608,6,-1,-1
30,15004,1199,561,138,86,0.32267767,4,-1,-1
30,15005,1302,569,90,68,0.31330502,4,-1,-1
31,15000,1555,931,177,102,0.55894196,4,-1,-1
31,15001,1256,556,142,94,0.5173658,6,-1,-1
31,15005,1256,556,142,94,0.3502671,4,-1,-1
31,15006,2634,1065,59,110,0.36785638,1,-1,-1
32,15000,1598,938,183,103,0.59943616,4,-1,-1
32,15005,1296,555,149,90,0.48277223,4,-1,-1
32,15007,104,529,65,37,0.30302602,4,-1,-1
33,15000,1644,951,181,107,0.52041054,4,-1,-1
33,15005,1347,555,129,89,0.40933552,4,-1,-1
33,15007,145,530,56,33,0.32996988,4,-1,-1
33,15008,1347,555,129,89,0.38589072,6,-1,-1
33,15009,22,484,69,38,0.36818346,4,-1,-1
34,15000,1694,957,192,108,0.5886954,4,-1,-1
34,15009,45,484,64,34,0.53809375,4,-1,-1
34,15005,1389,547,124,85,0.42204598,4,-1,-1
34,15010,92,525,82,46,0.35457945,4,-1,-1
35,15000,1722,961,191,105,0.62745357,4,-1,-1
35,15005,1395,550,127,80,0.41342604,4,-1,-1
35,15011,1382,805,98,66,0.4288321,4,-1,-1
35,15012,1408,549,129,83,0.3284962,6,-1,-1
36,15000,1760,971,187,109,0.6389298,4,-1,-1
36,15011,1379,804,114,69,0.5271519,4,-1,-1
36,15005,1412,548,129,79,0.48413068,4,-1,-1
36,15012,1412,548,129,79,0.42156774,6,-1,-1
36,15013,41,481,65,36,0.40595034,4,-1,-1
36,15014,107,532,68,42,0.34233814,4,-1,-1
37,15000,1788,978,188,102,0.68823814,4,-1,-1
37,15005,1434,548,124,77,0.56946975,4,-1,-1
37,15011,1393,807,129,74,0.56651735,4,-1,-1
37,15014,117,532,71,44,0.39537477,4,-1,-1
37,15013,39,481,60,32,0.38484395,4,-1,-1
38,15000,1822,982,192,110,0.54831064,4,-1,-1
38,15011,1417,810,125,71,0.48207206,4,-1,-1
38,15005,1440,545,124,75,0.48177204,4,-1,-1
38,15015,1440,545,124,75,0.42744753,6,-1,-1
39,15000,1852,994,191,106,0.63320875,4,-1,-1
39,15011,1437,819,130,74,0.56939596,4,-1,-1
39,15005,1454,544,134,74,0.5046258,4,-1,-1
39,15015,1454,544,134,74,0.4617026,6,-1,-1
39,15016,128,539,68,38,0.45828784,4,-1,-1
39,15017,-1,491,20,47,0.3084763,4,-1,-1
40,15000,1886,1003,196,105,0.711351,4,-1,-1
40,15011,1467,822,139,80,0.6944,4,-1,-1
40,15005,1477,543,127,71,0.5070516,4,-1,-1
40,15015,1477,543,127,71,0.37144148,6,-1,-1
40,15016,136,538,82,41,0.3349484,4,-1,-1
41,15011,1495,828,134,76,0.6088789,4,-1,-1
41,15000,1922,1013,200,107,0.59842163,4,-1,-1
41,15015,1497,543,118,71,0.5277011,6,-1,-1
41,15016,144,547,70,33,0.40381902,4,-1,-1
41,15005,1488,543,119,72,0.36232984,4,-1,-1
41,15018,1439,557,71,57,0.35490286,4,-1,-1
42,15000,1953,1021,199,101,0.7259838,4,-1,-1
42,15011,1521,840,132,72,0.59256184,4,-1,-1
42,15016,146,545,75,39,0.53035563,4,-1,-1
42,15015,1522,544,109,68,0.46993855,6,-1,-1
42,15005,1511,544,110,68,0.31958598,4,-1,-1
42,15019,1,491,27,51,0.34128308,4,-1,-1
43,15011,1548,840,143,81,0.6110567,4,-1,-1
43,15000,1988,1027,202,105,0.6051594,4,-1,-1
43,15015,1524,541,117,71,0.45630023,6,-1,-1
43,15005,1460,554,77,55,0.41106457,4,-1,-1
43,15020,1526,534,115,69,0.387132,4,-1,-1
44,15011,1574,843,143,86,0.6564002,4,-1,-1
44,15000,2024,1037,209,109,0.651771,4,-1,-1
44,15015,1547,533,107,69,0.5175954,6,-1,-1
44,15020,1537,534,103,67,0.32453215,4,-1,-1
44,15021,160,550,75,38,0.43583235,4,-1,-1
44,15022,0,489,59,56,0.3836168,4,-1,-1
45,15000,2057,1046,208,108,0.5823278,4,-1,-1
45,15011,1598,856,149,77,0.53111696,4,-1,-1
45,15020,1551,533,115,67,0.46078968,4,-1,-1
45,15022,1,488,59,62,0.3721294,4,-1,-1
45,15015,1563,532,115,69,0.35133377,6,-1,-1
45,15021,166,548,74,45,0.34468278,4,-1,-1
46,15011,1629,860,154,82,0.70789284,4,-1,-1
46,15000,2099,1057,208,107,0.6890472,4,-1,-1
46,15015,1574,530,106,69,0.46386966,6,-1,-1
46,15021,184,553,69,47,0.46154967,4,-1,-1
46,15022,4,487,56,62,0.45244387,4,-1,-1
46,15020,1574,530,106,69,0.3608114,4,-1,-1
46,15023,1525,554,71,53,0.35689667,4,-1,-1
47,15011,1657,867,153,83,0.6166632,4,-1,-1
47,15000,2135,1066,215,111,0.6153379,4,-1,-1
47,15015,1588,526,109,75,0.595693,6,-1,-1
47,15021,188,555,72,47,0.40954256,4,-1,-1
48,15000,2175,1080,220,116,0.7344638,4,-1,-1
48,15011,1689,877,157,83,0.58795613,4,-1,-1
48,15021,201,560,73,45,0.4562762,4,-1,-1
48,15015,1593,527,110,74,0.44773573,6,-1,-1
48,15024,1593,527,110,74,0.44052613,4,-1,-1
48,15025,12,497,65,59,0.30028656,4,-1,-1
49,15011,1718,884,158,82,0.72860503,4,-1,-1
49,15000,2214,1086,226,115,0.61982954,4,-1,-1
49,15021,205,559,70,48,0.58669794,4,-1,-1
49,15015,1623,528,90,71,0.512956,6,-1,-1
49,15025,17,507,66,53,0.38568193,4,-1,-1
49,15024,1598,538,56,52,0.38544434,4,-1,-1
49,15026,0,452,19,59,0.38681704,4,-1,-1
50,15000,2256,1101,231,115,0.70590603,4,-1,-1
50,15025,22,509,65,50,0.54744166,4,-1,-1
50,15011,1751,888,162,88,0.5089152,4,-1,-1
50,15021,211,564,70,47,0.4907452,4,-1,-1
50,15015,1637,527,98,71,0.46625954,6,-1,-1
50,15024,1627,530,90,66,0.43728182,4,-1,-1
50,15026,0,453,14,54,0.36810985,4,-1,-1
50,15027,315,448,112,60,0.47398803,4,-1,-1
51,15000,2298,1114,231,119,0.67819417,4,-1,-1
51,15011,1783,897,161,86,0.670968,4,-1,-1
51,15027,311,448,116,61,0.5378132,4,-1,-1
51,15015,1640,522,104,71,0.5291111,6,-1,-1
51,15021,222,562,73,48,0.49615607,4,-1,-1
51,15025,25,510,67,51,0.35449705,4,-1,-1
51,15024,1628,528,87,62,0.3258611,4,-1,-1
52,15011,1819,906,161,86,0.72588265,4,-1,-1
52,15000,2341,1122,232,114,0.6888456,4,-1,-1
52,15025,32,514,76,53,0.54485154,4,-1,-1
52,15015,1665,523,91,68,0.51982766,6,-1,-1
52,15021,229,565,65,50,0.48802948,4,-1,-1
52,15027,310,446,123,66,0.3208139,4,-1,-1
53,15000,2392,1132,241,124,0.6589202,4,-1,-1
53,15025,38,514,73,53,0.63228893,4,-1,-1
53,15021,233,565,72,54,0.49888206,4,-1,-1
53,15011,1851,912,172,93,0.48013684,4,-1,-1
53,15027,312,448,118,63,0.35894138,4,-1,-1
53,15028,1674,525,78,63,0.518393,4,-1,-1
54,15011,1882,921,172,87,0.7274471,4,-1,-1
54,15000,2435,1144,241,117,0.718418,4,-1,-1
54,15025,43,516,71,53,0.47203732,4,-1,-1
54,15027,314,447,115,63,0.45940307,4,-1,-1
54,15021,246,571,68,53,0.45271227,4,-1,-1
54,15028,1689,517,86,63,0.38708705,4,-1,-1
54,15029,1689,517,86,63,0.37731367,6,-1,-1
54,15030,491,558,62,47,0.34267974,4,-1,-1
55,15011,1921,927,168,90,0.6645137,4,-1,-1
55,15000,2473,1156,224,123,0.6495432,4,-1,-1
55,15029,1698,511,102,70,0.5409672,6,-1,-1
55,15021,255,574,65,49,0.5389318,4,-1,-1
55,15025,53,519,76,53,0.4392473,4,-1,-1
56,15011,1954,936,179,92,0.6229244,4,-1,-1
56,15000,2518,1164,180,121,0.5968728,4,-1,-1
56,15025,54,518,78,58,0.5728176,4,-1,-1
56,15021,256,572,70,54,0.52988565,4,-1,-1
56,15029,1708,512,95,68,0.3691818,6,-1,-1
56,15031,1708,512,95,68,0.3837307,4,-1,-1
56,15032,310,447,117,65,0.31527215,6,-1,-1
57,15011,1987,941,178,94,0.6485419,4,-1,-1
57,15031,1724,513,94,63,0.5863886,4,-1,-1
57,15021,269,578,65,49,0.5659048,4,-1,-1
57,15000,2562,1174,134,136,0.550344,4,-1,-1
57,15025,63,521,74,57,0.5177691,4,-1,-1
57,15032,313,447,110,64,0.40535483,6,-1,-1
58,15011,2028,953,179,96,0.6363362,4,-1,-1
58,15021,276,579,66,50,0.5363543,4,-1,-1
58,15025,75,520,71,58,0.48727563,4,-1,-1
58,15031,1729,511,95,66,0.46263465,4,-1,-1
58,15033,381,584,63,53,0.4032623,4,-1,-1
58,15034,1729,511,95,66,0.33403942,6,-1,-1
58,15035,1881,460,86,47,0.32078975,4,-1,-1
59,15011,2065,963,185,93,0.78346556,4,-1,-1
59,15025,78,527,77,56,0.64675134,4,-1,-1
59,15034,1748,510,89,65,0.4995755,6,-1,-1
59,15036,2675,1160,20,166,0.35434467,4,-1,-1
59,15037,306,447,123,65,0.3017779,4,-1,-1
60,15011,2103,968,187,97,0.64608765,4,-1,-1
60,15025,83,526,78,58,0.60987675,4,-1,-1
60,15037,305,447,122,63,0.48660016,4,-1,-1
60,15038,1758,513,82,59,0.5017108,4,-1,-1
61,15011,2143,980,195,97,0.78297794,4,-1,-1
61,15025,94,528,73,59,0.6037454,4,-1,-1
61,15038,1770,514,91,59,0.588379,4,-1,-1
61,15037,308,450,118,60,0.34085807,4,-1,-1
61,15039,295,589,79,59,0.4117874,4,-1,-1
62,15025,100,530,75,61,0.73447853,4,-1,-1
62,15011,2183,986,196,99,0.683209,4,-1,-1
62,15039,306,588,76,62,0.469288,4,-1,-1
62,15037,310,448,115,63,0.4096573,4,-1,-1
62,15038,1769,509,103,58,0.34683558,4,-1,-1
63,15011,2224,996,201,101,0.7654892,4,-1,-1
63,15025,105,529,76,61,0.6838749,4,-1,-1
63,15039,307,589,76,58,0.52721703,4,-1,-1
63,15038,1792,507,97,58,0.3505461,4,-1,-1
64,15011,2263,1003,207,103,0.76793534,4,-1,-1
64,15025,115,532,74,57,0.6247635,4,-1,-1
64,15039,312,592,84,54,0.39878696,4,-1,-1
65,15025,123,535,72,54,0.73254263,4,-1,-1
65,15011,2307,1012,212,107,0.70287406,4,-1,-1
66,15011,2350,1025,212,98,0.7617336,4,-1,-1
66,15025,127,535,73,57,0.5968627,4,-1,-1
66,15040,331,592,87,55,0.5451173,4,-1,-1
67,15011,2404,1037,215,103,0.72982424,4,-1,-1
67,15025,126,535,79,60,0.48206744,4,-1,-1
67,15040,331,594,90,56,0.3655313,4,-1,-1
67,15041,1327,1082,48,55,0.33512843,1,-1,-1
68,15011,2451,1050,219,100,0.74145895,4,-1,-1
68,15025,139,538,76,62,0.57914674,4,-1,-1
68,15040,331,596,92,55,0.37746945,4,-1,-1
68,15041,1324,1086,49,60,0.3364161,1,-1,-1
69,15011,2503,1062,191,101,0.7403414,4,-1,-1
69,15025,144,541,77,59,0.5603473,4,-1,-1
69,15040,343,596,92,61,0.47648695,4,-1,-1
70,15011,2552,1068,141,107,0.5823445,4,-1,-1
70,15025,148,545,77,63,0.5419362,4,-1,-1
70,15042,300,444,113,61,0.3022917,5,-1,-1
71,15011,2599,1077,95,111,0.59302837,4,-1,-1
71,15025,160,548,73,62,0.5112717,4,-1,-1
71,15043,160,548,73,62,0.31831348,5,-1,-1
72,15025,165,554,71,58,0.5311879,4,-1,-1
72,15011,2668,1081,27,116,0.39690682,4,-1,-1
72,15043,165,554,71,58,0.37912008,5,-1,-1
73,15025,171,555,70,58,0.64747894,4,-1,-1
74,15025,170,557,74,62,0.53726023,4,-1,-1
74,15044,295,447,118,62,0.40053126,5,-1,-1
75,15025,183,559,72,60,0.65605676,4,-1,-1
75,15044,302,448,107,60,0.38395354,5,-1,-1
75,15045,1318,1105,52,64,0.36971617,1,-1,-1
75,15046,55,413,88,48,0.31548274,4,-1,-1
76,15025,184,561,77,62,0.4969744,4,-1,-1
76,15047,248,512,66,49,0.3358338,4,-1,-1
76,15048,296,447,113,62,0.32880738,4,-1,-1
77,15025,189,565,79,64,0.57657564,4,-1,-1
77,15047,237,509,62,51,0.31799155,4,-1,-1
77,15049,296,446,114,63,0.30872306,5,-1,-1
78,15025,190,569,79,64,0.5725676,4,-1,-1
79,15025,201,572,77,64,0.62800115,4,-1,-1
79,15050,201,572,77,64,0.31915528,5,-1,-1
80,15025,201,575,80,65,0.71558744,4,-1,-1
80,15051,289,448,113,63,0.51636946,4,-1,-1
80,15052,208,505,58,55,0.36924687,4,-1,-1
81,15025,201,578,83,69,0.55791146,4,-1,-1
81,15052,190,502,61,51,0.32502446,4,-1,-1
82,15052,170,502,57,47,0.39034864,4,-1,-1
82,15025,203,581,76,65,0.3605577,4,-1,-1
82,15053,202,585,80,66,0.3898576,5,-1,-1
83,15025,186,587,81,67,0.64576507,4,-1,-1
83,15052,146,502,54,48,0.43896312,4,-1,-1
83,15054,250,445,117,67,0.42167938,6,-1,-1
84,15025,165,592,85,73,0.5977795,4,-1,-1
84,15055,222,447,124,70,0.45376375,4,-1,-1
84,15056,1737,466,121,66,0.44100016,4,-1,-1
85,15056,1713,468,121,70,0.5399356,4,-1,-1
85,15025,143,605,86,72,0.5261993,4,-1,-1
86,15056,1691,468,119,73,0.5259338,4,-1,-1
86,15025,131,613,87,70,0.5195879,4,-1,-1
87,15025,109,618,90,70,0.5582047,4,-1,-1
87,15056,1666,466,124,76,0.48111966,4,-1,-1
88,15056,1637,470,106,70,0.43986258,4,-1,-1
88,15025,98,626,88,69,0.4304146,4,-1,-1
88,15057,1907,498,80,58,0.47866604,4,-1,-1
88,15058,98,626,88,69,0.33155578,5,-1,-1
89,15025,89,629,92,68,0.4812367,4,-1,-1
89,15056,1629,476,124,75,0.34316093,4,-1,-1
89,15058,89,629,92,68,0.31671387,5,-1,-1
90,15025,91,634,96,68,0.52767926,4,-1,-1
90,15056,1623,477,133,74,0.36532956,4,-1,-1
91,15056,1616,480,108,69,0.32362106,4,-1,-1
92,15056,1610,478,119,72,0.34327498,4,-1,-1
92,15059,107,638,97,62,0.4745979,4,-1,-1
93,15056,1606,475,126,78,0.35278028,4,-1,-1
94,15056,1597,474,137,79,0.38730878,4,-1,-1
94,15060,127,639,96,60,0.43721673,4,-1,-1
95,15056,1594,473,141,82,0.33344,4,-1,-1
96,15056,1584,477,131,76,0.36937678,4,-1,-1
97,15056,1581,475,133,80,0.3291825,4,-1,-1
98,15056,1571,474,148,84,0.40044767,4,-1,-1
99,15056,1561,476,137,81,0.35384113,4,-1,-1
100,15056,1559,474,137,83,0.31414694,4,-1,-1
102,15061,1549,487,103,69,0.31725034,4,-1,-1
103,15061,1541,494,83,61,0.4124067,4,-1,-1
104,15061,1541,483,122,78,0.37201968,4,-1,-1
105,15061,1523,480,124,79,0.3754645,4,-1,-1
106,15061,1519,479,131,80,0.3684178,4,-1,-1
107,15061,1512,479,140,87,0.45747527,4,-1,-1
108,15061,1503,478,150,86,0.3344456,4,-1,-1
109,15061,1494,484,137,81,0.41815606,4,-1,-1
110,15061,1492,482,139,83,0.38554522,4,-1,-1
110,15062,1098,1455,243,70,0.32905892,4,-1,-1
111,15061,1482,480,151,87,0.3445962,4,-1,-1
112,15061,1468,480,147,83,0.31903875,4,-1,-1
113,15061,1455,484,134,79,0.32846543,4,-1,-1
113,15063,1076,1458,247,67,0.37891904,4,-1,-1
114,15061,1458,480,155,91,0.3674711,4,-1,-1
115,15061,1443,482,154,87,0.42082155,4,-1,-1
115,15064,1047,1451,263,66,0.30287454,4,-1,-1
116,15061,1439,482,154,86,0.4219808,4,-1,-1
117,15061,1422,482,157,85,0.32526815,4,-1,-1
118,15061,1414,481,164,89,0.37338355,4,-1,-1
119,15061,1401,492,155,87,0.5282083,4,-1,-1
120,15061,1379,493,152,86,0.38441256,4,-1,-1
121,15061,1357,492,152,87,0.43221363,4,-1,-1
121,15065,1232,898,53,50,0.5113187,4,-1,-1
121,15066,1636,478,98,55,0.3896369,4,-1,-1
122,15061,1336,491,148,88,0.47405478,4,-1,-1
122,15065,1207,896,79,63,0.417008,4,-1,-1
123,15061,1316,489,156,92,0.44760144,4,-1,-1
124,15061,1298,490,150,92,0.44906607,4,-1,-1
124,15067,1225,898,79,62,0.30548173,4,-1,-1
125,15061,1296,492,148,88,0.37614942,4,-1,-1
125,15067,1247,909,80,66,0.35628423,4,-1,-1
126,15061,1290,492,157,95,0.50563514,4,-1,-1
127,15061,1285,490,164,98,0.3741628,4,-1,-1
128,15061,1278,496,145,86,0.33263963,4,-1,-1
129,15061,1250,500,159,89,0.40182176,4,-1,-1
130,15061,1243,497,168,97,0.42813045,4,-1,-1
131,15061,1230,504,150,85,0.34765086,4,-1,-1
132,15061,1251,498,151,93,0.3680289,4,-1,-1
132,15068,1225,523,84,66,0.35773078,4,-1,-1
133,15061,1225,497,159,98,0.36076832,4,-1,-1
133,15069,1480,966,164,84,0.6011384,4,-1,-1
134,15069,1514,968,175,92,0.5393669,4,-1,-1
134,15061,1219,495,167,100,0.3481127,4,-1,-1
134,15070,1690,742,84,65,0.34199423,4,-1,-1
135,15069,1553,976,176,95,0.50218713,4,-1,-1
135,15070,1694,745,76,62,0.4071848,4,-1,-1
136,15069,1582,984,177,97,0.5693333,4,-1,-1
136,15070,1696,747,74,62,0.37233344,4,-1,-1
137,15069,1614,993,188,101,0.49289224,4,-1,-1
137,15070,1693,745,77,65,0.35593203,4,-1,-1
137,15071,1185,508,156,94,0.3598208,5,-1,-1
138,15069,1644,1001,181,100,0.5735479,4,-1,-1
138,15070,1692,745,76,67,0.34675625,4,-1,-1
138,15071,1168,509,154,92,0.33372518,5,-1,-1
138,15072,1604,480,77,45,0.3439201,4,-1,-1
138,15073,1181,501,154,95,0.31029394,4,-1,-1
139,15069,1680,1005,185,104,0.6203674,4,-1,-1
139,15070,1675,758,72,68,0.40837526,4,-1,-1
139,15071,1146,510,159,93,0.40233642,5,-1,-1
140,15069,1720,1016,186,104,0.6165684,4,-1,-1
140,15071,1135,507,165,97,0.41132998,5,-1,-1
140,15070,1671,743,76,72,0.39706397,4,-1,-1
140,15074,1593,481,67,44,0.32485658,4,-1,-1
141,15069,1749,1023,186,101,0.6200301,4,-1,-1
141,15074,1587,479,73,46,0.43397292,4,-1,-1
141,15071,1117,507,167,97,0.4168144,5,-1,-1
141,15070,1671,743,74,64,0.41067144,4,-1,-1
142,15069,1783,1027,193,104,0.5981326,4,-1,-1
142,15071,1093,506,173,101,0.45626217,5,-1,-1
142,15074,1584,480,76,46,0.3997454,4,-1,-1
142,15070,1651,746,80,65,0.34680644,4,-1,-1
143,15069,1824,1039,193,102,0.7064574,4,-1,-1
143,15074,1570,481,67,43,0.4655768,4,-1,-1
143,15071,1073,506,176,100,0.4227219,5,-1,-1
143,15070,1650,745,79,66,0.34906805,4,-1,-1
144,15069,1860,1048,200,102,0.61617726,4,-1,-1
144,15074,1564,479,75,50,0.4306458,4,-1,-1
144,15070,1647,742,81,71,0.32086143,4,-1,-1
144,15071,1061,502,186,110,0.31221935,5,-1,-1
144,15075,1119,943,65,50,0.5330535,4,-1,-1
144,15076,1061,502,186,110,0.46348524,4,-1,-1
145,15069,1890,1057,202,104,0.6001595,4,-1,-1
145,15074,1545,479,80,50,0.46415693,4,-1,-1
145,15071,1044,505,186,107,0.44377932,5,-1,-1
145,15077,1044,505,186,107,0.3148013,6,-1,-1
146,15069,1943,1067,203,102,0.6662019,4,-1,-1
146,15071,1030,509,175,102,0.40158147,5,-1,-1
146,15074,1542,481,85,50,0.34106016,4,-1,-1
146,15078,1102,929,112,81,0.39270052,4,-1,-1
147,15069,1983,1074,210,111,0.6464987,4,-1,-1
147,15078,1120,922,117,87,0.42664585,4,-1,-1
147,15071,1016,506,193,110,0.30839163,5,-1,-1
147,15079,2634,993,56,78,0.3595974,4,-1,-1
147,15080,1016,506,193,110,0.32474524,6,-1,-1
148,15069,2030,1088,209,106,0.7367018,4,-1,-1
148,15078,1131,921,139,93,0.5235175,4,-1,-1
148,15079,2590,989,101,83,0.5079957,4,-1,-1
148,15071,998,507,193,114,0.41932675,5,-1,-1
149,15069,2076,1099,209,106,0.70942146,4,-1,-1
149,15079,2552,983,139,88,0.55873936,4,-1,-1
149,15071,995,509,192,112,0.41540274,5,-1,-1
149,15078,1147,920,153,98,0.40176335,4,-1,-1
150,15069,2130,1113,209,100,0.5965639,4,-1,-1
150,15079,2513,982,169,83,0.545528,4,-1,-1
150,15071,975,510,195,114,0.45837122,5,-1,-1
151,15069,2175,1124,218,100,0.72196364,4,-1,-1
151,15079,2470,977,173,76,0.62558043,4,-1,-1
151,15071,968,508,201,117,0.3985796,5,-1,-1
151,15081,1202,932,168,109,0.36399353,4,-1,-1
151,15082,2175,1124,218,100,0.3033496,5,-1,-1
152,15079,2437,975,167,75,0.68393993,4,-1,-1
152,15069,2229,1135,222,103,0.58483326,4,-1,-1
152,15081,1225,940,169,106,0.36804795,4,-1,-1
152,15071,952,512,200,116,0.3121152,5,-1,-1
153,15079,2398,973,166,72,0.6323395,4,-1,-1
153,15069,2284,1149,219,100,0.554829,4,-1,-1
153,15081,1266,962,162,94,0.3394776,4,-1,-1
153,15071,946,513,202,113,0.32609192,5,-1,-1
153,15083,982,937,173,107,0.514469,4,-1,-1
153,15084,2284,1149,219,100,0.41124168,5,-1,-1
154,15079,2367,965,162,81,0.59785336,4,-1,-1
154,15083,1007,933,176,120,0.59377974,4,-1,-1
154,15069,2335,1155,230,105,0.49251106,4,-1,-1
154,15071,933,516,197,108,0.38187283,5,-1,-1
154,15084,2335,1155,230,105,0.38106626,5,-1,-1
154,15081,1301,965,173,97,0.35708743,4,-1,-1
155,15069,2383,1164,235,115,0.68328124,4,-1,-1
155,15083,1039,945,183,115,0.524195,4,-1,-1
155,15079,2323,958,172,92,0.50962675,4,-1,-1
155,15071,924,520,202,110,0.41511163,5,-1,-1
155,15081,1324,972,174,104,0.32400823,4,-1,-1
155,15085,1011,1256,48,63,0.39054847,1,-1,-1
156,15069,2445,1178,231,121,0.7553379,4,-1,-1
156,15083,1063,947,186,119,0.7343145,4,-1,-1
156,15081,1346,974,184,108,0.5725544,4,-1,-1
156,15079,2285,953,171,82,0.56949955,4,-1,-1
156,15071,905,522,208,111,0.55168915,5,-1,-1
157,15069,2498,1184,197,122,0.65516347,4,-1,-1
157,15079,2249,947,165,83,0.5679265,4,-1,-1
157,15071,904,521,204,116,0.5564863,5,-1,-1
157,15081,1385,985,183,102,0.5132556,4,-1,-1
157,15083,1090,953,190,121,0.4922347,4,-1,-1
157,15086,1090,953,190,121,0.41735008,5,-1,-1
158,15071,884,524,209,116,0.64473563,5,-1,-1
158,15069,2548,1190,148,143,0.61647856,4,-1,-1
158,15079,2222,937,161,96,0.5283238,4,-1,-1
158,15083,1123,954,190,122,0.48680115,4,-1,-1
158,15081,1421,992,192,112,0.42871076,4,-1,-1
158,15086,1124,962,191,123,0.38411835,5,-1,-1
159,15081,1445,1001,196,106,0.5651466,4,-1,-1
159,15086,1156,964,185,125,0.5568953,5,-1,-1
159,15071,874,523,218,119,0.46978334,5,-1,-1
159,15079,2187,927,156,90,0.46901268,4,-1,-1
159,15083,1156,964,185,125,0.37948033,4,-1,-1
160,15079,2159,924,162,91,0.537814,4,-1,-1
160,15083,1190,971,190,125,0.5184976,4,-1,-1
160,15071,863,528,210,118,0.5157529,5,-1,-1
160,15081,1476,1005,210,122,0.5138536,4,-1,-1
160,15086,1190,971,190,125,0.47241858,5,-1,-1
160,15087,2678,1138,17,207,0.3265402,4,-1,-1
161,15081,1520,1013,199,116,0.62826276,4,-1,-1
161,15079,2123,921,158,90,0.60417324,4,-1,-1
161,15083,1228,985,192,123,0.57021505,4,-1,-1
161,15071,843,530,214,119,0.40918353,5,-1,-1
161,15086,1228,985,192,123,0.34880835,5,-1,-1
161,15088,1629,745,78,64,0.35645694,4,-1,-1
161,15089,1550,485,68,38,0.3487741,4,-1,-1
162,15081,1550,1019,195,114,0.61551476,4,-1,-1
162,15071,830,525,226,125,0.6110069,5,-1,-1
162,15086,1265,986,200,135,0.530848,5,-1,-1
162,15079,2099,916,154,95,0.47488302,4,-1,-1
162,15083,1265,986,200,135,0.41479072,4,-1,-1
162,15089,1548,485,68,40,0.30007985,4,-1,-1
163,15081,1588,1030,201,120,0.6359637,4,-1,-1
163,15083,1298,990,189,133,0.5298101,4,-1,-1
163,15071,819,532,213,120,0.47580674,5,-1,-1
163,15079,2054,912,163,98,0.42350656,4,-1,-1
163,15089,1548,484,68,44,0.33748743,4,-1,-1
164,15081,1630,1040,198,116,0.6599994,4,-1,-1
164,15071,806,530,225,122,0.58726496,5,-1,-1
164,15083,1335,1004,200,135,0.53887016,4,-1,-1
164,15079,2034,907,155,88,0.4751155,4,-1,-1
165,15071,795,537,221,118,0.6330681,5,-1,-1
165,15081,1669,1048,205,122,0.61084086,4,-1,-1
165,15083,1376,1008,199,140,0.4420759,4,-1,-1
165,15079,1997,899,151,97,0.42426002,4,-1,-1
166,15081,1710,1058,207,120,0.6677222,4,-1,-1
166,15071,775,542,220,113,0.6109875,5,-1,-1
166,15083,1416,1024,203,141,0.6086151,4,-1,-1
166,15079,1976,898,145,91,0.4770474,4,-1,-1
166,15090,1036,1256,43,58,0.37775195,1,-1,-1
166,15091,1625,742,88,69,0.32146177,4,-1,-1
167,15071,768,542,228,116,0.6793654,5,-1,-1
167,15081,1750,1066,213,126,0.63721484,4,-1,-1
167,15079,1936,894,149,90,0.4781525,4,-1,-1
168,15081,1791,1074,214,126,0.72071487,4,-1,-1
168,15071,752,543,223,118,0.661163,5,-1,-1
168,15079,1911,886,146,84,0.506311,4,-1,-1
169,15071,742,542,230,124,0.75467646,5,-1,-1
169,15081,1835,1081,214,123,0.6210268,4,-1,-1
169,15079,1874,883,144,83,0.52533543,4,-1,-1
170,15071,721,544,234,126,0.7585535,5,-1,-1
170,15081,1879,1089,217,129,0.6511905,4,-1,-1
170,15079,1852,883,139,78,0.55365473,4,-1,-1
170,15092,1575,1061,228,151,0.5079712,4,-1,-1
171,15071,705,544,235,130,0.7089889,5,-1,-1
171,15081,1921,1096,221,127,0.56156814,4,-1,-1
171,15079,1829,879,138,79,0.45454824,4,-1,-1
172,15071,693,544,240,132,0.73744196,5,-1,-1
172,15081,1972,1104,235,138,0.42273223,4,-1,-1
172,15079,1784,873,148,85,0.38230538,4,-1,-1
173,15071,676,550,240,127,0.6482536,5,-1,-1
173,15081,2019,1112,230,137,0.6258768,4,-1,-1
173,15079,1765,871,139,76,0.4769385,4,-1,-1
173,15093,1525,485,74,41,0.32259408,4,-1,-1
174,15071,661,551,236,134,0.6764237,5,-1,-1
174,15081,2065,1121,229,127,0.5737865,4,-1,-1
174,15079,1731,865,135,76,0.50962985,4,-1,-1
175,15071,650,553,241,133,0.69715095,5,-1,-1
175,15081,2117,1133,240,138,0.60354877,4,-1,-1
175,15079,1708,861,132,74,0.5051339,4,-1,-1
175,15094,1529,486,67,37,0.3025908,4,-1,-1
176,15071,630,556,248,131,0.7059756,5,-1,-1
176,15081,2165,1143,241,144,0.49227798,4,-1,-1
176,15079,1686,858,127,76,0.45520714,4,-1,-1
176,15094,1548,484,66,39,0.38616997,4,-1,-1
176,15095,1869,1121,238,157,0.352011,6,-1,-1
177,15071,613,557,247,133,0.7305412,5,-1,-1
177,15081,2216,1151,254,145,0.5311575,4,-1,-1
177,15079,1651,850,122,72,0.5011802,4,-1,-1
177,15094,1551,483,64,36,0.3624263,4,-1,-1
177,15096,1924,1132,243,165,0.3164148,4,-1,-1
178,15071,589,558,254,137,0.68946797,5,-1,-1
178,15081,2265,1163,249,148,0.39296484,4,-1,-1
178,15094,1548,482,69,40,0.39218453,4,-1,-1
179,15071,574,558,263,141,0.6746504,5,-1,-1
179,15081,2324,1172,254,141,0.4406263,4,-1,-1
179,15097,2026,1143,251,166,0.3147747,4,-1,-1
180,15071,554,557,267,141,0.71118975,5,-1,-1
180,15081,2371,1175,254,145,0.50580454,4,-1,-1
180,15098,1550,479,63,43,0.5400894,4,-1,-1
180,15099,1572,835,110,64,0.32550302,4,-1,-1
180,15100,2069,1158,261,170,0.30201697,6,-1,-1
181,15071,537,553,263,134,0.6675406,5,-1,-1
181,15099,1545,818,120,72,0.42437413,4,-1,-1
181,15081,2428,1174,260,146,0.40196726,4,-1,-1
182,15071,518,544,266,137,0.57073283,5,-1,-1
182,15099,1523,807,114,72,0.408959,4,-1,-1
182,15101,1768,477,46,45,0.47180223,4,-1,-1
182,15102,1550,460,65,44,0.34194604,4,-1,-1
183,15071,506,537,269,138,0.6103197,5,-1,-1
183,15101,1764,473,53,43,0.38800532,4,-1,-1
183,15099,1504,791,108,66,0.3597486,4,-1,-1
183,15103,2539,1179,158,167,0.4035961,4,-1,-1
183,15104,2564,889,126,153,0.39967275,4,-1,-1
183,15105,2235,1154,266,182,0.37083328,4,-1,-1
183,15106,2285,856,75,65,0.33263853,4,-1,-1
184,15071,475,529,269,139,0.65565735,5,-1,-1
184,15104,2549,874,145,147,0.44832033,4,-1,-1
184,15099,1478,777,116,74,0.35284626,4,-1,-1
185,15071,465,527,272,141,0.5926368,5,-1,-1
185,15099,1447,767,106,70,0.33846143,4,-1,-1
185,15104,2507,865,190,154,0.32906324,4,-1,-1
185,15107,2507,865,190,154,0.49203163,6,-1,-1
185,15108,1548,436,66,44,0.41181585,4,-1,-1
186,15071,439,525,281,144,0.5268593,5,-1,-1
186,15107,2470,855,228,150,0.47681433,6,-1,-1
186,15108,1525,434,71,41,0.3333682,4,-1,-1
186,15109,2392,1176,295,180,0.31906006,4,-1,-1
187,15107,2453,856,250,143,0.6554699,6,-1,-1
187,15108,1546,433,68,45,0.41752356,4,-1,-1
187,15110,2466,1191,229,183,0.39529565,6,-1,-1
188,15107,2409,854,269,142,0.6659782,6,-1,-1
188,15108,1551,435,66,42,0.3950519,4,-1,-1
188,15110,2545,1192,145,191,0.33113983,6,-1,-1
188,15111,383,526,307,150,0.39548,5,-1,-1
189,15107,2385,852,269,144,0.6359171,6,-1,-1
189,15111,362,528,306,150,0.48940733,5,-1,-1
189,15112,362,528,306,150,0.30130526,9,-1,-1
190,15111,343,529,299,153,0.67123866,5,-1,-1
190,15107,2366,853,255,137,0.34423986,6,-1,-1
191,15111,324,533,299,154,0.6964377,5,-1,-1
191,15113,2332,849,248,138,0.34026304,4,-1,-1
192,15111,299,532,306,157,0.6590112,5,-1,-1
192,15113,2313,842,239,132,0.3899118,4,-1,-1
193,15111,271,532,321,160,0.50817394,5,-1,-1
193,15113,2273,841,243,129,0.3806466,4,-1,-1
193,15114,2285,839,243,132,0.33881313,6,-1,-1
194,15111,238,542,320,157,0.6784208,5,-1,-1
194,15113,2249,835,241,133,0.40252045,4,-1,-1
195,15111,205,540,336,168,0.671158,5,-1,-1
196,15111,182,546,334,169,0.57557964,5,-1,-1
197,15111,162,547,333,166,0.7181249,5,-1,-1
197,15115,1522,432,83,41,0.3211149,4,-1,-1
197,15116,2172,826,228,125,0.31510043,4,-1,-1
198,15111,132,556,342,168,0.5288117,5,-1,-1
198,15116,2146,820,232,133,0.39353818,4,-1,-1
198,15115,1522,432,82,42,0.3561715,4,-1,-1
199,15111,92,558,351,172,0.4491069,5,-1,-1
199,15116,2124,816,229,136,0.4154848,4,-1,-1
200,15111,59,560,371,171,0.5469147,5,-1,-1
200,15116,2102,813,228,137,0.37640134,4,-1,-1
201,15111,27,567,386,171,0.4553202,5,-1,-1
201,15117,1126,902,72,50,0.34586224,4,-1,-1
202,15117,1104,881,108,81,0.3422495,4,-1,-1
202,15111,4,568,386,171,0.30117506,5,-1,-1
202,15118,2047,809,220,132,0.31775737,5,-1,-1
203,15111,1,577,351,171,0.40860626,5,-1,-1
203,15117,1115,882,130,87,0.37682486,4,-1,-1
203,15118,2025,809,216,129,0.32161212,5,-1,-1
203,15119,2025,804,216,125,0.40871757,4,-1,-1
203,15120,1527,435,70,41,0.37167552,4,-1,-1
204,15119,2004,802,214,125,0.5266081,4,-1,-1
204,15111,0,576,326,174,0.4509783,5,-1,-1
204,15117,1143,884,149,83,0.42765707,4,-1,-1
204,15120,1526,434,69,41,0.41692692,4,-1,-1
204,15118,2004,802,214,125,0.36731717,5,-1,-1
205,15111,1,579,301,170,0.507822,5,-1,-1
205,15117,1168,887,151,85,0.48514017,4,-1,-1
205,15120,1528,434,71,40,0.37816912,4,-1,-1
205,15119,1966,799,217,128,0.32410136,4,-1,-1
206,15111,3,587,265,154,0.52172196,5,-1,-1
206,15117,1206,897,157,91,0.4891635,4,-1,-1
206,15119,1945,795,212,127,0.3753649,4,-1,-1
206,15121,1945,795,212,127,0.35308748,5,-1,-1
207,15117,1226,902,166,91,0.4638993,4,-1,-1
207,15111,3,585,232,164,0.41287526,5,-1,-1
207,15122,986,903,135,76,0.46315533,4,-1,-1
208,15122,1001,902,151,86,0.5960807,4,-1,-1
208,15111,0,586,201,168,0.530394,5,-1,-1
208,15117,1265,912,171,96,0.44452062,4,-1,-1
208,15123,1900,793,210,121,0.35395095,4,-1,-1
208,15124,1551,434,59,39,0.30384767,4,-1,-1
209,15111,0,587,183,168,0.64272326,5,-1,-1
209,15117,1299,924,184,92,0.6144232,4,-1,-1
209,15122,1034,909,152,81,0.58888274,4,-1,-1
209,15123,1866,787,208,113,0.35547817,4,-1,-1
209,15125,1876,785,212,118,0.4235484,6,-1,-1
210,15111,-1,597,150,145,0.7055823,5,-1,-1
210,15122,1060,914,159,89,0.51391256,4,-1,-1
210,15117,1339,931,182,97,0.48217788,4,-1,-1
210,15125,1839,783,217,117,0.4356572,6,-1,-1
211,15111,0,599,112,142,0.6576449,5,-1,-1
211,15122,1095,919,160,89,0.6465305,4,-1,-1
211,15125,1814,780,221,119,0.5667514,6,-1,-1
211,15117,1377,936,188,99,0.5498644,4,-1,-1
212,15122,1121,926,162,88,0.6936319,4,-1,-1
212,15125,1792,776,218,118,0.691227,6,-1,-1
212,15117,1409,945,187,96,0.51597756,4,-1,-1
212,15111,1,596,72,155,0.47494975,5,-1,-1
213,15117,1445,956,198,100,0.66319364,4,-1,-1
213,15122,1157,934,161,90,0.5632927,4,-1,-1
213,15111,4,608,48,160,0.51200396,5,-1,-1
213,15125,1772,773,213,117,0.33681226,6,-1,-1
213,15126,1773,768,212,114,0.30986977,4,-1,-1
214,15122,1186,941,164,90,0.69678235,4,-1,-1
214,15117,1484,964,201,101,0.64548784,4,-1,-1
214,15125,1749,767,214,115,0.46294308,6,-1,-1
215,15122,1221,947,165,93,0.69538903,4,-1,-1
215,15117,1523,972,208,104,0.69496644,4,-1,-1
215,15125,1728,763,211,116,0.35153273,6,-1,-1
215,15127,2632,886,59,76,0.41824797,4,-1,-1
215,15128,1728,763,211,116,0.38313785,4,-1,-1
216,15117,1563,980,211,104,0.7393564,4,-1,-1
216,15122,1247,955,173,96,0.59915644,4,-1,-1
216,15127,2598,883,92,81,0.46102068,4,-1,-1
216,15128,1692,763,215,111,0.41963786,4,-1,-1
216,15125,1692,763,215,111,0.41112977,6,-1,-1
217,15122,1288,964,170,93,0.743761,4,-1,-1
217,15117,1608,992,210,105,0.6725318,4,-1,-1
217,15125,1671,759,215,114,0.6001498,6,-1,-1
217,15127,2564,881,127,77,0.41940838,4,-1,-1
218,15117,1649,1003,218,104,0.6495888,4,-1,-1
218,15122,1322,971,178,102,0.6342855,4,-1,-1
218,15127,2542,878,152,80,0.39163372,4,-1,-1
218,15125,1666,755,204,113,0.37037307,6,-1,-1
218,15129,1653,757,206,108,0.35031775,4,-1,-1
218,15130,1526,430,67,45,0.3025436,4,-1,-1
219,15122,1361,979,183,104,0.7622016,4,-1,-1
219,15117,1702,1012,217,112,0.6360415,4,-1,-1
219,15127,2506,870,183,77,0.49503314,4,-1,-1
219,15125,1626,757,214,108,0.48929042,6,-1,-1
219,15130,1510,433,59,42,0.35248336,4,-1,-1
220,15117,1744,1022,217,108,0.6678237,4,-1,-1
220,15127,2473,868,184,76,0.5977919,4,-1,-1
220,15122,1400,982,183,111,0.5416643,4,-1,-1
220,15130,1511,434,58,42,0.38929936,4,-1,-1
220,15125,1632,749,192,107,0.333033,6,-1,-1
220,15131,1613,752,196,100,0.4621134,4,-1,-1
221,15117,1789,1030,219,115,0.7326973,4,-1,-1
221,15127,2447,861,179,78,0.67030317,4,-1,-1
221,15122,1431,999,189,102,0.65377134,4,-1,-1
221,15125,1594,752,190,95,0.50220776,6,-1,-1
221,15131,1594,752,190,95,0.33304983,4,-1,-1
222,15117,1837,1047,219,102,0.7036964,4,-1,-1
222,15122,1470,1004,192,108,0.6211491,4,-1,-1
222,15127,2423,858,175,76,0.5773908,4,-1,-1
222,15125,1568,748,201,95,0.5074461,6,-1,-1
223,15122,1510,1017,195,109,0.7328332,4,-1,-1
223,15117,1888,1054,227,114,0.6976061,4,-1,-1
223,15125,1548,747,197,95,0.56882894,6,-1,-1
223,15127,2392,856,175,76,0.5604291,4,-1,-1
224,15117,1934,1065,233,109,0.7521467,4,-1,-1
224,15127,2363,850,172,75,0.62114906,4,-1,-1
224,15122,1552,1024,197,110,0.59613425,4,-1,-1
224,15125,1530,746,188,90,0.42716557,6,-1,-1
224,15132,2640,1020,54,106,0.5589472,4,-1,-1
225,15117,1991,1078,234,113,0.75722414,4,-1,-1
225,15122,1598,1040,193,107,0.7072248,4,-1,-1
225,15127,2330,846,175,73,0.647201,4,-1,-1
225,15132,2594,1018,99,96,0.6055897,4,-1,-1
225,15125,1506,745,194,88,0.37658235,6,-1,-1
226,15127,2304,842,171,72,0.7224121,4,-1,-1
226,15132,2546,1005,148,93,0.7162085,4,-1,-1
226,15117,2040,1088,238,109,0.6802934,4,-1,-1
226,15122,1638,1047,200,108,0.5433536,4,-1,-1
226,15125,1488,737,184,91,0.31110173,6,-1,-1
227,15117,2096,1104,240,109,0.7926038,4,-1,-1
227,15122,1688,1061,203,110,0.7637456,4,-1,-1
227,15132,2500,995,198,100,0.7023759,4,-1,-1
227,15127,2281,840,162,73,0.58240414,4,-1,-1
227,15125,1472,736,177,91,0.4555834,6,-1,-1
228,15117,2154,1116,247,114,0.7002056,4,-1,-1
228,15132,2449,986,215,100,0.6723171,4,-1,-1
228,15122,1736,1069,203,118,0.6622277,4,-1,-1
228,15127,2245,836,167,75,0.60625505,4,-1,-1
228,15125,1451,733,178,96,0.555479,6,-1,-1
229,15122,1784,1083,200,110,0.7908786,4,-1,-1
229,15117,2208,1128,244,106,0.7253779,4,-1,-1
229,15132,2408,979,207,103,0.6710242,4,-1,-1
229,15127,2220,829,162,75,0.62126267,4,-1,-1
229,15125,1431,731,177,96,0.56162333,6,-1,-1
230,15117,2266,1140,257,117,0.7755361,4,-1,-1
230,15122,1834,1093,208,115,0.6893627,4,-1,-1
230,15132,2355,974,204,99,0.64924794,4,-1,-1
230,15127,2198,825,160,75,0.58151966,4,-1,-1
230,15125,1407,726,177,98,0.4596749,6,-1,-1
231,15122,1884,1108,207,108,0.76207644,4,-1,-1
231,15132,2313,964,203,98,0.69994366,4,-1,-1
231,15117,2325,1153,265,123,0.69070476,4,-1,-1
231,15127,2165,822,160,75,0.6208541,4,-1,-1
231,15133,1516,437,47,36,0.4336471,4,-1,-1
231,15134,2685,901,12,87,0.35787696,4,-1,-1
232,15122,1938,1118,213,115,0.77026474,4,-1,-1
232,15117,2384,1166,269,121,0.7477012,4,-1,-1
232,15132,2265,955,205,101,0.7156354,4,-1,-1
232,15127,2142,818,162,74,0.6292146,4,-1,-1
232,15133,1514,436,53,36,0.38165134,4,-1,-1
232,15134,2646,902,46,86,0.34151772,4,-1,-1
232,15135,978,1412,318,90,0.3078901,4,-1,-1
233,15122,1984,1126,219,118,0.7436638,4,-1,-1
233,15132,2222,949,204,93,0.6047142,4,-1,-1
233,15127,2121,816,152,72,0.5999964,4,-1,-1
233,15117,2446,1183,235,107,0.53847253,4,-1,-1
233,15134,2626,903,65,74,0.44499424,4,-1,-1
233,15133,1527,428,65,44,0.40714955,4,-1,-1
234,15122,2041,1139,222,122,0.80810183,4,-1,-1
234,15132,2184,943,198,98,0.7230399,4,-1,-1
234,15134,2591,901,104,74,0.6296554,4,-1,-1
234,15117,2508,1193,194,111,0.62158835,4,-1,-1
234,15127,2099,813,145,67,0.5393632,4,-1,-1
234,15133,1527,429,67,43,0.4475085,4,-1,-1
235,15132,2147,933,192,99,0.720681,4,-1,-1
235,15122,2098,1155,233,119,0.6984773,4,-1,-1
235,15127,2067,810,149,68,0.5851994,4,-1,-1
235,15134,2555,897,145,83,0.5561636,4,-1,-1
235,15117,2563,1198,134,134,0.48592833,4,-1,-1
235,15133,1527,429,64,44,0.43402785,4,-1,-1
236,15122,2149,1165,233,123,0.7246528,4,-1,-1
236,15127,2040,806,151,70,0.6788602,4,-1,-1
236,15132,2103,927,192,92,0.61019385,4,-1,-1
236,15134,2516,896,181,83,0.47027093,4,-1,-1
236,15117,2639,1205,59,158,0.42897096,4,-1,-1
236,15133,1511,430,60,39,0.40435869,4,-1,-1
237,15122,2215,1178,229,123,0.793851,4,-1,-1
237,15132,2067,921,187,94,0.69379956,4,-1,-1
237,15127,2017,803,147,69,0.69127655,4,-1,-1
237,15134,2491,891,188,78,0.6046656,4,-1,-1
237,15133,1509,431,58,38,0.41113266,4,-1,-1
238,15122,2272,1192,243,128,0.7117514,4,-1,-1
238,15134,2461,886,191,83,0.6686542,4,-1,-1
238,15127,1994,800,145,70,0.61327827,4,-1,-1
238,15132,2026,913,185,94,0.5871639,4,-1,-1
238,15133,1510,432,57,38,0.42451155,4,-1,-1
239,15122,2334,1205,243,126,0.758813,4,-1,-1
239,15132,1997,906,179,89,0.60060364,4,-1,-1
239,15134,2440,883,185,82,0.5872292,4,-1,-1
239,15127,1970,796,147,70,0.5265003,4,-1,-1
239,15133,1509,432,60,36,0.32037824,4,-1,-1
239,15136,989,1415,333,85,0.3119202,4,-1,-1
240,15122,2395,1220,253,128,0.7590184,4,-1,-1
240,15134,2407,880,186,84,0.69059414,4,-1,-1
240,15132,1956,895,180,95,0.6407354,4,-1,-1
240,15127,1952,794,141,72,0.4435937,4,-1,-1
240,15133,1506,432,63,38,0.34984136,4,-1,-1
241,15122,2462,1234,234,134,0.71381867,4,-1,-1
241,15134,2384,877,180,87,0.7106469,4,-1,-1
241,15132,1917,891,178,94,0.57907605,4,-1,-1
241,15127,1920,788,139,68,0.56768996,4,-1,-1
241,15133,1504,431,65,39,0.40273556,4,-1,-1
242,15132,1875,884,181,93,0.6566178,4,-1,-1
242,15127,1898,785,135,69,0.6516479,4,-1,-1
242,15134,2357,872,182,91,0.559986,4,-1,-1
242,15122,2535,1241,164,138,0.52673763,4,-1,-1
242,15133,1503,431,66,40,0.40749836,4,-1,-1
243,15127,1876,782,135,69,0.6585275,4,-1,-1
243,15132,1839,879,176,93,0.64512527,4,-1,-1
243,15134,2322,865,182,86,0.60299766,4,-1,-1
243,15122,2599,1248,96,161,0.4774548,4,-1,-1
243,15133,1490,431,66,39,0.3827346,4,-1,-1
244,15134,2298,862,178,87,0.67496437,4,-1,-1
244,15127,1853,778,135,69,0.64612746,4,-1,-1
244,15132,1810,870,172,98,0.6050341,4,-1,-1
244,15133,1489,433,65,41,0.355518,4,-1,-1
244,15122,2644,1223,54,167,0.33561987,4,-1,-1
245,15132,1769,863,174,92,0.6246288,4,-1,-1
245,15134,2264,859,178,86,0.605817,4,-1,-1
245,15127,1832,773,136,73,0.56673616,4,-1,-1
245,15133,1496,433,53,39,0.3876586,4,-1,-1
246,15134,2239,851,177,89,0.6330159,4,-1,-1
246,15132,1737,859,169,93,0.6264493,4,-1,-1
246,15127,1810,767,133,70,0.5494075,4,-1,-1
246,15137,1526,427,67,44,0.408346,4,-1,-1
247,15132,1708,852,165,94,0.58875525,4,-1,-1
247,15127,1792,763,125,70,0.5842644,4,-1,-1
247,15134,2214,847,174,95,0.49951875,4,-1,-1
247,15137,1525,428,67,45,0.4076935,4,-1,-1
248,15132,1673,848,161,91,0.5343869,4,-1,-1
248,15127,1759,759,124,70,0.5270397,4,-1,-1
248,15134,2182,844,172,85,0.5122919,4,-1,-1
248,15137,1524,429,71,43,0.37929273,4,-1,-1
249,15134,2159,840,172,88,0.6152058,4,-1,-1
249,15132,1648,844,157,87,0.57222563,4,-1,-1
249,15127,1749,754,125,71,0.48565307,4,-1,-1
249,15137,1529,422,66,39,0.30121458,4,-1,-1
250,15134,2136,838,167,85,0.6983806,4,-1,-1
250,15127,1710,753,136,70,0.45188487,4,-1,-1
250,15132,1613,838,152,88,0.38121822,4,-1,-1
250,15138,1613,838,152,88,0.5499993,5,-1,-1
251,15134,2113,836,165,88,0.6341189,4,-1,-1
251,15132,1583,830,157,88,0.5342913,4,-1,-1
251,15127,1693,748,128,69,0.46508378,4,-1,-1
252,15132,1547,823,155,86,0.58501923,4,-1,-1
252,15134,2091,834,165,84,0.57625955,4,-1,-1
252,15127,1670,745,129,71,0.538731,4,-1,-1
253,15132,1523,821,150,87,0.56516284,4,-1,-1
253,15134,2058,832,163,86,0.55586106,4,-1,-1
253,15127,1663,743,128,74,0.5492477,4,-1,-1
254,15134,2037,831,160,84,0.48787355,4,-1,-1
254,15132,1488,818,144,86,0.36676526,4,-1,-1
254,15139,1528,421,67,41,0.35740802,4,-1,-1
255,15134,2015,826,156,81,0.46248183,4,-1,-1
255,15132,1464,813,144,86,0.3779246,4,-1,-1
255,15139,1527,429,64,44,0.35812432,4,-1,-1
256,15134,1995,826,149,79,0.51336837,4,-1,-1
256,15139,1523,426,76,47,0.31010512,4,-1,-1
257,15134,1971,826,151,81,0.5237841,4,-1,-1
257,15139,1524,430,69,44,0.34942803,4,-1,-1
258,15134,1944,826,157,78,0.53441,4,-1,-1
259,15134,1918,827,145,76,0.5059075,4,-1,-1
259,15140,1529,436,63,46,0.3455539,4,-1,-1
260,15134,1895,821,144,81,0.6046246,4,-1,-1
260,15140,1528,434,63,46,0.43521893,4,-1,-1
261,15134,1873,820,146,77,0.60773844,4,-1,-1
261,15140,1517,440,47,40,0.38289648,4,-1,-1
262,15134,1850,816,147,78,0.628519,4,-1,-1
262,15140,1536,436,52,42,0.41489825,4,-1,-1
263,15134,1824,811,150,83,0.5366828,4,-1,-1
264,15134,1800,806,148,82,0.44744778,4,-1,-1
265,15134,1771,804,144,80,0.5314225,4,-1,-1
