1,16120,1611,674,70,104,0.4126538,1,-1,-1
6,16121,1347,492,249,109,0.4332752,6,-1,-1
7,16121,1366,492,227,101,0.3132947,6,-1,-1
7,16122,392,654,251,110,0.36417726,6,-1,-1
8,16122,424,653,238,106,0.5309721,6,-1,-1
8,16123,2570,1184,72,121,0.38353598,1,-1,-1
9,16122,453,634,251,116,0.53226686,6,-1,-1
9,16124,0,440,67,89,0.34107786,4,-1,-1
10,16122,484,633,238,109,0.56783795,6,-1,-1
11,16122,519,635,222,100,0.51259404,6,-1,-1
12,16122,555,623,220,97,0.41569653,6,-1,-1
12,16125,555,623,220,97,0.3529755,4,-1,-1
13,16122,581,616,221,105,0.54576087,6,-1,-1
14,16122,611,615,206,99,0.33569035,6,-1,-1
15,16122,630,614,212,100,0.35942402,6,-1,-1
16,16122,663,611,216,102,0.39812052,6,-1,-1
17,16122,691,599,207,100,0.44469923,6,-1,-1
18,16122,719,596,197,96,0.3950608,6,-1,-1
19,16122,758,593,193,97,0.46336588,6,-1,-1
20,16122,784,590,199,102,0.38190165,6,-1,-1
21,16122,823,584,197,95,0.4865284,6,-1,-1
22,16122,869,578,190,100,0.6264542,6,-1,-1
23,16122,920,577,177,96,0.5677291,6,-1,-1
23,16126,1200,879,161,89,0.47208676,4,-1,-1
23,16127,920,577,177,96,0.3973005,4,-1,-1
24,16122,959,575,181,95,0.6130028,6,-1,-1
24,16126,1244,879,159,87,0.3563266,4,-1,-1
25,16122,1005,574,176,92,0.62262964,6,-1,-1
26,16122,1050,573,163,95,0.49033976,6,-1,-1
26,16128,1330,897,157,82,0.4209752,4,-1,-1
27,16122,1108,569,138,82,0.5228383,6,-1,-1
27,16128,1377,900,155,84,0.5075254,4,-1,-1
28,16122,1128,564,152,89,0.5633348,6,-1,-1
28,16128,1423,906,151,86,0.34338507,4,-1,-1
29,16122,1174,564,142,86,0.591886,6,-1,-1
29,16128,1460,917,165,89,0.5003631,4,-1,-1
29,16129,2634,1099,56,106,0.39769727,1,-1,-1
29,16130,2574,1064,89,98,0.37785608,1,-1,-1
29,16131,1174,564,142,86,0.30569637,4,-1,-1
30,16122,1211,560,143,90,0.6360096,6,-1,-1
30,16128,1516,920,170,91,0.3273327,4,-1,-1
31,16122,1254,559,145,85,0.7034304,6,-1,-1
31,16128,1559,938,168,89,0.45948645,4,-1,-1
31,16132,2629,1068,69,105,0.45951036,1,-1,-1
32,16122,1295,560,139,79,0.5408784,6,-1,-1
32,16132,2664,1069,34,101,0.3158481,1,-1,-1
32,16133,1295,560,139,79,0.3309198,4,-1,-1
33,16122,1330,557,132,87,0.5462161,6,-1,-1
33,16134,290,441,123,72,0.310477,5,-1,-1
34,16122,1364,550,139,82,0.5960574,6,-1,-1
34,16134,309,439,126,71,0.33051443,5,-1,-1
34,16135,1682,961,187,93,0.5640204,4,-1,-1
35,16122,1387,547,141,84,0.6549606,6,-1,-1
35,16135,1721,962,187,98,0.43726477,4,-1,-1
36,16122,1406,548,132,79,0.6747342,6,-1,-1
36,16135,1750,973,183,105,0.55263203,4,-1,-1
36,16136,331,442,111,71,0.31165385,5,-1,-1
37,16122,1427,545,133,80,0.7132404,6,-1,-1
37,16135,1786,978,188,103,0.5681617,4,-1,-1
37,16136,329,441,113,72,0.3971922,5,-1,-1
38,16122,1434,544,132,79,0.71125627,6,-1,-1
38,16135,1807,982,193,103,0.46157297,4,-1,-1
38,16136,328,441,115,73,0.3660145,5,-1,-1
39,16122,1454,541,127,81,0.7275107,6,-1,-1
39,16135,1846,993,195,110,0.44984728,4,-1,-1
39,16136,317,443,117,71,0.40550676,5,-1,-1
40,16122,1472,540,132,78,0.66572195,6,-1,-1
40,16135,1884,1002,196,106,0.4944181,4,-1,-1
40,16136,318,442,118,71,0.3582904,5,-1,-1
40,16137,1478,827,123,70,0.34883985,4,-1,-1
41,16122,1481,540,127,75,0.56331664,6,-1,-1
41,16135,1909,1011,202,114,0.4901381,4,-1,-1
41,16138,1425,554,98,64,0.41890186,4,-1,-1
42,16122,1505,542,113,71,0.6117262,6,-1,-1
42,16135,1949,1019,199,105,0.51564634,4,-1,-1
42,16139,1519,839,137,72,0.5312569,4,-1,-1
43,16122,1522,531,117,73,0.6303357,6,-1,-1
43,16139,1549,844,138,73,0.5366051,4,-1,-1
43,16135,1989,1034,198,106,0.50712204,4,-1,-1
43,16140,1451,555,93,54,0.50047123,4,-1,-1
44,16122,1539,526,118,79,0.6195721,6,-1,-1
44,16135,2016,1039,204,105,0.55889153,4,-1,-1
44,16139,1574,850,142,74,0.52562743,4,-1,-1
45,16122,1548,527,120,75,0.7077087,6,-1,-1
45,16135,2056,1045,207,108,0.5557262,4,-1,-1
45,16139,1601,859,140,72,0.49233484,4,-1,-1
45,16141,1326,1083,58,56,0.35196048,1,-1,-1
46,16122,1568,525,114,75,0.670591,6,-1,-1
46,16135,2097,1059,210,106,0.6346115,4,-1,-1
46,16139,1632,863,147,77,0.58721596,4,-1,-1
46,16142,1493,557,93,48,0.4029829,4,-1,-1
47,16122,1584,523,114,73,0.6638064,6,-1,-1
47,16135,2133,1064,217,114,0.5532458,4,-1,-1
47,16139,1658,871,149,76,0.51342463,4,-1,-1
48,16122,1588,521,121,79,0.7240378,6,-1,-1
48,16135,2171,1075,226,121,0.6632396,4,-1,-1
48,16139,1680,880,154,78,0.5219877,4,-1,-1
48,16143,316,437,118,74,0.3235457,5,-1,-1
49,16139,1715,883,161,81,0.65924627,4,-1,-1
49,16122,1612,521,108,72,0.6176909,6,-1,-1
49,16135,2210,1081,230,118,0.56925625,4,-1,-1
50,16135,2252,1097,234,119,0.62244296,4,-1,-1
50,16122,1625,522,115,68,0.5749014,6,-1,-1
50,16139,1751,889,162,84,0.47337872,4,-1,-1
50,16144,317,443,113,68,0.40270382,4,-1,-1
51,16139,1782,900,158,81,0.6692617,4,-1,-1
51,16122,1636,519,111,75,0.63151556,6,-1,-1
51,16135,2293,1113,235,119,0.5053237,4,-1,-1
51,16144,317,443,111,71,0.3059756,4,-1,-1
51,16145,317,443,111,71,0.4300265,5,-1,-1
52,16139,1815,904,166,88,0.63613945,4,-1,-1
52,16135,2341,1120,230,114,0.6346642,4,-1,-1
52,16122,1655,521,101,68,0.53967416,6,-1,-1
52,16145,317,441,111,75,0.41830942,5,-1,-1
53,16139,1843,910,165,85,0.52789456,4,-1,-1
53,16135,2386,1134,230,117,0.5201721,4,-1,-1
53,16122,1664,515,101,69,0.45884037,6,-1,-1
53,16145,319,443,107,73,0.4402238,5,-1,-1
54,16139,1876,921,176,88,0.67708725,4,-1,-1
54,16135,2430,1143,249,119,0.5057937,4,-1,-1
54,16122,1677,515,100,68,0.4368124,6,-1,-1
54,16145,318,438,109,78,0.31053388,5,-1,-1
55,16139,1918,927,171,89,0.5885781,4,-1,-1
55,16135,2467,1150,234,140,0.5603465,4,-1,-1
55,16122,1681,510,110,75,0.5453543,6,-1,-1
56,16139,1947,938,173,86,0.58266556,4,-1,-1
56,16135,2515,1157,183,134,0.52508825,4,-1,-1
56,16122,1705,511,101,68,0.4031255,6,-1,-1
57,16139,1982,941,183,94,0.6338004,4,-1,-1
57,16122,1717,510,102,67,0.4332281,6,-1,-1
57,16135,2563,1175,130,140,0.42657652,4,-1,-1
58,16139,2024,954,179,92,0.5618384,4,-1,-1
58,16122,1722,507,105,70,0.48696506,6,-1,-1
59,16139,2060,962,189,93,0.7108721,4,-1,-1
59,16122,1729,505,100,69,0.42669958,6,-1,-1
59,16146,314,444,109,70,0.40661526,4,-1,-1
59,16147,2676,1194,22,137,0.36122078,4,-1,-1
59,16148,74,526,85,60,0.3338562,4,-1,-1
60,16139,2103,966,185,98,0.65583146,4,-1,-1
60,16122,1748,508,99,65,0.4748007,6,-1,-1
61,16139,2141,980,198,97,0.68146443,4,-1,-1
61,16149,312,444,110,70,0.3100012,4,-1,-1
62,16139,2180,985,203,102,0.59433657,4,-1,-1
63,16139,2223,995,203,101,0.6213696,4,-1,-1
63,16150,102,528,81,64,0.31564578,4,-1,-1
64,16139,2266,1003,203,102,0.6558092,4,-1,-1
64,16150,113,529,80,62,0.39364016,4,-1,-1
64,16151,313,436,110,76,0.3642261,5,-1,-1
65,16139,2306,1012,213,107,0.5727909,4,-1,-1
65,16150,120,533,78,56,0.3531475,4,-1,-1
66,16139,2348,1022,214,102,0.645209,4,-1,-1
66,16152,312,436,109,73,0.3413604,5,-1,-1
67,16139,2407,1036,210,105,0.5854148,4,-1,-1
67,16152,312,438,109,70,0.33739862,5,-1,-1
67,16153,131,535,84,63,0.34499893,4,-1,-1
67,16154,1315,1087,69,44,0.3246766,1,-1,-1
68,16139,2451,1045,216,107,0.6571392,4,-1,-1
68,16153,138,537,83,64,0.34417987,4,-1,-1
68,16155,1827,455,109,85,0.38245976,6,-1,-1
68,16156,309,440,112,67,0.3760257,4,-1,-1
69,16139,2503,1060,191,106,0.64783555,4,-1,-1
69,16157,1316,1086,64,51,0.33820274,1,-1,-1
70,16139,2552,1065,143,112,0.54373676,4,-1,-1
70,16158,297,438,117,71,0.39117208,5,-1,-1
71,16139,2600,1078,94,113,0.50680155,4,-1,-1
71,16158,297,440,118,70,0.4774472,5,-1,-1
72,16139,2669,1073,27,124,0.3142183,4,-1,-1
72,16159,161,550,78,62,0.4568163,4,-1,-1
72,16160,298,445,115,65,0.31734565,4,-1,-1
73,16159,166,552,79,63,0.39340907,4,-1,-1
74,16159,167,555,81,65,0.42617336,4,-1,-1
74,16161,296,441,116,69,0.5269102,5,-1,-1
75,16159,180,558,81,64,0.46354553,4,-1,-1
75,16161,298,444,110,66,0.43125153,5,-1,-1
75,16162,1310,1110,67,47,0.5786813,1,-1,-1
76,16161,297,441,111,70,0.36591804,5,-1,-1
76,16159,179,564,90,66,0.34959802,4,-1,-1
77,16161,294,440,115,73,0.42278025,5,-1,-1
77,16159,186,565,84,64,0.41375414,4,-1,-1
77,16163,1311,1118,65,47,0.33326593,1,-1,-1
78,16159,186,568,86,66,0.4420179,4,-1,-1
78,16161,294,443,112,69,0.33095676,5,-1,-1
79,16159,197,571,85,66,0.4106254,4,-1,-1
79,16161,294,443,110,69,0.30804297,5,-1,-1
80,16159,197,572,91,68,0.50504285,4,-1,-1
81,16159,196,575,96,73,0.33124536,4,-1,-1
82,16159,198,583,96,73,0.34449258,4,-1,-1
82,16164,1291,1135,68,56,0.41326937,1,-1,-1
82,16165,1780,464,115,67,0.40149966,5,-1,-1
82,16166,268,441,115,73,0.32598886,4,-1,-1
83,16164,1277,1145,62,55,0.66448873,1,-1,-1
83,16159,182,585,90,73,0.46601394,4,-1,-1
84,16164,1259,1146,63,63,0.55004996,1,-1,-1
84,16159,159,590,95,77,0.38463685,4,-1,-1
84,16167,1738,463,114,69,0.5662747,4,-1,-1
85,16164,1240,1158,60,52,0.5144359,1,-1,-1
85,16167,1715,466,116,70,0.37536293,4,-1,-1
85,16159,134,605,101,71,0.36122453,4,-1,-1
85,16168,1715,466,116,70,0.35197216,5,-1,-1
86,16164,1217,1167,61,55,0.48786497,1,-1,-1
86,16168,1696,468,112,71,0.3348047,5,-1,-1
87,16164,1201,1171,54,60,0.33004737,1,-1,-1
87,16169,1656,468,116,71,0.3474184,4,-1,-1
88,16169,1636,470,114,68,0.3193773,4,-1,-1
89,16170,82,630,105,72,0.42344654,4,-1,-1
89,16171,1181,1185,53,63,0.40109763,1,-1,-1
90,16171,1177,1190,56,62,0.46853983,1,-1,-1
90,16170,80,633,113,75,0.39003673,4,-1,-1
91,16171,1176,1194,59,52,0.4221482,1,-1,-1
93,16172,1175,1200,53,54,0.34662625,1,-1,-1
95,16173,1171,1203,58,49,0.33916137,1,-1,-1
97,16174,1583,477,125,74,0.30988646,6,-1,-1
98,16175,1172,1212,56,55,0.37569574,1,-1,-1
99,16175,1166,1215,59,55,0.49471027,1,-1,-1
99,16176,1570,473,140,81,0.3083187,6,-1,-1
99,16177,1565,476,129,76,0.30365607,4,-1,-1
100,16176,1571,474,140,81,0.31739983,6,-1,-1
101,16178,1168,1218,51,52,0.3129673,1,-1,-1
103,16179,1167,1213,51,56,0.35092592,1,-1,-1
104,16179,1156,1217,58,54,0.3983563,1,-1,-1
105,16179,1158,1221,54,51,0.4445789,1,-1,-1
105,16180,1535,477,128,81,0.40531507,6,-1,-1
106,16180,1522,479,124,75,0.4256031,6,-1,-1
106,16179,1159,1228,55,58,0.32811674,1,-1,-1
107,16180,1517,480,133,80,0.42623958,6,-1,-1
107,16179,1155,1222,59,54,0.32956696,1,-1,-1
108,16180,1510,477,140,83,0.38496488,6,-1,-1
109,16180,1498,482,134,76,0.3683967,6,-1,-1
109,16181,1153,1234,58,47,0.541981,1,-1,-1
110,16181,1151,1237,60,44,0.5850076,1,-1,-1
110,16180,1497,483,134,76,0.36692518,6,-1,-1
111,16181,1157,1232,54,53,0.38341525,1,-1,-1
112,16181,1149,1224,64,49,0.32608494,1,-1,-1
112,16182,77,461,122,75,0.33027086,4,-1,-1
112,16183,1485,480,144,79,0.32639626,6,-1,-1
113,16181,1148,1235,63,45,0.35267347,1,-1,-1
113,16184,1470,485,136,77,0.32356358,5,-1,-1
114,16181,1150,1237,59,46,0.5594029,1,-1,-1
114,16184,1466,483,141,84,0.34979087,5,-1,-1
115,16181,1150,1235,60,44,0.5618469,1,-1,-1
115,16184,1453,487,139,77,0.3554569,5,-1,-1
116,16184,1452,486,136,75,0.35097262,5,-1,-1
118,16185,1140,1237,62,54,0.52799374,1,-1,-1
119,16185,1133,1235,57,62,0.38785347,1,-1,-1
119,16186,1406,493,143,82,0.31546086,4,-1,-1
120,16185,1111,1238,60,61,0.53688383,1,-1,-1
121,16185,1090,1243,59,52,0.5349178,1,-1,-1
121,16187,1390,487,124,78,0.34895062,6,-1,-1
122,16185,1081,1245,58,47,0.3893106,1,-1,-1
123,16185,1070,1243,58,53,0.38558498,1,-1,-1
123,16188,1319,491,151,87,0.43039024,6,-1,-1
123,16189,4,452,93,92,0.40774095,4,-1,-1
124,16185,1063,1255,61,47,0.5296914,1,-1,-1
126,16190,1062,1257,66,44,0.38518414,1,-1,-1
126,16191,1290,495,157,86,0.36461937,5,-1,-1
127,16190,1058,1257,63,55,0.6163834,1,-1,-1
127,16191,1293,494,150,88,0.3031694,5,-1,-1
128,16190,1060,1259,68,49,0.5770732,1,-1,-1
128,16191,1279,498,146,81,0.3033117,5,-1,-1
129,16190,1062,1260,62,46,0.5594261,1,-1,-1
130,16190,1061,1258,64,49,0.5990812,1,-1,-1
131,16190,1058,1259,65,50,0.60945916,1,-1,-1
132,16190,1060,1258,61,51,0.6468062,1,-1,-1
133,16190,1059,1259,70,50,0.6297385,1,-1,-1
133,16192,1231,502,150,87,0.33563986,5,-1,-1
134,16190,1061,1258,67,49,0.58297676,1,-1,-1
135,16190,1060,1260,67,51,0.5890814,1,-1,-1
135,16193,1199,503,168,89,0.315542,5,-1,-1
136,16190,1059,1260,65,50,0.6086658,1,-1,-1
137,16190,1059,1255,59,54,0.37218505,1,-1,-1
137,16194,1185,513,157,85,0.33655673,5,-1,-1
138,16190,1049,1254,59,59,0.36114642,1,-1,-1
138,16194,1167,512,158,84,0.3173995,5,-1,-1
139,16194,1143,511,165,89,0.34658843,5,-1,-1
139,16195,1680,1003,186,105,0.30675206,4,-1,-1
140,16195,1717,1016,189,103,0.4117784,4,-1,-1
140,16194,1133,511,170,89,0.32664835,5,-1,-1
141,16195,1744,1021,192,105,0.50294185,4,-1,-1
141,16194,1109,512,180,89,0.37980366,5,-1,-1
142,16195,1779,1034,197,106,0.42746234,4,-1,-1
142,16194,1096,512,168,91,0.34052068,5,-1,-1
143,16195,1818,1039,201,105,0.390259,4,-1,-1
143,16196,1024,1255,55,61,0.34219393,1,-1,-1
144,16195,1860,1048,199,103,0.47133005,4,-1,-1
144,16197,1058,511,191,96,0.33093262,5,-1,-1
145,16195,1889,1057,201,106,0.47750074,4,-1,-1
145,16197,1037,510,199,98,0.31343204,5,-1,-1
145,16198,1008,1255,58,56,0.33758605,1,-1,-1
146,16197,1020,514,194,95,0.44481462,5,-1,-1
146,16195,1931,1064,203,105,0.4099551,4,-1,-1
147,16195,1982,1078,211,106,0.47284606,4,-1,-1
147,16197,1008,511,209,103,0.3415339,5,-1,-1
147,16199,1183,958,67,51,0.3013912,1,-1,-1
148,16195,2026,1087,212,107,0.5420244,4,-1,-1
148,16197,990,511,210,105,0.4814649,5,-1,-1
148,16200,1001,1257,64,61,0.5068609,1,-1,-1
149,16200,999,1258,70,56,0.4959597,1,-1,-1
149,16195,2069,1094,220,119,0.42813367,4,-1,-1
149,16197,988,513,207,102,0.41571203,5,-1,-1
149,16201,2552,984,140,90,0.34088737,4,-1,-1
150,16200,1000,1261,66,47,0.454149,1,-1,-1
150,16197,970,515,207,105,0.36665952,5,-1,-1
150,16201,2514,984,165,79,0.35288978,4,-1,-1
151,16200,1001,1260,66,48,0.5059364,1,-1,-1
151,16201,2469,975,173,79,0.46931785,4,-1,-1
151,16202,2172,1119,220,111,0.363663,4,-1,-1
152,16201,2426,973,185,80,0.59286207,4,-1,-1
152,16202,2214,1126,229,111,0.50462604,4,-1,-1
152,16200,1003,1262,61,49,0.48651734,1,-1,-1
152,16203,949,516,208,105,0.3388383,5,-1,-1
153,16200,1004,1261,56,47,0.51159734,1,-1,-1
153,16201,2388,973,182,79,0.50561893,4,-1,-1
153,16202,2280,1142,221,110,0.45414034,4,-1,-1
154,16200,1004,1259,54,53,0.56372654,1,-1,-1
154,16201,2365,968,170,80,0.50440705,4,-1,-1
154,16202,2333,1152,232,107,0.39646757,4,-1,-1
154,16204,1005,935,174,110,0.5237404,4,-1,-1
154,16205,931,522,200,108,0.32761398,5,-1,-1
155,16200,1004,1259,53,56,0.5367176,1,-1,-1
155,16202,2383,1163,233,116,0.48338404,4,-1,-1
155,16204,1027,937,184,111,0.44756535,4,-1,-1
155,16205,911,524,205,105,0.4320401,5,-1,-1
155,16201,2325,963,171,80,0.43138495,4,-1,-1
156,16204,1063,947,186,116,0.615111,4,-1,-1
156,16200,1006,1258,49,53,0.5827043,1,-1,-1
156,16202,2444,1178,234,119,0.5601033,4,-1,-1
156,16201,2287,955,171,77,0.42256188,4,-1,-1
156,16205,901,525,216,110,0.42179206,5,-1,-1
157,16204,1084,953,198,116,0.52665424,4,-1,-1
157,16200,1007,1256,53,62,0.48312888,1,-1,-1
157,16201,2260,948,167,83,0.41651422,4,-1,-1
157,16205,898,523,213,115,0.41173613,5,-1,-1
157,16202,2498,1182,200,125,0.40707776,4,-1,-1
158,16205,880,526,217,114,0.61313623,5,-1,-1
158,16204,1126,955,188,117,0.5428071,4,-1,-1
158,16200,1008,1255,55,61,0.452277,1,-1,-1
158,16202,2553,1194,148,138,0.3924031,4,-1,-1
158,16201,2221,942,166,90,0.35993028,4,-1,-1
159,16204,1163,965,191,121,0.544684,4,-1,-1
159,16200,1011,1260,50,54,0.48984045,1,-1,-1
159,16205,874,524,220,118,0.45061824,5,-1,-1
159,16201,2175,938,177,87,0.30029216,4,-1,-1
160,16204,1193,970,189,127,0.54151314,4,-1,-1
160,16205,861,531,214,113,0.5038853,5,-1,-1
160,16200,1015,1256,60,64,0.37400696,1,-1,-1
161,16204,1232,980,192,132,0.5426409,4,-1,-1
161,16205,842,531,215,116,0.44631958,5,-1,-1
161,16206,2115,928,173,80,0.52172935,4,-1,-1
161,16207,1514,1013,187,114,0.36164153,4,-1,-1
162,16205,830,530,227,118,0.54454255,5,-1,-1
162,16204,1267,986,200,134,0.4159743,4,-1,-1
162,16206,2090,921,170,89,0.40594655,4,-1,-1
163,16205,815,533,223,116,0.46502003,5,-1,-1
163,16206,2051,920,170,85,0.4479332,4,-1,-1
163,16204,1291,995,206,143,0.40521497,4,-1,-1
163,16208,1590,1030,196,123,0.32934853,4,-1,-1
164,16205,806,534,228,114,0.4795303,5,-1,-1
164,16204,1337,1005,199,137,0.4424825,4,-1,-1
164,16208,1630,1037,199,119,0.41782403,4,-1,-1
164,16206,2026,918,169,82,0.3682758,4,-1,-1
165,16205,787,540,234,117,0.5283351,5,-1,-1
165,16208,1671,1051,197,117,0.5188701,4,-1,-1
165,16206,1994,910,159,81,0.45886514,4,-1,-1
165,16204,1374,1018,208,143,0.37935448,4,-1,-1
165,16209,1034,1256,45,69,0.41431415,1,-1,-1
166,16209,1033,1257,49,59,0.5736415,1,-1,-1
166,16206,1972,905,152,80,0.5728187,4,-1,-1
166,16205,773,546,226,110,0.5220692,5,-1,-1
166,16208,1711,1058,203,119,0.38781178,4,-1,-1
166,16204,1414,1023,211,145,0.30767915,4,-1,-1
166,16210,1414,1023,211,145,0.36519665,6,-1,-1
167,16205,766,544,232,112,0.6135732,5,-1,-1
167,16206,1934,900,153,79,0.49723953,4,-1,-1
167,16208,1753,1072,204,120,0.41008002,4,-1,-1
167,16209,1032,1260,51,59,0.39898717,1,-1,-1
168,16208,1793,1077,210,122,0.56072176,4,-1,-1
168,16205,745,548,237,113,0.4895731,5,-1,-1
168,16206,1908,891,153,79,0.48270357,4,-1,-1
168,16209,1039,1256,55,59,0.46132022,1,-1,-1
168,16211,1494,1037,220,161,0.32794103,6,-1,-1
169,16206,1873,890,150,74,0.6101011,4,-1,-1
169,16205,737,547,242,115,0.54934585,5,-1,-1
169,16208,1839,1082,205,120,0.5358299,4,-1,-1
169,16211,1529,1048,237,167,0.38064158,6,-1,-1
170,16206,1849,890,147,69,0.69086826,4,-1,-1
170,16205,717,549,246,115,0.62679124,5,-1,-1
170,16208,1884,1095,204,121,0.5657363,4,-1,-1
170,16212,1578,1061,228,154,0.43652856,4,-1,-1
171,16205,705,550,236,117,0.59272224,5,-1,-1
171,16206,1825,885,142,69,0.5078799,4,-1,-1
171,16208,1925,1100,209,121,0.4321089,4,-1,-1
171,16212,1616,1076,238,153,0.3755555,4,-1,-1
171,16213,1045,1254,61,90,0.47149032,1,-1,-1
172,16205,690,549,248,123,0.597924,5,-1,-1
172,16208,1965,1110,219,127,0.38992202,4,-1,-1
172,16206,1788,874,138,71,0.36637107,4,-1,-1
172,16214,1676,1076,234,164,0.35608557,6,-1,-1
173,16205,672,559,249,118,0.4826024,5,-1,-1
173,16206,1764,873,140,73,0.45664227,4,-1,-1
174,16205,658,560,243,119,0.5140356,5,-1,-1
174,16206,1732,869,133,71,0.4765178,4,-1,-1
174,16215,1058,1260,63,80,0.53862906,1,-1,-1
174,16216,1761,1096,244,163,0.34260756,4,-1,-1
175,16205,646,559,251,122,0.6145064,5,-1,-1
175,16215,1060,1256,63,68,0.5534853,1,-1,-1
176,16205,628,561,254,121,0.59574914,5,-1,-1
176,16215,1064,1253,63,72,0.56645423,1,-1,-1
176,16217,1865,1116,248,170,0.36670268,6,-1,-1
177,16205,611,563,252,122,0.6281437,5,-1,-1
177,16215,1065,1253,56,76,0.43564817,1,-1,-1
178,16215,1063,1253,59,65,0.5993872,1,-1,-1
178,16205,584,563,264,126,0.5582318,5,-1,-1
178,16218,1978,1136,263,169,0.35753313,4,-1,-1
179,16215,1065,1255,59,57,0.65049624,1,-1,-1
179,16205,575,565,267,127,0.5901811,5,-1,-1
179,16218,2027,1142,254,162,0.43958244,4,-1,-1
180,16215,1063,1246,64,80,0.70843434,1,-1,-1
180,16205,551,562,274,128,0.5690088,5,-1,-1
181,16205,531,557,275,128,0.5298283,5,-1,-1
181,16215,1068,1235,61,67,0.4342276,1,-1,-1
182,16205,512,545,279,131,0.5388863,5,-1,-1
183,16205,491,540,280,130,0.58328533,5,-1,-1
183,16219,1063,1209,69,77,0.31288904,1,-1,-1
184,16205,470,535,279,126,0.4471115,5,-1,-1
185,16205,460,525,284,129,0.49336162,5,-1,-1
185,16220,1069,1206,58,61,0.39163417,1,-1,-1
186,16205,437,524,292,129,0.4074195,5,-1,-1
186,16221,2473,858,220,171,0.56313014,6,-1,-1
187,16205,415,534,294,130,0.43211442,5,-1,-1
188,16205,386,534,309,131,0.4468935,5,-1,-1
189,16205,364,532,305,135,0.55001193,5,-1,-1
189,16222,2390,855,259,140,0.33540392,6,-1,-1
190,16205,341,529,309,143,0.68137944,5,-1,-1
191,16205,321,535,312,143,0.71281403,5,-1,-1
191,16223,1061,1195,71,58,0.35251877,1,-1,-1
192,16205,297,535,316,144,0.71792966,5,-1,-1
193,16205,266,534,332,149,0.60122395,5,-1,-1
194,16205,246,540,329,141,0.5731682,5,-1,-1
194,16224,1059,1196,73,56,0.5416244,1,-1,-1
195,16205,208,547,332,148,0.58284366,5,-1,-1
195,16224,1058,1194,73,60,0.47092006,1,-1,-1
196,16205,187,547,330,154,0.67765045,5,-1,-1
196,16224,1061,1194,71,57,0.527688,1,-1,-1
197,16205,161,551,337,148,0.7449655,5,-1,-1
197,16224,1060,1194,70,54,0.5110607,1,-1,-1
198,16205,132,554,348,151,0.6465038,5,-1,-1
198,16224,1062,1194,68,51,0.34805375,1,-1,-1
199,16205,96,567,346,148,0.45789614,5,-1,-1
199,16224,1062,1193,68,55,0.34810743,1,-1,-1
200,16205,66,569,362,150,0.4638983,5,-1,-1
201,16205,34,571,378,153,0.48039052,5,-1,-1
202,16225,2044,812,229,128,0.41763982,5,-1,-1
203,16226,-2,577,360,153,0.31073758,5,-1,-1
204,16227,2001,805,221,119,0.31101424,4,-1,-1
205,16228,-4,591,295,146,0.334616,5,-1,-1
205,16229,1977,799,223,128,0.3128433,6,-1,-1
206,16228,0,595,273,144,0.4146072,5,-1,-1
206,16229,1943,797,218,125,0.41039646,6,-1,-1
207,16229,1919,795,217,122,0.5343111,6,-1,-1
207,16230,1059,1186,65,77,0.6076095,1,-1,-1
207,16231,1225,903,166,93,0.4924479,4,-1,-1
208,16229,1897,795,213,117,0.47898933,6,-1,-1
208,16232,0,592,200,151,0.46215558,5,-1,-1
209,16229,1875,788,212,111,0.5411068,6,-1,-1
209,16232,-1,595,186,146,0.52559257,5,-1,-1
209,16233,1300,927,177,85,0.40924835,4,-1,-1
210,16229,1840,787,215,110,0.63808274,6,-1,-1
210,16232,-3,599,155,140,0.3439213,5,-1,-1
210,16234,-3,599,155,140,0.5062246,4,-1,-1
211,16229,1816,782,217,113,0.6870673,6,-1,-1
211,16234,0,598,115,144,0.47768047,4,-1,-1
211,16232,0,598,115,144,0.41058043,5,-1,-1
211,16235,1085,919,158,85,0.561956,4,-1,-1
211,16236,1367,936,182,96,0.48879695,4,-1,-1
212,16229,1795,779,209,112,0.7172779,6,-1,-1
212,16235,1121,924,162,91,0.67185336,4,-1,-1
212,16234,-4,600,85,140,0.3631269,4,-1,-1
212,16232,-4,600,85,140,0.3595531,5,-1,-1
212,16236,1408,945,180,95,0.31150392,4,-1,-1
213,16229,1771,779,209,107,0.63066477,6,-1,-1
213,16236,1444,956,192,101,0.55336696,4,-1,-1
213,16235,1159,934,153,90,0.48679528,4,-1,-1
213,16232,-1,605,59,160,0.40936062,5,-1,-1
213,16237,1062,1188,59,73,0.43622094,1,-1,-1
214,16235,1187,939,161,92,0.65236425,4,-1,-1
214,16236,1486,965,192,98,0.5629353,4,-1,-1
214,16229,1752,772,204,104,0.55019766,6,-1,-1
215,16235,1224,944,162,96,0.68795824,4,-1,-1
215,16236,1524,973,202,105,0.62323976,4,-1,-1
215,16229,1730,767,205,107,0.61247027,6,-1,-1
215,16238,1060,1185,58,69,0.59520006,1,-1,-1
216,16229,1693,765,213,108,0.67864925,6,-1,-1
216,16236,1565,978,205,110,0.60995716,4,-1,-1
216,16238,1059,1187,59,68,0.6073437,1,-1,-1
216,16235,1251,953,163,97,0.5211832,4,-1,-1
216,16239,2597,885,95,77,0.3789384,4,-1,-1
217,16235,1290,960,166,99,0.6853766,4,-1,-1
217,16229,1675,762,208,106,0.66954386,6,-1,-1
217,16236,1609,991,204,108,0.61817175,4,-1,-1
217,16238,1061,1186,54,64,0.36297187,1,-1,-1
217,16239,2563,883,131,81,0.32797664,4,-1,-1
218,16229,1655,762,204,100,0.6213711,6,-1,-1
218,16235,1325,970,171,105,0.5894436,4,-1,-1
218,16236,1650,1001,211,108,0.5352696,4,-1,-1
218,16239,2543,879,152,83,0.3889452,4,-1,-1
219,16229,1629,760,207,104,0.6507246,6,-1,-1
219,16235,1364,977,175,107,0.6493348,4,-1,-1
219,16236,1694,1010,210,115,0.50255454,4,-1,-1
219,16239,2509,877,177,77,0.35448402,4,-1,-1
219,16240,1051,1188,58,60,0.4390202,1,-1,-1
220,16229,1613,754,197,98,0.582673,6,-1,-1
220,16239,2470,870,188,75,0.5306002,4,-1,-1
220,16236,1737,1019,210,112,0.49167243,4,-1,-1
220,16240,1048,1186,61,65,0.48931736,1,-1,-1
220,16235,1403,988,178,111,0.46318907,4,-1,-1
221,16239,2443,866,188,73,0.6520911,4,-1,-1
221,16235,1433,999,179,106,0.6492185,4,-1,-1
221,16236,1794,1034,206,109,0.63341,4,-1,-1
221,16240,1057,1184,61,69,0.620127,1,-1,-1
221,16229,1590,751,201,101,0.54177713,6,-1,-1
222,16236,1837,1044,216,110,0.63214403,4,-1,-1
222,16240,1058,1184,61,71,0.5977235,1,-1,-1
222,16235,1472,1004,181,108,0.5525745,4,-1,-1
222,16239,2421,861,181,73,0.5284076,4,-1,-1
222,16229,1564,745,207,104,0.46928,6,-1,-1
223,16235,1514,1016,184,109,0.6563832,4,-1,-1
223,16236,1891,1055,221,112,0.6069207,4,-1,-1
223,16229,1542,740,206,109,0.60454404,6,-1,-1
223,16240,1058,1184,59,70,0.5650426,1,-1,-1
223,16239,2386,858,185,76,0.5138471,4,-1,-1
223,16241,2688,1019,9,104,0.35519543,4,-1,-1
224,16236,1933,1064,230,114,0.6363588,4,-1,-1
224,16235,1555,1024,185,110,0.55110437,4,-1,-1
224,16240,1058,1184,58,65,0.5300879,1,-1,-1
224,16239,2360,855,183,80,0.4735897,4,-1,-1
225,16235,1598,1037,186,111,0.6887407,4,-1,-1
225,16236,1995,1080,227,114,0.6600915,4,-1,-1
225,16239,2322,849,188,77,0.47836497,4,-1,-1
225,16240,1050,1186,59,65,0.47111154,1,-1,-1
225,16242,2596,1018,102,99,0.5484188,4,-1,-1
226,16242,2544,1006,158,98,0.6847337,4,-1,-1
226,16239,2301,847,181,71,0.6209261,4,-1,-1
226,16236,2041,1089,235,121,0.5715054,4,-1,-1
226,16235,1642,1045,188,109,0.5493324,4,-1,-1
226,16240,1050,1183,58,69,0.42547816,1,-1,-1
227,16242,2502,999,200,101,0.7331974,4,-1,-1
227,16236,2099,1101,233,113,0.7091118,4,-1,-1
227,16235,1696,1059,188,113,0.6831816,4,-1,-1
227,16239,2277,845,176,71,0.58816236,4,-1,-1
227,16243,1470,731,180,97,0.34174114,6,-1,-1
228,16242,2444,987,225,96,0.6393185,4,-1,-1
228,16235,1742,1070,190,116,0.61498094,4,-1,-1
228,16236,2145,1113,245,117,0.59955615,4,-1,-1
228,16239,2241,840,182,72,0.50241995,4,-1,-1
228,16243,1455,731,163,92,0.4290734,6,-1,-1
229,16235,1787,1082,193,110,0.6962662,4,-1,-1
229,16236,2207,1126,244,112,0.6824854,4,-1,-1
229,16242,2407,982,209,92,0.64881366,4,-1,-1
229,16239,2218,839,176,68,0.45653814,4,-1,-1
230,16236,2268,1139,248,116,0.77033687,4,-1,-1
230,16242,2357,978,204,94,0.6074524,4,-1,-1
230,16235,1841,1093,194,114,0.60722417,4,-1,-1
230,16239,2197,830,170,70,0.51001424,4,-1,-1
230,16244,1418,728,155,89,0.34414542,6,-1,-1
231,16236,2326,1152,259,125,0.7192039,4,-1,-1
231,16235,1886,1105,202,112,0.71224827,4,-1,-1
231,16242,2313,969,205,90,0.6056937,4,-1,-1
231,16239,2174,827,167,71,0.45164827,4,-1,-1
231,16245,2685,911,16,74,0.3738479,4,-1,-1
232,16236,2386,1164,264,121,0.752783,4,-1,-1
232,16235,1941,1117,207,114,0.6561081,4,-1,-1
232,16242,2267,961,205,91,0.5687742,4,-1,-1
232,16239,2141,822,168,70,0.3658963,4,-1,-1
233,16235,1991,1125,208,117,0.6907016,4,-1,-1
233,16242,2226,950,199,87,0.5972041,4,-1,-1
233,16239,2120,819,159,69,0.5390089,4,-1,-1
233,16236,2442,1179,242,113,0.52415055,4,-1,-1
233,16246,2626,909,69,66,0.55985016,4,-1,-1
234,16235,2043,1140,218,119,0.72345996,4,-1,-1
234,16242,2186,946,200,91,0.6559799,4,-1,-1
234,16246,2593,906,106,70,0.6196649,4,-1,-1
234,16236,2504,1190,204,135,0.551584,4,-1,-1
234,16239,2094,816,160,73,0.40980077,4,-1,-1
234,16247,1056,1187,64,61,0.47000974,1,-1,-1
235,16242,2145,935,196,97,0.63819283,4,-1,-1
235,16235,2102,1157,224,118,0.6211062,4,-1,-1
235,16236,2577,1200,126,132,0.5459866,4,-1,-1
235,16246,2554,902,148,80,0.50098133,4,-1,-1
235,16239,2058,809,163,70,0.42807123,4,-1,-1
235,16247,1047,1186,65,64,0.40470442,1,-1,-1
236,16235,2153,1163,226,123,0.7045549,4,-1,-1
236,16239,2033,808,167,69,0.5547553,4,-1,-1
236,16242,2102,926,197,92,0.4967386,4,-1,-1
236,16246,2514,899,186,83,0.43227637,4,-1,-1
236,16236,2639,1208,63,117,0.38890934,4,-1,-1
236,16247,1046,1187,67,65,0.36258298,1,-1,-1
237,16235,2215,1176,228,124,0.71394753,4,-1,-1
237,16242,2063,923,193,91,0.5670261,4,-1,-1
237,16247,1044,1186,71,61,0.4761159,1,-1,-1
237,16239,2014,806,154,67,0.42444462,4,-1,-1
237,16246,2489,893,193,74,0.39471257,4,-1,-1
238,16235,2275,1192,237,128,0.6585901,4,-1,-1
238,16246,2462,892,193,76,0.4860469,4,-1,-1
238,16247,1045,1187,69,56,0.47002196,1,-1,-1
238,16239,1990,801,155,69,0.4554708,4,-1,-1
238,16242,2024,913,187,96,0.3294874,4,-1,-1
239,16235,2334,1202,244,130,0.67313135,4,-1,-1
239,16246,2437,889,190,75,0.5415348,4,-1,-1
239,16247,1043,1188,69,57,0.5349325,1,-1,-1
239,16242,1995,906,183,87,0.5022049,4,-1,-1
239,16239,1969,798,150,65,0.39590758,4,-1,-1
240,16235,2391,1216,260,132,0.604498,4,-1,-1
240,16246,2402,883,195,82,0.5766042,4,-1,-1
240,16247,1044,1192,64,49,0.49456793,1,-1,-1
240,16242,1960,897,172,92,0.43857008,4,-1,-1
240,16239,1937,798,150,68,0.32867464,4,-1,-1
241,16246,2377,880,190,83,0.6166688,4,-1,-1
241,16235,2461,1232,240,137,0.57327837,4,-1,-1
241,16247,1044,1191,66,51,0.5368735,1,-1,-1
241,16242,1915,893,178,93,0.5092236,4,-1,-1
241,16239,1914,789,150,67,0.49627277,4,-1,-1
242,16247,1041,1190,70,55,0.5833626,1,-1,-1
242,16242,1876,884,180,90,0.5292345,4,-1,-1
242,16239,1894,787,143,68,0.50263166,4,-1,-1
242,16235,2516,1240,183,135,0.44628146,4,-1,-1
242,16246,2339,874,196,86,0.44115824,4,-1,-1
243,16247,1041,1191,70,54,0.58015764,1,-1,-1
243,16246,2316,866,191,83,0.53799975,4,-1,-1
243,16242,1841,882,171,89,0.50026095,4,-1,-1
243,16239,1874,786,141,65,0.45992264,4,-1,-1
243,16235,2597,1251,100,147,0.44156563,4,-1,-1
244,16246,2293,865,187,83,0.56238157,4,-1,-1
244,16239,1854,781,135,67,0.49345183,4,-1,-1
244,16242,1814,874,167,90,0.39262754,4,-1,-1
244,16247,1043,1185,74,64,0.37626857,1,-1,-1
245,16239,1832,776,138,71,0.52371985,4,-1,-1
245,16246,2257,860,190,83,0.5235292,4,-1,-1
245,16247,1052,1185,71,63,0.47931042,1,-1,-1
245,16242,1771,865,170,87,0.4461894,4,-1,-1
246,16246,2236,856,183,79,0.50846744,4,-1,-1
246,16242,1739,861,161,88,0.44724974,4,-1,-1
246,16239,1811,766,132,74,0.37685457,4,-1,-1
246,16247,1043,1184,73,62,0.36585572,1,-1,-1
247,16246,2211,852,181,87,0.4114302,4,-1,-1
247,16239,1791,766,130,68,0.4087685,4,-1,-1
247,16247,1049,1187,76,55,0.4068872,1,-1,-1
248,16239,1769,763,128,68,0.39757282,4,-1,-1
248,16246,2193,848,171,79,0.37514544,4,-1,-1
248,16248,1675,848,159,80,0.34494406,4,-1,-1
249,16246,2155,845,179,80,0.37912515,4,-1,-1
249,16248,1648,843,157,85,0.3656426,4,-1,-1
249,16239,1750,758,123,69,0.3162656,4,-1,-1
250,16246,2136,844,172,76,0.5151084,4,-1,-1
250,16249,1039,1184,73,63,0.4170303,1,-1,-1
251,16246,2109,843,173,77,0.51564586,4,-1,-1
251,16249,1043,1188,69,51,0.49149796,1,-1,-1
251,16250,1703,754,128,67,0.3879892,4,-1,-1
251,16251,1586,835,151,78,0.3588085,4,-1,-1
252,16249,1041,1189,74,55,0.50011635,1,-1,-1
252,16246,2089,840,166,72,0.4978725,4,-1,-1
252,16251,1551,827,146,76,0.39841568,4,-1,-1
252,16250,1672,747,127,65,0.35380512,4,-1,-1
253,16246,2056,839,165,72,0.45038876,4,-1,-1
253,16251,1512,825,151,77,0.3728451,4,-1,-1
253,16250,1665,744,122,68,0.33775482,4,-1,-1
254,16246,2034,838,165,71,0.38371968,4,-1,-1
254,16252,1041,1194,67,45,0.57758206,1,-1,-1
255,16252,1041,1190,68,67,0.64583683,1,-1,-1
255,16246,2013,830,160,72,0.32938573,4,-1,-1
256,16252,1039,1192,66,60,0.5315098,1,-1,-1
256,16246,1992,829,154,74,0.39123467,4,-1,-1
257,16252,1040,1199,64,49,0.49046442,1,-1,-1
257,16246,1972,830,148,72,0.34937346,4,-1,-1
257,16253,1499,809,51,69,0.43178937,1,-1,-1
258,16246,1946,830,153,69,0.44883224,4,-1,-1
259,16246,1916,831,150,68,0.3965351,4,-1,-1
259,16254,1041,1208,62,56,0.3015091,1,-1,-1
260,16246,1892,825,153,74,0.5483485,4,-1,-1
260,16254,1042,1211,63,49,0.40310815,1,-1,-1
261,16254,1039,1211,66,51,0.4303036,1,-1,-1
261,16246,1874,822,147,71,0.37714708,4,-1,-1
262,16254,1039,1209,65,54,0.45660558,1,-1,-1
262,16246,1850,819,150,73,0.38718423,4,-1,-1
263,16246,1823,816,150,75,0.3773292,4,-1,-1
263,16254,1037,1202,66,51,0.35168472,1,-1,-1
264,16254,1033,1202,72,50,0.45045242,1,-1,-1
264,16246,1792,809,145,73,0.3143022,4,-1,-1
265,16246,1769,808,146,71,0.3457652,4,-1,-1
265,16254,1035,1200,70,55,0.30479187,1,-1,-1
