2,20825,-1,444,73,84,0.5328509,6,-1,-1
2,20826,199,682,256,113,0.3554252,4,-1,-1
2,20827,1562,437,72,45,0.3196665,5,-1,-1
2,20828,420,462,72,41,0.3000455,4,-1,-1
3,20825,-1,443,73,85,0.50173724,6,-1,-1
4,20825,-1,443,71,85,0.4851685,6,-1,-1
5,20825,-1,444,72,84,0.48101372,6,-1,-1
6,20825,0,444,69,84,0.42473328,6,-1,-1
6,20829,395,457,81,42,0.33744493,4,-1,-1
6,20830,2018,337,51,33,0.31824633,4,-1,-1
7,20825,-1,444,70,84,0.4281079,6,-1,-1
7,20829,393,455,84,43,0.39173672,4,-1,-1
8,20825,-2,444,71,83,0.48184204,6,-1,-1
8,20829,398,457,76,42,0.34356216,4,-1,-1
9,20825,-2,444,70,81,0.5465712,6,-1,-1
9,20829,403,458,67,40,0.32440823,4,-1,-1
10,20825,-2,445,68,81,0.5051903,6,-1,-1
10,20829,402,458,67,40,0.30754057,4,-1,-1
11,20825,-1,443,65,84,0.44832355,6,-1,-1
11,20829,403,457,66,41,0.34805316,4,-1,-1
11,20831,513,630,223,108,0.3549277,4,-1,-1
12,20825,-1,444,65,82,0.4403038,6,-1,-1
12,20831,560,622,212,99,0.32719377,4,-1,-1
13,20825,-1,445,68,82,0.46846431,6,-1,-1
14,20825,-2,444,65,83,0.491643,6,-1,-1
15,20825,-2,445,67,81,0.5053165,6,-1,-1
15,20832,627,605,215,96,0.32962885,4,-1,-1
16,20825,-3,446,66,80,0.54090554,6,-1,-1
16,20832,647,602,210,94,0.4376726,4,-1,-1
17,20825,-2,445,65,81,0.5414081,6,-1,-1
17,20832,677,599,201,92,0.47378737,4,-1,-1
18,20825,-2,445,62,81,0.5405107,6,-1,-1
18,20832,700,599,197,95,0.4401406,4,-1,-1
18,20833,394,456,82,42,0.3418497,4,-1,-1
19,20825,-4,445,75,81,0.5890314,6,-1,-1
19,20833,399,456,76,42,0.35957146,4,-1,-1
19,20832,737,594,203,98,0.34619826,4,-1,-1
19,20834,737,594,203,98,0.38855425,6,-1,-1
20,20825,-3,445,83,80,0.58773327,6,-1,-1
20,20832,776,583,200,97,0.3514183,4,-1,-1
21,20825,-1,444,102,77,0.7183426,6,-1,-1
21,20835,433,453,84,47,0.34277248,4,-1,-1
22,20825,5,447,124,76,0.6276852,6,-1,-1
22,20835,456,453,82,46,0.32289723,4,-1,-1
22,20836,854,582,192,88,0.37613404,4,-1,-1
23,20825,31,444,121,76,0.5840842,6,-1,-1
23,20836,901,586,180,81,0.33909962,4,-1,-1
23,20837,-2,433,54,47,0.37181094,4,-1,-1
24,20825,54,445,126,73,0.7158475,6,-1,-1
24,20836,942,582,184,83,0.44794267,4,-1,-1
25,20825,81,445,127,74,0.60747796,6,-1,-1
25,20838,31,434,56,42,0.3201056,4,-1,-1
26,20825,118,445,114,73,0.70624804,6,-1,-1
26,20839,62,433,59,44,0.37286705,4,-1,-1
26,20840,1032,570,169,82,0.34962392,4,-1,-1
27,20825,141,447,116,66,0.76157635,6,-1,-1
27,20839,91,432,57,43,0.4648196,4,-1,-1
27,20840,1074,568,173,81,0.3829392,4,-1,-1
27,20841,572,455,68,38,0.33491725,4,-1,-1
27,20842,0,622,5,61,0.30399072,4,-1,-1
27,20843,1205,576,33,62,0.3012787,1,-1,-1
28,20825,167,446,115,67,0.75925505,6,-1,-1
28,20840,1121,562,161,81,0.36028752,4,-1,-1
28,20841,591,455,72,39,0.32913017,4,-1,-1
28,20844,125,434,68,44,0.45121953,4,-1,-1
28,20845,0,517,14,56,0.35424057,4,-1,-1
29,20825,188,447,123,65,0.61980414,6,-1,-1
29,20840,1166,565,156,74,0.33339792,4,-1,-1
29,20846,1,528,58,43,0.5637905,4,-1,-1
30,20825,231,448,102,65,0.658239,6,-1,-1
30,20846,0,496,15,56,0.40345553,4,-1,-1
30,20840,1196,554,172,74,0.3403769,4,-1,-1
31,20825,247,447,115,66,0.67348796,6,-1,-1
31,20846,0,484,37,45,0.38373512,4,-1,-1
31,20840,1239,550,166,81,0.35175103,4,-1,-1
31,20847,0,522,36,47,0.4364554,4,-1,-1
32,20825,271,442,117,71,0.7715508,6,-1,-1
32,20840,1272,549,163,76,0.50560987,4,-1,-1
32,20848,1602,942,167,97,0.5842507,4,-1,-1
32,20849,5,488,60,47,0.47262225,4,-1,-1
32,20850,224,431,72,46,0.30882907,4,-1,-1
33,20825,294,447,114,62,0.7226524,6,-1,-1
33,20849,27,485,60,43,0.4881228,4,-1,-1
33,20848,1645,948,177,96,0.46778083,4,-1,-1
33,20840,1318,551,150,71,0.4574406,4,-1,-1
33,20850,248,435,71,43,0.3293072,4,-1,-1
33,20851,36,527,77,42,0.5167379,4,-1,-1
34,20825,315,446,115,63,0.6813153,6,-1,-1
34,20840,1351,550,156,77,0.54535747,4,-1,-1
34,20848,1688,963,182,98,0.46507654,4,-1,-1
34,20851,49,484,56,42,0.43599883,4,-1,-1
34,20850,274,431,64,42,0.3903982,4,-1,-1
35,20825,320,447,116,62,0.56229806,6,-1,-1
35,20851,55,482,49,42,0.5204021,4,-1,-1
35,20848,1726,966,182,101,0.3688788,4,-1,-1
35,20850,279,430,54,40,0.35880566,4,-1,-1
35,20852,101,529,59,42,0.42528272,4,-1,-1
36,20825,340,445,95,66,0.6607805,6,-1,-1
36,20848,1767,974,171,104,0.53800404,4,-1,-1
36,20850,282,431,53,41,0.35515004,4,-1,-1
36,20851,51,479,44,43,0.3501811,4,-1,-1
36,20853,1389,550,145,72,0.5108693,4,-1,-1
36,20854,1374,802,117,71,0.47227296,4,-1,-1
36,20855,1864,335,37,28,0.38351232,4,-1,-1
37,20825,341,446,92,64,0.6502367,6,-1,-1
37,20854,1394,807,126,73,0.64666855,4,-1,-1
37,20851,43,479,50,42,0.594828,4,-1,-1
37,20848,1786,982,185,99,0.57971555,4,-1,-1
37,20853,1409,550,144,69,0.43261656,4,-1,-1
37,20850,282,431,52,39,0.31282955,4,-1,-1
37,20856,120,539,64,37,0.49122316,4,-1,-1
37,20857,1421,548,141,72,0.4341164,6,-1,-1
37,20858,207,538,58,41,0.3283961,4,-1,-1
38,20858,211,540,60,43,0.6705687,4,-1,-1
38,20856,128,538,58,41,0.6470541,4,-1,-1
38,20825,341,446,92,64,0.6466195,6,-1,-1
38,20853,1422,547,156,72,0.5478905,4,-1,-1
38,20854,1418,816,127,72,0.51053,4,-1,-1
38,20848,1829,995,174,99,0.4405591,4,-1,-1
38,20851,39,478,53,44,0.42188033,4,-1,-1
38,20857,1437,547,150,70,0.34193423,6,-1,-1
38,20850,283,431,49,39,0.31891924,4,-1,-1
38,20859,0,493,8,48,0.32329643,4,-1,-1
39,20848,1853,1000,185,100,0.6506728,4,-1,-1
39,20825,336,446,98,62,0.5741888,6,-1,-1
39,20856,135,538,59,43,0.568344,4,-1,-1
39,20854,1438,823,133,66,0.56495166,4,-1,-1
39,20857,1448,545,146,71,0.5605822,6,-1,-1
39,20851,34,480,48,40,0.49793068,4,-1,-1
39,20858,219,541,56,41,0.46895674,4,-1,-1
39,20850,285,431,48,38,0.44942215,4,-1,-1
39,20859,1,492,11,46,0.39648306,4,-1,-1
40,20856,141,541,69,42,0.7011249,4,-1,-1
40,20854,1466,826,137,73,0.70110536,4,-1,-1
40,20825,338,446,97,63,0.6250239,6,-1,-1
40,20848,1887,1006,192,104,0.5987572,4,-1,-1
40,20857,1463,544,145,68,0.541556,6,-1,-1
40,20859,0,493,17,47,0.5112709,4,-1,-1
40,20850,283,432,51,38,0.43285477,4,-1,-1
40,20858,221,543,58,41,0.36723602,4,-1,-1
40,20851,29,481,44,39,0.32072213,4,-1,-1
41,20859,0,495,26,47,0.6737036,4,-1,-1
41,20854,1490,829,146,77,0.6733151,4,-1,-1
41,20825,341,448,93,62,0.6670844,6,-1,-1
41,20848,1915,1015,195,107,0.60605663,4,-1,-1
41,20858,235,546,61,41,0.5655541,4,-1,-1
41,20856,148,544,62,42,0.49725834,4,-1,-1
41,20857,1484,545,144,66,0.4827159,6,-1,-1
41,20850,280,432,59,39,0.42943338,4,-1,-1
41,20860,1473,545,149,66,0.30520666,4,-1,-1
42,20848,1949,1022,205,107,0.69212806,4,-1,-1
42,20825,342,446,92,63,0.6871027,6,-1,-1
42,20859,-1,498,35,43,0.6588906,4,-1,-1
42,20854,1516,838,142,72,0.6227659,4,-1,-1
42,20856,150,544,73,43,0.608261,4,-1,-1
42,20857,1491,536,147,68,0.5086361,6,-1,-1
42,20858,236,547,61,39,0.4337799,4,-1,-1
42,20850,279,433,59,39,0.35951254,4,-1,-1
42,20861,92,413,79,51,0.37821874,6,-1,-1
43,20825,343,444,92,67,0.7462171,6,-1,-1
43,20848,1989,1034,201,108,0.6353683,4,-1,-1
43,20857,1506,534,150,68,0.6003147,6,-1,-1
43,20854,1536,843,151,74,0.5668277,4,-1,-1
43,20856,159,545,71,48,0.5285709,4,-1,-1
43,20859,4,475,52,45,0.48517814,4,-1,-1
43,20858,252,548,56,45,0.41389146,4,-1,-1
43,20862,326,421,19,40,0.36131647,1,-1,-1
44,20854,1568,848,151,76,0.73637486,4,-1,-1
44,20825,341,445,92,66,0.6847008,6,-1,-1
44,20859,-2,495,57,53,0.6079951,4,-1,-1
44,20848,2015,1039,207,111,0.59005284,4,-1,-1
44,20856,166,548,70,44,0.57591504,4,-1,-1
44,20857,1529,534,137,68,0.49598828,6,-1,-1
44,20858,260,550,58,42,0.4830011,4,-1,-1
44,20863,1922,454,56,46,0.303324,5,-1,-1
45,20859,0,496,57,58,0.63541436,4,-1,-1
45,20854,1595,856,153,78,0.6177866,4,-1,-1
45,20825,321,444,116,69,0.58367765,6,-1,-1
45,20848,2056,1051,208,114,0.54429984,4,-1,-1
45,20858,270,556,61,43,0.5276494,4,-1,-1
45,20857,1534,533,146,67,0.49925998,6,-1,-1
45,20856,173,554,69,44,0.4298256,4,-1,-1
45,20863,1920,453,57,46,0.34417936,5,-1,-1
45,20864,1534,533,146,67,0.43688583,4,-1,-1
45,20865,1754,338,40,28,0.34252325,4,-1,-1
46,20848,2095,1059,211,119,0.6892523,4,-1,-1
46,20825,321,445,115,67,0.64769256,6,-1,-1
46,20859,0,499,60,56,0.58731717,4,-1,-1
46,20854,1622,864,160,77,0.5765562,4,-1,-1
46,20857,1555,534,135,62,0.52541596,6,-1,-1
46,20856,187,557,62,41,0.5170978,4,-1,-1
46,20858,273,558,62,42,0.5150604,4,-1,-1
46,20863,1918,451,56,50,0.47456676,5,-1,-1
46,20864,1555,534,135,62,0.33010066,4,-1,-1
47,20848,2131,1067,221,130,0.6333469,4,-1,-1
47,20854,1646,871,164,78,0.62429315,4,-1,-1
47,20825,322,445,111,69,0.5810351,6,-1,-1
47,20863,1916,449,59,51,0.5683405,5,-1,-1
47,20856,192,558,59,41,0.5136272,4,-1,-1
47,20857,1571,531,137,67,0.49748605,6,-1,-1
47,20859,1,502,66,54,0.49592194,4,-1,-1
47,20858,284,558,57,46,0.39850187,4,-1,-1
47,20864,1564,533,136,63,0.3529554,4,-1,-1
47,20866,321,437,22,40,0.31012642,1,-1,-1
47,20867,281,432,23,40,0.30130064,1,-1,-1
48,20825,324,443,104,70,0.6465443,6,-1,-1
48,20848,2170,1079,224,126,0.6269208,4,-1,-1
48,20854,1679,879,158,78,0.5548256,4,-1,-1
48,20864,1580,529,134,66,0.51837105,4,-1,-1
48,20859,10,509,69,50,0.4729118,4,-1,-1
48,20856,204,561,65,42,0.43472624,4,-1,-1
48,20858,293,564,59,41,0.41745445,4,-1,-1
48,20868,0,471,24,48,0.3740931,4,-1,-1
49,20854,1709,886,167,79,0.72929204,4,-1,-1
49,20856,210,562,63,43,0.71439284,4,-1,-1
49,20859,14,512,69,48,0.6605591,4,-1,-1
49,20848,2208,1087,234,130,0.6236365,4,-1,-1
49,20825,323,446,104,64,0.5821396,6,-1,-1
49,20858,302,566,57,40,0.45105314,4,-1,-1
49,20868,0,458,16,49,0.39935142,4,-1,-1
49,20869,1597,527,136,64,0.50918466,6,-1,-1
49,20870,1911,452,65,49,0.3388872,5,-1,-1
49,20871,728,460,58,37,0.30562553,4,-1,-1
50,20859,21,513,67,48,0.76729643,4,-1,-1
50,20825,321,447,105,61,0.6222568,6,-1,-1
50,20848,2242,1097,248,129,0.5367552,4,-1,-1
50,20854,1734,892,175,80,0.5209916,4,-1,-1
50,20870,1909,449,67,52,0.49164003,5,-1,-1
50,20868,1,460,9,48,0.40968558,4,-1,-1
50,20856,216,567,65,42,0.39415076,4,-1,-1
50,20872,1620,528,124,64,0.390001,4,-1,-1
50,20873,1750,337,43,28,0.34142953,4,-1,-1
50,20874,1859,336,43,31,0.3003951,4,-1,-1
51,20854,1775,901,165,82,0.69124866,4,-1,-1
51,20825,321,451,103,56,0.61380863,6,-1,-1
51,20848,2288,1107,245,136,0.604098,4,-1,-1
51,20856,222,567,69,45,0.55999374,4,-1,-1
51,20859,33,513,66,49,0.5065833,4,-1,-1
51,20875,323,571,54,41,0.5310846,4,-1,-1
51,20876,77,420,81,42,0.36407554,4,-1,-1
51,20877,0,470,9,49,0.33153248,4,-1,-1
52,20859,38,517,64,50,0.7240548,4,-1,-1
52,20825,322,449,102,60,0.66336703,6,-1,-1
52,20856,231,569,62,45,0.61835104,4,-1,-1
52,20854,1810,909,169,82,0.5411961,4,-1,-1
52,20875,328,575,60,44,0.41131127,4,-1,-1
52,20848,2324,1121,264,124,0.36905685,4,-1,-1
52,20878,1863,336,33,28,0.39383185,4,-1,-1
52,20879,282,438,19,37,0.38344908,1,-1,-1
52,20880,324,422,14,34,0.38286507,1,-1,-1
52,20881,1905,453,67,52,0.35234797,5,-1,-1
52,20882,1639,523,128,63,0.31138724,6,-1,-1
53,20859,45,518,64,50,0.7097612,4,-1,-1
53,20825,322,448,100,62,0.68063205,6,-1,-1
53,20854,1838,917,172,84,0.52549726,4,-1,-1
53,20848,2373,1130,254,133,0.49277133,4,-1,-1
53,20856,238,569,67,47,0.47817746,4,-1,-1
53,20875,333,576,61,42,0.410399,4,-1,-1
53,20878,1862,335,36,30,0.305283,4,-1,-1
53,20883,740,459,64,37,0.35921106,4,-1,-1
54,20825,322,447,99,62,0.70670205,6,-1,-1
54,20854,1877,924,170,85,0.62987024,4,-1,-1
54,20856,249,576,66,43,0.5608547,4,-1,-1
54,20848,2423,1141,266,131,0.5087587,4,-1,-1
54,20875,344,578,62,43,0.5074335,4,-1,-1
54,20859,51,520,60,51,0.49640107,4,-1,-1
54,20883,743,459,62,36,0.3080126,4,-1,-1
54,20884,498,556,54,47,0.3348672,4,-1,-1
54,20885,1751,337,42,32,0.32593334,4,-1,-1
54,20886,1667,516,125,64,0.3108571,4,-1,-1
54,20887,317,440,18,33,0.30380794,1,-1,-1
55,20825,321,444,100,66,0.7041249,6,-1,-1
55,20859,60,520,64,53,0.66726565,4,-1,-1
55,20856,258,575,62,46,0.6464716,4,-1,-1
55,20854,1914,932,175,83,0.51228434,4,-1,-1
55,20848,2466,1149,233,141,0.4898812,4,-1,-1
55,20888,1687,510,118,71,0.3919157,6,-1,-1
56,20825,318,444,105,66,0.7485619,6,-1,-1
56,20856,259,576,67,48,0.6062209,4,-1,-1
56,20859,63,522,67,54,0.5776195,4,-1,-1
56,20854,1947,941,174,84,0.5508931,4,-1,-1
56,20848,2512,1161,182,132,0.52292717,4,-1,-1
56,20889,363,580,61,48,0.53426486,4,-1,-1
56,20890,465,554,67,45,0.33455902,4,-1,-1
56,20891,317,440,14,34,0.3194093,1,-1,-1
57,20856,274,578,61,49,0.73334706,4,-1,-1
57,20825,319,443,99,66,0.72980976,6,-1,-1
57,20854,1982,949,183,85,0.5329943,4,-1,-1
57,20848,2560,1167,134,152,0.5147068,4,-1,-1
57,20859,69,529,68,51,0.37170044,4,-1,-1
57,20889,379,581,57,48,0.36663112,4,-1,-1
58,20856,277,578,62,49,0.74420357,4,-1,-1
58,20825,318,445,101,64,0.73074824,6,-1,-1
58,20889,388,582,49,49,0.56443346,4,-1,-1
58,20854,2019,958,187,89,0.5570474,4,-1,-1
58,20859,78,530,68,52,0.4408396,4,-1,-1
58,20892,276,436,49,42,0.39478505,4,-1,-1
58,20893,1888,451,72,58,0.37122512,5,-1,-1
58,20894,1709,510,123,69,0.351336,4,-1,-1
58,20895,78,530,68,52,0.33490643,5,-1,-1
58,20896,449,545,59,51,0.30784392,5,-1,-1
59,20825,318,445,103,64,0.76143205,6,-1,-1
59,20859,83,531,67,53,0.6071914,4,-1,-1
59,20854,2056,967,192,88,0.5793422,4,-1,-1
59,20856,286,581,55,52,0.53575265,4,-1,-1
59,20892,275,436,49,41,0.4100206,4,-1,-1
59,20895,83,531,67,53,0.3607924,5,-1,-1
59,20897,434,544,59,51,0.397765,4,-1,-1
60,20825,315,446,106,63,0.69525236,6,-1,-1
60,20859,89,533,68,54,0.64208686,4,-1,-1
60,20856,288,585,71,53,0.5591365,4,-1,-1
60,20854,2097,978,192,89,0.4830622,4,-1,-1
60,20897,432,543,51,54,0.3098885,4,-1,-1
60,20898,1884,449,77,60,0.32490492,5,-1,-1
60,20899,723,457,68,38,0.31822923,4,-1,-1
61,20825,316,448,104,64,0.7504178,6,-1,-1
61,20856,297,587,68,52,0.55155057,4,-1,-1
61,20854,2134,987,203,87,0.49481753,4,-1,-1
61,20859,101,535,61,53,0.46966964,4,-1,-1
61,20897,417,544,52,45,0.3335871,4,-1,-1
61,20899,723,459,66,38,0.3334976,4,-1,-1
61,20900,101,535,61,53,0.37080014,5,-1,-1
62,20859,105,535,67,55,0.7279306,4,-1,-1
62,20825,314,447,107,64,0.69328874,6,-1,-1
62,20897,405,538,54,49,0.6411202,4,-1,-1
62,20856,304,586,64,53,0.45457566,4,-1,-1
62,20854,2170,992,215,90,0.42664784,4,-1,-1
62,20899,724,459,59,36,0.4040722,4,-1,-1
63,20825,321,445,101,66,0.73780626,6,-1,-1
63,20856,312,582,68,55,0.6880252,4,-1,-1
63,20859,111,535,67,54,0.61141086,4,-1,-1
63,20854,2216,1001,210,95,0.57778597,4,-1,-1
63,20897,393,534,57,45,0.4397302,4,-1,-1
63,20901,1863,455,87,52,0.30162317,5,-1,-1
64,20825,318,443,103,67,0.66977984,6,-1,-1
64,20859,121,536,65,53,0.6384353,4,-1,-1
64,20856,324,586,61,51,0.5685608,4,-1,-1
64,20897,384,535,54,42,0.52396846,4,-1,-1
64,20854,2252,1008,225,98,0.50541234,4,-1,-1
64,20902,267,431,50,39,0.4189445,4,-1,-1
64,20903,1854,452,94,59,0.3552388,4,-1,-1
64,20904,1796,502,95,54,0.34570417,4,-1,-1
65,20859,127,538,68,55,0.75558984,4,-1,-1
65,20825,317,442,104,68,0.6920776,6,-1,-1
65,20856,333,585,62,53,0.5431435,4,-1,-1
65,20854,2289,1018,236,105,0.5355929,4,-1,-1
65,20897,371,531,57,44,0.4613264,4,-1,-1
65,20902,266,430,53,39,0.37646517,4,-1,-1
65,20904,1809,501,92,55,0.3133555,4,-1,-1
66,20825,314,442,107,66,0.670739,6,-1,-1
66,20859,131,538,70,57,0.6508607,4,-1,-1
66,20856,338,586,64,53,0.5776667,4,-1,-1
66,20854,2343,1025,222,107,0.5556446,4,-1,-1
66,20897,366,526,55,46,0.5202145,4,-1,-1
67,20825,314,442,105,64,0.6687023,6,-1,-1
67,20859,136,540,73,57,0.59340346,4,-1,-1
67,20854,2390,1041,224,104,0.5537973,4,-1,-1
67,20897,350,526,58,44,0.46137896,4,-1,-1
67,20856,346,587,64,53,0.4190219,4,-1,-1
68,20825,316,445,102,61,0.6879581,6,-1,-1
68,20897,339,524,59,46,0.6513126,4,-1,-1
68,20859,143,541,70,59,0.5463017,4,-1,-1
68,20854,2442,1051,230,101,0.52904797,4,-1,-1
68,20856,343,593,70,50,0.4550995,4,-1,-1
68,20905,270,432,44,39,0.410707,4,-1,-1
69,20897,325,523,59,46,0.6149185,4,-1,-1
69,20825,315,445,100,63,0.59698546,6,-1,-1
69,20859,150,548,71,56,0.5370765,4,-1,-1
69,20854,2496,1062,203,108,0.5347443,4,-1,-1
69,20856,345,594,67,49,0.3759389,4,-1,-1
69,20905,268,433,47,38,0.3258774,4,-1,-1
69,20906,1848,498,97,58,0.31111044,4,-1,-1
70,20825,316,443,101,66,0.66977566,6,-1,-1
70,20859,152,549,71,56,0.52448624,4,-1,-1
70,20897,323,522,49,44,0.4944871,4,-1,-1
70,20905,263,430,49,41,0.4386127,4,-1,-1
70,20854,2546,1071,145,117,0.37919483,4,-1,-1
70,20856,360,597,60,47,0.31368667,4,-1,-1
71,20859,163,553,68,55,0.60618436,4,-1,-1
71,20825,311,443,105,67,0.54636884,6,-1,-1
71,20854,2596,1083,96,110,0.54439706,4,-1,-1
71,20905,264,431,47,38,0.38519228,4,-1,-1
72,20825,316,446,97,63,0.67268634,6,-1,-1
72,20859,168,554,67,58,0.6614131,4,-1,-1
72,20905,260,434,54,39,0.34916198,4,-1,-1
72,20907,300,519,47,45,0.54877716,4,-1,-1
72,20908,168,554,67,58,0.30086297,5,-1,-1
73,20859,173,558,68,56,0.7221436,4,-1,-1
73,20825,322,447,87,63,0.66208684,6,-1,-1
73,20907,286,519,51,43,0.6351862,4,-1,-1
73,20905,260,433,52,39,0.332023,4,-1,-1
73,20909,1,627,5,78,0.31139717,4,-1,-1
74,20825,304,447,107,64,0.59654117,6,-1,-1
74,20859,173,560,73,59,0.591085,4,-1,-1
74,20907,282,518,45,44,0.44888556,4,-1,-1
74,20905,259,432,49,37,0.38776708,4,-1,-1
74,20910,55,415,90,47,0.37982905,4,-1,-1
75,20859,179,562,76,58,0.66467273,4,-1,-1
75,20825,304,446,104,64,0.65273964,6,-1,-1
75,20905,254,434,54,40,0.34057796,4,-1,-1
75,20911,1917,495,87,52,0.43655697,6,-1,-1
76,20825,304,447,105,64,0.60061336,6,-1,-1
76,20859,186,568,73,57,0.5972103,4,-1,-1
76,20911,1923,500,88,52,0.43824157,6,-1,-1
76,20912,249,516,58,43,0.4072634,4,-1,-1
77,20825,297,448,113,63,0.7305387,6,-1,-1
77,20859,192,570,73,57,0.66663456,4,-1,-1
77,20912,241,514,55,44,0.453069,4,-1,-1
77,20911,1931,498,96,52,0.34870172,6,-1,-1
77,20913,51,415,90,47,0.37744507,4,-1,-1
77,20914,254,433,58,38,0.33813804,4,-1,-1
78,20825,299,448,108,62,0.76377195,6,-1,-1
78,20859,192,572,77,58,0.5655845,4,-1,-1
78,20911,1940,501,89,50,0.39815205,6,-1,-1
78,20914,253,434,51,37,0.3612616,4,-1,-1
78,20913,51,414,86,48,0.32906014,4,-1,-1
78,20915,51,414,86,48,0.3284052,6,-1,-1
78,20916,1834,458,88,69,0.3280986,6,-1,-1
78,20917,1940,501,89,50,0.3054166,4,-1,-1
79,20859,203,576,73,57,0.78785634,4,-1,-1
79,20825,295,449,108,60,0.71842724,6,-1,-1
79,20916,1830,455,94,73,0.41772225,6,-1,-1
79,20911,1956,501,95,49,0.37834448,6,-1,-1
80,20859,205,578,75,60,0.7986271,4,-1,-1
80,20825,295,448,102,62,0.69074136,6,-1,-1
80,20916,1808,457,107,70,0.4110207,6,-1,-1
80,20911,1961,501,91,46,0.40360543,6,-1,-1
80,20918,1911,340,33,28,0.39840198,4,-1,-1
80,20919,243,431,52,35,0.34973717,4,-1,-1
81,20859,202,581,78,62,0.67900443,4,-1,-1
81,20825,277,447,118,67,0.61116976,6,-1,-1
81,20916,1799,456,113,75,0.4289516,6,-1,-1
81,20911,1962,505,90,44,0.31815454,6,-1,-1
82,20825,271,447,111,65,0.7618198,6,-1,-1
82,20859,202,586,80,64,0.55561876,4,-1,-1
82,20920,1,635,6,71,0.3339219,4,-1,-1
83,20825,255,447,111,67,0.7889719,6,-1,-1
83,20859,189,588,79,67,0.71066666,4,-1,-1
83,20921,137,506,59,42,0.4232169,4,-1,-1
83,20922,1781,455,104,76,0.34795436,6,-1,-1
83,20923,215,434,57,41,0.31154785,4,-1,-1
84,20825,230,449,112,66,0.75951177,6,-1,-1
84,20859,174,593,82,72,0.57713,4,-1,-1
84,20921,108,505,54,45,0.53212905,4,-1,-1
84,20923,186,435,63,40,0.40983236,4,-1,-1
84,20924,1760,459,107,76,0.36736417,5,-1,-1
84,20925,0,418,65,51,0.35598993,6,-1,-1
84,20926,0,422,66,51,0.33058232,4,-1,-1
85,20825,208,452,105,66,0.66009414,6,-1,-1
85,20921,67,512,55,43,0.5213937,4,-1,-1
85,20859,154,607,79,65,0.47706154,4,-1,-1
85,20923,150,439,63,41,0.41565296,4,-1,-1
85,20924,1744,465,94,72,0.38290316,5,-1,-1
86,20859,131,613,84,67,0.6508377,4,-1,-1
86,20825,163,463,129,63,0.58655465,6,-1,-1
86,20921,35,519,45,43,0.49806714,4,-1,-1
86,20924,1692,469,89,70,0.30871916,5,-1,-1
86,20927,1699,466,108,76,0.36910298,6,-1,-1
86,20928,1838,347,43,34,0.32018176,4,-1,-1
87,20859,109,617,89,67,0.7310293,4,-1,-1
87,20825,143,468,117,57,0.65754426,6,-1,-1
87,20921,4,518,39,42,0.5375023,4,-1,-1
87,20924,1677,465,112,78,0.3702261,5,-1,-1
88,20825,120,467,120,62,0.77582085,6,-1,-1
88,20859,97,620,89,71,0.6034035,4,-1,-1
88,20921,0,514,9,47,0.39159724,4,-1,-1
88,20924,1639,469,102,68,0.36440286,5,-1,-1
89,20859,88,629,92,66,0.660069,4,-1,-1
89,20825,102,467,124,62,0.65616655,6,-1,-1
90,20859,88,631,98,69,0.8071499,4,-1,-1
90,20825,98,466,127,67,0.7375362,6,-1,-1
90,20929,55,451,52,43,0.32263738,4,-1,-1
90,20930,1656,477,103,70,0.3144406,5,-1,-1
91,20825,101,467,117,64,0.71389586,6,-1,-1
91,20859,98,632,91,67,0.6513056,4,-1,-1
91,20929,57,450,48,43,0.3709821,4,-1,-1
91,20931,554,474,68,38,0.3692761,4,-1,-1
91,20932,1923,504,84,49,0.32471168,4,-1,-1
92,20859,111,637,88,57,0.7466166,4,-1,-1
92,20825,100,466,118,64,0.726284,6,-1,-1
92,20929,58,452,45,40,0.42833054,4,-1,-1
92,20932,1924,505,86,46,0.33363056,4,-1,-1
92,20933,1649,468,93,77,0.42973274,5,-1,-1
92,20934,1610,472,77,66,0.30847463,5,-1,-1
93,20825,97,465,122,66,0.7559798,6,-1,-1
93,20859,118,638,88,56,0.7440036,4,-1,-1
93,20929,53,450,52,40,0.43439063,4,-1,-1
93,20933,1641,474,98,75,0.36227593,5,-1,-1
94,20825,99,465,115,66,0.7488998,6,-1,-1
94,20859,129,641,88,54,0.6008648,4,-1,-1
94,20929,53,450,50,41,0.3907605,4,-1,-1
94,20933,1637,474,93,76,0.36642525,5,-1,-1
94,20935,1936,502,99,50,0.38836282,4,-1,-1
95,20859,138,646,85,50,0.7606366,4,-1,-1
95,20825,99,465,112,66,0.72886145,6,-1,-1
95,20929,53,451,44,40,0.43754885,4,-1,-1
95,20933,1613,473,112,81,0.39700946,5,-1,-1
95,20935,1930,502,110,51,0.39185014,4,-1,-1
95,20936,575,463,66,40,0.4184069,4,-1,-1
96,20859,138,645,87,52,0.7459725,4,-1,-1
96,20825,97,463,114,69,0.6892525,6,-1,-1
96,20929,51,451,49,39,0.41140133,4,-1,-1
96,20933,1611,478,106,74,0.40927395,5,-1,-1
96,20935,1935,502,106,50,0.31571636,4,-1,-1
96,20936,556,473,61,36,0.31016394,4,-1,-1
97,20825,97,465,116,70,0.7131843,6,-1,-1
97,20859,156,646,81,56,0.55307674,4,-1,-1
97,20929,49,450,53,39,0.39966688,4,-1,-1
97,20935,1959,499,94,52,0.35409945,4,-1,-1
97,20936,554,474,63,38,0.31733283,4,-1,-1
97,20933,1583,477,126,79,0.3043663,5,-1,-1
97,20937,1583,477,126,79,0.35489398,6,-1,-1
98,20825,96,464,117,72,0.7081986,6,-1,-1
98,20859,169,649,71,53,0.559962,4,-1,-1
98,20935,1968,501,87,49,0.4967181,4,-1,-1
98,20929,45,449,58,41,0.38751715,4,-1,-1
98,20933,1583,476,125,79,0.33896726,5,-1,-1
99,20825,95,466,114,69,0.6530733,6,-1,-1
99,20935,1982,499,84,49,0.5209687,4,-1,-1
99,20929,46,449,58,42,0.3988254,4,-1,-1
99,20933,1584,477,123,79,0.37820193,5,-1,-1
99,20938,982,442,60,41,0.3002348,4,-1,-1
100,20825,96,463,114,75,0.68982214,6,-1,-1
100,20935,1987,496,81,47,0.5069233,4,-1,-1
100,20933,1595,478,105,77,0.43983737,5,-1,-1
100,20938,979,442,64,40,0.39034966,4,-1,-1
100,20929,46,449,53,42,0.39021677,4,-1,-1
101,20825,94,463,116,75,0.63861346,6,-1,-1
101,20935,1989,498,80,48,0.5391593,4,-1,-1
101,20933,1591,476,108,79,0.4386916,5,-1,-1
101,20929,44,450,57,42,0.3852815,4,-1,-1
101,20938,976,442,67,40,0.37355182,4,-1,-1
101,20939,544,472,83,40,0.34438115,4,-1,-1
102,20825,82,464,125,71,0.5931355,6,-1,-1
102,20935,1988,499,85,45,0.46805316,4,-1,-1
102,20938,972,443,68,40,0.3841585,4,-1,-1
103,20825,84,464,121,70,0.57338405,6,-1,-1
103,20938,969,444,69,40,0.3633295,4,-1,-1
103,20935,1990,498,85,45,0.31804824,4,-1,-1
103,20940,40,451,54,41,0.31274784,4,-1,-1
104,20825,82,467,125,69,0.6028303,6,-1,-1
104,20940,38,451,56,41,0.3417961,4,-1,-1
104,20938,954,452,74,40,0.32412657,4,-1,-1
104,20941,1537,480,100,78,0.30639064,5,-1,-1
105,20825,83,466,123,70,0.6060818,6,-1,-1
105,20940,41,450,52,41,0.35246074,4,-1,-1
105,20938,946,448,90,46,0.3292233,4,-1,-1
105,20941,1524,476,128,85,0.31613123,5,-1,-1
105,20942,1535,477,128,85,0.30747655,9,-1,-1
106,20825,83,463,122,73,0.5775728,6,-1,-1
106,20940,43,450,48,41,0.374759,4,-1,-1
106,20938,941,450,92,45,0.33186945,4,-1,-1
107,20825,80,462,127,75,0.6150461,6,-1,-1
107,20940,42,452,49,40,0.3553408,4,-1,-1
107,20943,1517,481,135,84,0.35993734,6,-1,-1
107,20944,2047,493,81,46,0.3242906,6,-1,-1
108,20825,81,462,124,74,0.6861691,6,-1,-1
108,20940,42,452,50,41,0.36538136,4,-1,-1
108,20943,1509,479,139,85,0.3315474,6,-1,-1
108,20945,524,475,84,42,0.38178977,4,-1,-1
108,20946,1509,479,139,85,0.30623972,9,-1,-1
109,20825,79,462,124,74,0.7137569,6,-1,-1
109,20943,1494,480,143,86,0.34455442,6,-1,-1
109,20940,34,449,51,42,0.30361804,4,-1,-1
109,20947,2060,492,67,43,0.30237487,4,-1,-1
110,20825,78,462,127,75,0.7162292,6,-1,-1
110,20943,1499,481,134,86,0.31218517,6,-1,-1
110,20948,2057,492,74,46,0.3202122,6,-1,-1
111,20825,79,465,121,69,0.73180807,6,-1,-1
111,20943,1499,478,130,90,0.32698876,6,-1,-1
111,20949,1499,478,130,90,0.38762408,9,-1,-1
111,20950,37,450,59,43,0.31187588,4,-1,-1
112,20825,81,463,118,72,0.71129125,6,-1,-1
112,20943,1498,486,121,80,0.35856524,6,-1,-1
112,20950,38,450,58,43,0.33618656,4,-1,-1
113,20825,81,461,118,76,0.7113767,6,-1,-1
113,20950,37,450,57,45,0.31858295,4,-1,-1
114,20825,80,460,119,76,0.719981,6,-1,-1
114,20950,38,450,55,45,0.31533659,4,-1,-1
114,20951,1456,494,138,78,0.31351218,5,-1,-1
115,20825,74,461,128,76,0.7414952,6,-1,-1
115,20951,1451,482,141,89,0.45860976,5,-1,-1
116,20825,76,461,124,76,0.75488734,6,-1,-1
116,20951,1467,502,117,69,0.42598805,5,-1,-1
117,20825,74,462,125,74,0.7681939,6,-1,-1
117,20951,1456,489,128,88,0.31589508,5,-1,-1
117,20952,525,471,78,41,0.35243136,4,-1,-1
117,20953,1452,478,135,97,0.3188269,6,-1,-1
118,20825,77,463,115,73,0.7590757,6,-1,-1
118,20952,525,473,78,41,0.3346865,4,-1,-1
119,20825,62,465,117,69,0.62960774,6,-1,-1
119,20954,18,448,59,46,0.3378923,4,-1,-1
119,20955,1401,483,159,90,0.31885234,9,-1,-1
120,20825,65,462,98,75,0.43254954,6,-1,-1
120,20955,1379,484,157,87,0.38241258,9,-1,-1
120,20956,512,473,66,39,0.36616272,4,-1,-1
121,20825,9,465,125,73,0.68303525,6,-1,-1
121,20955,1367,482,144,92,0.34943947,9,-1,-1
122,20825,3,462,103,77,0.6238628,6,-1,-1
122,20955,1335,480,149,95,0.3302693,9,-1,-1
122,20957,1335,487,149,94,0.30534178,5,-1,-1
123,20825,0,463,97,76,0.6413497,6,-1,-1
123,20958,1315,485,153,101,0.37741384,6,-1,-1
123,20959,448,475,66,39,0.3773754,4,-1,-1
124,20825,-1,462,95,78,0.60011154,6,-1,-1
124,20959,442,474,75,41,0.3804966,4,-1,-1
124,20958,1312,487,146,98,0.30900198,6,-1,-1
124,20960,1518,338,40,31,0.3288778,4,-1,-1
125,20825,-1,464,96,78,0.6007042,6,-1,-1
125,20959,438,474,80,41,0.5172131,4,-1,-1
125,20961,1286,503,93,74,0.3052847,4,-1,-1
126,20825,-2,462,97,80,0.57370687,6,-1,-1
126,20959,441,474,74,40,0.5394121,4,-1,-1
126,20962,1287,488,158,100,0.40168184,6,-1,-1
127,20825,-4,461,89,80,0.56260544,6,-1,-1
127,20962,1295,493,139,97,0.39339903,6,-1,-1
127,20959,443,476,71,43,0.37799123,4,-1,-1
128,20825,-3,461,82,78,0.56993014,6,-1,-1
128,20962,1278,488,151,105,0.31360623,6,-1,-1
128,20963,1278,488,151,105,0.3320644,9,-1,-1
129,20825,-1,464,77,75,0.5247424,6,-1,-1
129,20963,1249,496,159,96,0.35144722,9,-1,-1
130,20825,1,464,88,79,0.47890532,6,-1,-1
130,20963,1243,496,170,97,0.37412992,9,-1,-1
131,20825,-1,464,81,77,0.49927804,6,-1,-1
131,20963,1227,495,161,100,0.44171286,9,-1,-1
132,20825,-1,463,80,78,0.5205124,6,-1,-1
132,20963,1223,493,175,105,0.36474374,9,-1,-1
133,20825,-1,461,81,81,0.5569862,6,-1,-1
133,20963,1220,498,168,98,0.4144344,9,-1,-1
134,20825,-2,460,81,82,0.6007525,6,-1,-1
134,20963,1223,495,164,101,0.45530552,9,-1,-1
135,20825,-2,460,80,83,0.571401,6,-1,-1
135,20963,1199,496,179,102,0.5125518,9,-1,-1
135,20964,1,643,13,62,0.3290548,4,-1,-1
135,20965,1555,981,173,88,0.31525517,4,-1,-1
136,20825,-3,460,80,83,0.58062816,6,-1,-1
136,20963,1176,497,179,104,0.48181194,9,-1,-1
136,20964,1,641,19,65,0.3882208,4,-1,-1
136,20965,1580,988,183,93,0.30743808,4,-1,-1
136,20966,1628,334,40,29,0.343515,4,-1,-1
137,20825,-3,461,80,83,0.6594029,6,-1,-1
137,20963,1173,495,181,109,0.49278703,9,-1,-1
137,20965,1619,1001,179,91,0.4216297,4,-1,-1
137,20964,0,639,28,67,0.36103788,4,-1,-1
138,20825,-4,460,76,87,0.67175347,6,-1,-1
138,20963,1154,506,178,97,0.46502292,9,-1,-1
138,20964,1,642,33,64,0.42092383,4,-1,-1
138,20965,1651,1003,190,101,0.4059295,4,-1,-1
139,20825,-4,464,69,82,0.5690305,6,-1,-1
139,20965,1678,1010,194,97,0.4152907,4,-1,-1
139,20963,1146,496,177,109,0.39084998,9,-1,-1
140,20965,1719,1020,187,97,0.6388361,4,-1,-1
140,20825,-4,465,63,81,0.5153139,6,-1,-1
140,20963,1122,495,186,109,0.49433064,9,-1,-1
140,20967,1884,339,40,31,0.3375631,4,-1,-1
140,20968,0,640,26,67,0.32198963,4,-1,-1
141,20965,1740,1024,200,102,0.6325682,4,-1,-1
141,20963,1104,503,184,105,0.514727,9,-1,-1
141,20967,1879,338,40,30,0.37626708,4,-1,-1
142,20965,1782,1037,196,100,0.54978275,4,-1,-1
142,20963,1088,502,184,106,0.4906948,9,-1,-1
143,20965,1818,1044,199,94,0.60498446,4,-1,-1
143,20963,1072,504,183,105,0.41877317,9,-1,-1
144,20965,1848,1053,205,93,0.5041123,4,-1,-1
144,20963,1058,502,188,109,0.4543595,9,-1,-1
144,20969,1860,338,39,31,0.37294823,4,-1,-1
145,20965,1890,1062,199,100,0.6419361,4,-1,-1
145,20963,1042,503,187,106,0.5035179,9,-1,-1
145,20970,1042,503,187,106,0.3676174,6,-1,-1
145,20971,1550,478,76,41,0.3602397,5,-1,-1
146,20965,1935,1068,198,104,0.5961107,4,-1,-1
146,20963,1020,505,195,107,0.5882543,9,-1,-1
147,20963,1013,507,191,105,0.5993509,9,-1,-1
147,20965,1978,1081,216,104,0.5552315,4,-1,-1
148,20963,991,504,208,110,0.6981935,9,-1,-1
148,20965,2023,1087,219,113,0.5920516,4,-1,-1
148,20972,2586,981,111,100,0.3881245,4,-1,-1
149,20965,2067,1097,220,119,0.6084708,4,-1,-1
149,20963,985,507,206,110,0.5710149,9,-1,-1
149,20972,2545,976,154,105,0.4485329,4,-1,-1
150,20963,969,509,211,108,0.6809573,9,-1,-1
150,20972,2508,978,185,94,0.56133,4,-1,-1
150,20965,2104,1103,240,125,0.4608791,4,-1,-1
151,20965,2167,1118,228,121,0.6499148,4,-1,-1
151,20972,2465,969,195,93,0.5160382,4,-1,-1
151,20963,960,508,210,112,0.5080515,9,-1,-1
152,20963,947,510,210,112,0.7173444,9,-1,-1
152,20972,2431,970,206,88,0.5421334,4,-1,-1
152,20965,2215,1128,232,117,0.51634455,4,-1,-1
153,20965,2270,1138,237,126,0.6023189,4,-1,-1
153,20963,932,514,208,109,0.59330577,9,-1,-1
153,20972,2392,962,208,94,0.5862312,4,-1,-1
154,20963,927,513,207,111,0.5529464,9,-1,-1
154,20972,2359,962,189,91,0.5319187,4,-1,-1
154,20965,2323,1153,252,130,0.48403504,4,-1,-1
154,20973,1003,928,174,122,0.542648,4,-1,-1
155,20973,1027,931,182,125,0.61031514,4,-1,-1
155,20963,916,515,212,112,0.5130033,9,-1,-1
155,20965,2369,1167,261,138,0.48479322,4,-1,-1
155,20972,2322,960,184,86,0.4599416,4,-1,-1
156,20965,2430,1178,259,130,0.71860635,4,-1,-1
156,20973,1062,945,183,121,0.675786,4,-1,-1
156,20963,899,524,223,109,0.5748439,9,-1,-1
156,20972,2282,951,186,87,0.43918,4,-1,-1
156,20974,1348,976,174,106,0.6404684,4,-1,-1
157,20973,1085,951,194,124,0.6272691,4,-1,-1
157,20965,2495,1188,205,139,0.49561635,4,-1,-1
157,20972,2250,947,190,84,0.49518895,4,-1,-1
157,20974,1386,984,172,107,0.3591135,4,-1,-1
157,20963,887,524,213,108,0.3191654,9,-1,-1
157,20975,895,523,214,110,0.3360072,6,-1,-1
158,20963,881,525,219,109,0.52486646,9,-1,-1
158,20973,1125,962,188,121,0.52133983,4,-1,-1
158,20965,2556,1195,137,138,0.52045894,4,-1,-1
158,20974,1428,993,170,109,0.4280704,4,-1,-1
158,20972,2211,940,192,90,0.33986592,4,-1,-1
158,20975,881,525,219,109,0.31432724,6,-1,-1
158,20976,2102,466,57,37,0.32429275,4,-1,-1
159,20973,1165,968,187,123,0.606277,4,-1,-1
159,20963,868,521,226,117,0.5379976,9,-1,-1
159,20974,1446,997,185,112,0.3049628,4,-1,-1
160,20963,858,524,218,114,0.73744935,9,-1,-1
160,20973,1194,974,191,127,0.5535574,4,-1,-1
160,20974,1487,1008,183,116,0.44782436,4,-1,-1
160,20977,361,476,69,43,0.4008017,4,-1,-1
161,20973,1232,987,187,126,0.5945093,4,-1,-1
161,20963,843,521,231,121,0.5637176,9,-1,-1
161,20974,1529,1018,182,113,0.35244274,4,-1,-1
161,20977,363,477,65,41,0.33032855,4,-1,-1
161,20978,2123,927,186,86,0.46812034,4,-1,-1
162,20963,831,524,228,118,0.76091075,9,-1,-1
162,20973,1266,991,200,135,0.49077493,4,-1,-1
162,20978,2081,921,199,87,0.39529213,4,-1,-1
162,20977,362,477,68,43,0.31500083,4,-1,-1
162,20979,2102,464,60,39,0.32936624,4,-1,-1
163,20963,816,531,226,114,0.7151071,9,-1,-1
163,20973,1307,1000,201,139,0.56126356,4,-1,-1
163,20978,2061,920,184,81,0.42221555,4,-1,-1
163,20980,1590,1033,196,120,0.62065476,4,-1,-1
163,20981,1844,339,38,30,0.35444146,4,-1,-1
164,20963,805,529,234,119,0.7928036,9,-1,-1
164,20980,1630,1041,195,115,0.5273271,4,-1,-1
164,20973,1330,1009,214,142,0.5258004,4,-1,-1
164,20978,2030,918,169,81,0.33351883,4,-1,-1
164,20982,359,480,62,39,0.33136436,4,-1,-1
165,20963,789,532,237,120,0.6701366,9,-1,-1
165,20973,1370,1016,218,155,0.63322276,4,-1,-1
165,20980,1672,1051,195,119,0.5454899,4,-1,-1
165,20982,356,482,65,38,0.37233743,4,-1,-1
166,20963,777,538,240,118,0.59344226,9,-1,-1
166,20973,1406,1030,226,158,0.51474285,4,-1,-1
166,20980,1708,1058,206,122,0.5016115,4,-1,-1
167,20963,762,539,239,118,0.73689413,9,-1,-1
167,20980,1752,1069,204,124,0.53797746,4,-1,-1
167,20973,1446,1035,232,158,0.5206503,4,-1,-1
167,20983,363,595,70,57,0.33287218,5,-1,-1
168,20963,742,541,244,119,0.7393404,9,-1,-1
168,20973,1486,1041,230,159,0.5953791,4,-1,-1
168,20980,1792,1080,209,121,0.57699186,4,-1,-1
168,20983,362,595,72,57,0.31555218,5,-1,-1
168,20984,1901,898,174,81,0.32328674,4,-1,-1
169,20963,732,542,244,120,0.6703111,9,-1,-1
169,20973,1526,1053,235,161,0.558531,4,-1,-1
169,20980,1832,1089,218,128,0.5581593,4,-1,-1
170,20963,715,541,250,125,0.7742645,9,-1,-1
170,20980,1877,1095,216,130,0.60851055,4,-1,-1
170,20973,1569,1059,237,167,0.5896144,4,-1,-1
170,20985,1840,341,34,29,0.3243647,4,-1,-1
171,20973,1616,1073,236,164,0.66074455,4,-1,-1
171,20963,698,541,252,129,0.6494946,9,-1,-1
171,20980,1916,1106,228,132,0.51573986,4,-1,-1
171,20985,1827,337,34,28,0.4582747,4,-1,-1
172,20963,687,543,250,131,0.71333843,9,-1,-1
172,20973,1660,1081,237,162,0.6178862,4,-1,-1
172,20980,1958,1109,232,136,0.57165396,4,-1,-1
172,20986,426,453,139,60,0.40991277,6,-1,-1
173,20973,1718,1092,231,170,0.7034617,4,-1,-1
173,20963,667,549,255,128,0.6900527,9,-1,-1
173,20980,2009,1116,242,140,0.43920666,4,-1,-1
173,20986,418,455,127,61,0.3231477,6,-1,-1
174,20973,1762,1101,241,166,0.68382734,4,-1,-1
174,20963,655,556,249,126,0.62653786,9,-1,-1
174,20980,2059,1127,238,143,0.5099304,4,-1,-1
175,20973,1813,1109,249,176,0.6414801,4,-1,-1
175,20963,642,559,251,124,0.59765303,9,-1,-1
175,20980,2114,1137,243,141,0.43742263,4,-1,-1
175,20987,417,455,123,58,0.30957627,6,-1,-1
176,20973,1861,1117,252,176,0.7098867,4,-1,-1
176,20963,624,558,254,129,0.65284044,9,-1,-1
176,20980,2160,1146,242,143,0.56636137,4,-1,-1
177,20973,1907,1128,254,183,0.694912,4,-1,-1
177,20980,2211,1156,238,140,0.632448,4,-1,-1
177,20963,608,559,257,129,0.59912866,9,-1,-1
178,20973,1954,1133,272,187,0.6968976,4,-1,-1
178,20963,593,560,263,129,0.6524956,9,-1,-1
178,20980,2258,1163,257,150,0.60720015,4,-1,-1
179,20963,571,559,268,132,0.748305,9,-1,-1
179,20973,2003,1147,274,189,0.6446032,4,-1,-1
179,20980,2304,1174,266,147,0.49015737,4,-1,-1
180,20963,556,556,262,135,0.83265984,9,-1,-1
180,20973,2057,1152,280,191,0.6856658,4,-1,-1
180,20980,2356,1181,279,155,0.5528086,4,-1,-1
180,20988,2675,933,18,118,0.39171335,4,-1,-1
180,20989,394,452,117,56,0.30952072,6,-1,-1
181,20963,533,552,266,135,0.7117284,9,-1,-1
181,20980,2420,1178,275,164,0.6178335,4,-1,-1
181,20973,2101,1158,289,200,0.54740477,4,-1,-1
181,20988,2639,919,56,129,0.4212057,4,-1,-1
181,20989,384,444,107,54,0.37553534,6,-1,-1
182,20963,513,540,279,141,0.7412119,9,-1,-1
182,20980,2467,1176,230,171,0.5680049,4,-1,-1
182,20973,2156,1162,298,192,0.5676958,4,-1,-1
182,20990,1534,457,62,40,0.5137102,5,-1,-1
183,20963,492,537,282,133,0.79695225,9,-1,-1
183,20973,2219,1161,293,197,0.6497337,4,-1,-1
183,20980,2544,1173,146,179,0.39891362,4,-1,-1
183,20991,2579,890,120,154,0.33084467,6,-1,-1
184,20963,473,529,277,136,0.6570818,9,-1,-1
184,20973,2272,1160,312,200,0.5220246,4,-1,-1
184,20991,2546,873,152,153,0.36967847,6,-1,-1
184,20980,2597,1177,95,175,0.36095417,4,-1,-1
185,20963,452,519,292,139,0.8063449,9,-1,-1
185,20991,2507,866,192,152,0.5937219,6,-1,-1
185,20973,2318,1162,321,200,0.56612116,4,-1,-1
185,20992,371,409,87,46,0.34787458,4,-1,-1
185,20993,2063,413,53,36,0.3297011,4,-1,-1
186,20963,429,519,302,142,0.8109672,9,-1,-1
186,20973,2381,1169,316,203,0.59399277,4,-1,-1
186,20991,2478,863,218,152,0.56644475,6,-1,-1
187,20963,404,523,289,138,0.6910775,9,-1,-1
187,20991,2447,856,258,150,0.60895747,6,-1,-1
187,20973,2449,1180,251,212,0.58620435,4,-1,-1
187,20994,2090,403,49,37,0.318516,4,-1,-1
188,20963,383,528,302,139,0.689423,9,-1,-1
188,20991,2409,853,270,151,0.62524706,6,-1,-1
188,20973,2511,1195,182,218,0.5664361,4,-1,-1
189,20963,361,531,303,139,0.7573654,9,-1,-1
189,20991,2388,852,267,147,0.72265565,6,-1,-1
189,20973,2586,1194,106,230,0.36124223,4,-1,-1
190,20963,337,533,310,142,0.7900178,9,-1,-1
190,20991,2355,846,283,148,0.68830335,6,-1,-1
190,20995,2067,409,53,37,0.3146881,4,-1,-1
191,20963,312,534,323,150,0.78391683,9,-1,-1
191,20991,2333,846,275,144,0.5953397,6,-1,-1
192,20963,291,537,321,148,0.72275984,9,-1,-1
192,20991,2299,843,270,134,0.44733107,6,-1,-1
193,20963,267,540,325,147,0.6533023,9,-1,-1
193,20991,2270,842,271,132,0.4584535,6,-1,-1
193,20996,1529,422,68,41,0.30193284,4,-1,-1
194,20963,238,547,337,148,0.64372265,9,-1,-1
194,20991,2242,838,259,134,0.6024841,6,-1,-1
194,20996,1531,422,66,40,0.32176498,4,-1,-1
195,20991,2218,836,258,132,0.6459199,6,-1,-1
195,20963,209,550,335,150,0.601524,9,-1,-1
195,20997,209,550,335,150,0.34754893,5,-1,-1
196,20963,180,553,340,152,0.81383204,9,-1,-1
196,20991,2194,830,254,135,0.5749166,6,-1,-1
197,20963,152,552,350,158,0.8169295,9,-1,-1
197,20991,2163,829,246,134,0.6095683,6,-1,-1
198,20963,127,557,353,156,0.76717097,9,-1,-1
198,20991,2141,821,245,134,0.5883991,6,-1,-1
199,20963,96,563,348,154,0.7105507,9,-1,-1
199,20991,2114,818,248,132,0.6371893,6,-1,-1
199,20998,2063,408,53,40,0.30333644,4,-1,-1
200,20963,67,565,354,157,0.7683401,9,-1,-1
200,20991,2087,816,235,133,0.5913526,6,-1,-1
200,20998,2065,407,53,40,0.31254476,4,-1,-1
201,20963,32,565,373,163,0.7854687,9,-1,-1
201,20991,2066,814,231,133,0.6647822,6,-1,-1
202,20963,1,563,385,168,0.762739,9,-1,-1
202,20991,2041,806,235,137,0.6242867,6,-1,-1
202,20999,2067,409,49,38,0.4138859,4,-1,-1
203,20963,1,566,347,172,0.8140177,9,-1,-1
203,20991,2013,801,238,130,0.61180776,6,-1,-1
203,20999,2065,407,52,39,0.30202556,4,-1,-1
204,20963,2,566,321,179,0.7953852,9,-1,-1
204,20991,1991,799,235,131,0.5690744,6,-1,-1
204,20999,2065,408,50,38,0.32506338,4,-1,-1
205,20963,3,577,298,170,0.75103474,9,-1,-1
205,20991,1964,800,224,127,0.6033758,6,-1,-1
205,20999,2064,408,49,39,0.35257903,4,-1,-1
206,20963,7,577,259,169,0.7568958,9,-1,-1
206,20991,1941,796,218,128,0.67220205,6,-1,-1
206,20999,2065,409,47,35,0.31823242,4,-1,-1
207,20963,9,580,222,169,0.69145435,9,-1,-1
207,20991,1914,790,224,135,0.6493375,6,-1,-1
208,20963,2,580,200,167,0.69255024,9,-1,-1
208,20991,1892,789,223,128,0.52759534,6,-1,-1
209,20963,-4,583,187,168,0.68289095,9,-1,-1
209,20991,1861,783,218,119,0.5869049,6,-1,-1
209,21000,357,538,72,53,0.53448665,5,-1,-1
209,21001,1026,901,168,93,0.42880082,4,-1,-1
209,21002,2053,408,49,39,0.3480671,4,-1,-1
210,20991,1838,782,217,121,0.6296933,6,-1,-1
210,20963,-3,590,156,157,0.56153864,9,-1,-1
210,21000,361,535,65,54,0.55666894,5,-1,-1
210,21002,2054,409,46,37,0.37456962,4,-1,-1
210,21003,-1,591,148,124,0.34912354,4,-1,-1
211,20991,1817,780,213,121,0.65457696,6,-1,-1
211,21000,363,535,63,54,0.64912176,5,-1,-1
211,21003,2,594,110,146,0.38484985,4,-1,-1
211,21002,2051,407,49,39,0.32117885,4,-1,-1
211,20963,2,594,110,146,0.31768373,9,-1,-1
211,21004,1359,939,194,100,0.6176009,4,-1,-1
211,21005,1094,920,155,86,0.5402298,4,-1,-1
211,21006,1531,421,70,37,0.34431797,4,-1,-1
211,21007,485,414,64,40,0.3172386,4,-1,-1
212,21005,1118,925,161,91,0.7394248,4,-1,-1
212,20991,1791,773,220,125,0.6795425,6,-1,-1
212,21000,361,535,65,55,0.6093807,5,-1,-1
212,21004,1402,953,196,98,0.5796863,4,-1,-1
212,21003,0,601,77,138,0.48220325,4,-1,-1
212,21007,485,414,63,39,0.31690067,4,-1,-1
212,21008,0,604,78,160,0.35619405,5,-1,-1
212,21009,337,420,68,39,0.30756432,4,-1,-1
213,21004,1439,955,202,106,0.6617806,4,-1,-1
213,21000,359,536,66,55,0.5708369,5,-1,-1
213,20991,1763,770,226,124,0.539315,6,-1,-1
213,21005,1154,935,165,90,0.4513166,4,-1,-1
213,21010,0,613,53,144,0.3932099,6,-1,-1
213,21011,1528,422,71,37,0.3206704,4,-1,-1
213,21012,0,613,53,144,0.31949306,9,-1,-1
213,21013,2095,403,46,36,0.30909038,4,-1,-1
214,21005,1187,940,162,94,0.65903497,4,-1,-1
214,20991,1746,766,217,115,0.59566796,6,-1,-1
214,21004,1482,965,204,102,0.5840405,4,-1,-1
214,21000,360,537,63,54,0.57363194,5,-1,-1
214,21011,1528,422,71,38,0.3575191,4,-1,-1
215,21004,1520,977,207,103,0.6162574,4,-1,-1
215,21005,1218,948,169,92,0.59174514,4,-1,-1
215,21000,361,538,63,52,0.56935185,5,-1,-1
215,20991,1727,766,209,112,0.5187958,6,-1,-1
215,21014,442,415,63,39,0.3043669,4,-1,-1
216,20991,1695,762,208,116,0.67305297,6,-1,-1
216,21004,1563,982,210,107,0.6205977,4,-1,-1
216,21000,361,537,60,53,0.5444231,5,-1,-1
216,21005,1248,957,171,94,0.5158785,4,-1,-1
217,21005,1281,961,173,98,0.70171124,4,-1,-1
217,21004,1602,991,216,115,0.6980883,4,-1,-1
217,20991,1673,753,209,121,0.68668056,6,-1,-1
217,21000,357,536,63,52,0.56318045,5,-1,-1
217,21015,1528,421,67,38,0.4367052,4,-1,-1
218,21004,1644,999,222,114,0.67248434,4,-1,-1
218,20991,1652,752,206,115,0.63935053,6,-1,-1
218,21000,355,537,66,53,0.6155665,5,-1,-1
218,21005,1318,974,180,99,0.5074713,4,-1,-1
218,21015,1528,421,67,38,0.4116545,4,-1,-1
219,21004,1691,1013,218,111,0.6310154,4,-1,-1
219,21005,1359,980,183,102,0.5878887,4,-1,-1
219,20991,1627,752,211,117,0.5842766,6,-1,-1
219,21000,353,537,67,52,0.54650795,5,-1,-1
219,21015,1528,422,64,38,0.31246558,4,-1,-1
219,21016,2504,867,193,82,0.3994174,4,-1,-1
220,21004,1731,1019,227,119,0.5902681,4,-1,-1
220,20991,1613,746,194,109,0.55899704,6,-1,-1
220,21000,356,536,64,52,0.51464105,5,-1,-1
220,21005,1384,987,193,101,0.47816876,4,-1,-1
220,21016,2475,864,203,82,0.4437783,4,-1,-1
220,21015,1528,423,65,37,0.31991017,4,-1,-1
221,20991,1593,743,191,110,0.72006136,6,-1,-1
221,21004,1788,1035,217,110,0.7051937,4,-1,-1
221,21005,1425,997,190,105,0.68350625,4,-1,-1
221,21016,2443,860,200,84,0.5279987,4,-1,-1
221,21000,357,539,63,50,0.43236214,5,-1,-1
222,21004,1833,1045,224,108,0.6513389,4,-1,-1
222,20991,1569,736,195,114,0.5628299,6,-1,-1
222,21005,1462,1006,197,104,0.52779406,4,-1,-1
222,21016,2417,858,204,83,0.5129243,4,-1,-1
222,21000,354,539,65,50,0.4249407,5,-1,-1
223,21005,1506,1018,194,104,0.67503107,4,-1,-1
223,21004,1884,1059,237,114,0.667317,4,-1,-1
223,20991,1550,736,196,109,0.4696919,6,-1,-1
223,21000,353,538,68,52,0.4513417,5,-1,-1
223,21016,2395,858,195,77,0.4347908,4,-1,-1
224,21005,1549,1026,194,105,0.6301314,4,-1,-1
224,21004,1930,1069,239,121,0.61385566,4,-1,-1
224,21016,2355,853,200,84,0.47205564,4,-1,-1
224,21000,355,537,66,52,0.4436954,5,-1,-1
224,20991,1526,733,194,113,0.3659614,6,-1,-1
224,21017,2639,1018,54,105,0.42254055,4,-1,-1
225,21005,1594,1038,193,105,0.6935817,4,-1,-1
225,21004,1983,1079,252,120,0.6253486,4,-1,-1
225,20991,1504,725,196,113,0.53100836,6,-1,-1
225,21016,2330,845,199,84,0.4676492,4,-1,-1
225,21017,2597,1011,97,113,0.38619855,4,-1,-1
225,21018,373,414,79,42,0.32316458,4,-1,-1
226,21004,2035,1092,245,124,0.7383882,4,-1,-1
226,21005,1635,1048,201,106,0.6151755,4,-1,-1
226,21016,2301,843,188,79,0.567132,4,-1,-1
226,21017,2548,1001,147,113,0.56502944,4,-1,-1
226,21018,376,417,73,40,0.37266484,4,-1,-1
226,20991,1483,729,198,106,0.30226344,6,-1,-1
227,21004,2088,1101,257,126,0.6723045,4,-1,-1
227,21017,2501,993,199,113,0.65973175,4,-1,-1
227,21016,2270,840,196,80,0.6542943,4,-1,-1
227,21005,1692,1063,193,103,0.59720117,4,-1,-1
227,20991,1463,726,194,109,0.4583263,6,-1,-1
227,21018,377,416,68,40,0.36226863,4,-1,-1
228,21004,2146,1118,263,122,0.6529374,4,-1,-1
228,21017,2448,987,227,116,0.63268775,4,-1,-1
228,21016,2246,838,192,77,0.5947578,4,-1,-1
228,21005,1732,1070,201,105,0.55115014,4,-1,-1
228,20991,1446,722,187,112,0.4859026,6,-1,-1
228,21018,378,416,66,39,0.36335152,4,-1,-1
229,21005,1779,1084,205,109,0.74066275,4,-1,-1
229,21017,2406,982,217,105,0.68377006,4,-1,-1
229,21004,2199,1125,263,139,0.6786112,4,-1,-1
229,21016,2216,834,187,77,0.5190086,4,-1,-1
229,20991,1428,719,184,109,0.46870184,6,-1,-1
229,21018,360,418,68,39,0.3568387,4,-1,-1
229,21019,1530,422,66,35,0.38322422,4,-1,-1
230,21004,2257,1136,269,134,0.7172675,4,-1,-1
230,21017,2365,974,209,106,0.6218434,4,-1,-1
230,21016,2193,831,180,73,0.59933794,4,-1,-1
230,21005,1835,1098,204,108,0.54397917,4,-1,-1
230,21018,361,419,67,39,0.34400076,4,-1,-1
230,21019,1527,422,68,36,0.3274208,4,-1,-1
231,21004,2317,1150,273,140,0.7519694,4,-1,-1
231,21005,1876,1107,218,113,0.684892,4,-1,-1
231,21016,2165,828,188,74,0.63356364,4,-1,-1
231,21017,2312,962,210,107,0.56898785,4,-1,-1
231,21019,1525,422,71,36,0.320483,4,-1,-1
231,21020,2684,913,13,68,0.38606632,4,-1,-1
232,21004,2374,1163,285,148,0.71988606,4,-1,-1
232,21017,2271,954,205,108,0.66764337,4,-1,-1
232,21005,1926,1119,218,115,0.6174829,4,-1,-1
232,21016,2142,822,186,71,0.57782286,4,-1,-1
232,21020,2644,905,53,78,0.37022978,4,-1,-1
232,21019,1524,420,69,39,0.35454175,4,-1,-1
233,21016,2111,819,185,76,0.621622,4,-1,-1
233,21005,1977,1126,230,120,0.5966162,4,-1,-1
233,21004,2446,1177,260,138,0.58794576,4,-1,-1
233,21017,2227,949,204,105,0.5180426,4,-1,-1
233,21019,1522,420,71,39,0.41711217,4,-1,-1
233,21020,2622,898,78,88,0.3656142,4,-1,-1
234,21004,2508,1187,189,149,0.6668872,4,-1,-1
234,21005,2037,1139,229,127,0.6563717,4,-1,-1
234,21017,2188,941,198,103,0.61711586,4,-1,-1
234,21016,2087,817,176,70,0.5693529,4,-1,-1
234,21020,2586,901,114,83,0.5149544,4,-1,-1
234,21019,1521,418,72,41,0.42880207,4,-1,-1
235,21005,2087,1156,236,125,0.6547915,4,-1,-1
235,21017,2147,934,193,102,0.65106124,4,-1,-1
235,21016,2063,811,175,70,0.53473353,4,-1,-1
235,21020,2552,897,150,88,0.4700374,4,-1,-1
235,21019,1521,419,70,40,0.39698088,4,-1,-1
235,21004,2583,1204,111,153,0.3800088,4,-1,-1
236,21005,2139,1169,248,135,0.6569238,4,-1,-1
236,21016,2030,805,178,78,0.6040853,4,-1,-1
236,21017,2104,930,196,101,0.586401,4,-1,-1
236,21020,2510,896,195,87,0.45817977,4,-1,-1
236,21019,1521,420,71,39,0.38154635,4,-1,-1
237,21005,2200,1180,249,134,0.6976629,4,-1,-1
237,21016,2005,803,176,74,0.68650377,4,-1,-1
237,21017,2064,921,195,98,0.6074326,4,-1,-1
237,21020,2487,890,202,81,0.43326426,4,-1,-1
237,21019,1519,422,72,38,0.34645566,4,-1,-1
238,21005,2263,1196,252,130,0.74237937,4,-1,-1
238,21016,1981,800,175,74,0.6853064,4,-1,-1
238,21020,2460,888,202,84,0.6119564,4,-1,-1
238,21017,2035,915,188,96,0.57493967,4,-1,-1
238,21021,1,598,23,52,0.34861428,4,-1,-1
238,21022,2029,402,48,38,0.33911306,4,-1,-1
239,21005,2320,1209,268,140,0.6366156,4,-1,-1
239,21016,1960,798,169,71,0.5992541,4,-1,-1
239,21020,2433,884,203,81,0.5898329,4,-1,-1
239,21017,1991,906,193,92,0.55966234,4,-1,-1
239,21021,0,603,36,49,0.43349484,4,-1,-1
239,21022,2029,402,48,38,0.32350168,4,-1,-1
239,21023,338,536,68,51,0.31947318,5,-1,-1
239,21024,2087,400,55,37,0.30589944,4,-1,-1
240,21017,1953,899,187,97,0.67728186,4,-1,-1
240,21021,-1,604,57,52,0.6189243,4,-1,-1
240,21005,2377,1222,284,137,0.5782547,4,-1,-1
240,21020,2406,881,212,81,0.5249878,4,-1,-1
240,21016,1939,797,168,69,0.5179228,4,-1,-1
240,21022,2027,401,53,40,0.3147475,4,-1,-1
241,21017,1915,894,187,93,0.66030437,4,-1,-1
241,21021,-1,605,64,57,0.5901387,4,-1,-1
241,21005,2445,1238,263,137,0.5660205,4,-1,-1
241,21020,2375,875,207,87,0.5528506,4,-1,-1
241,21016,1906,789,174,72,0.47398418,4,-1,-1
241,21025,337,537,71,51,0.30670482,5,-1,-1
241,21026,1520,420,75,40,0.30178174,4,-1,-1
242,21021,-3,605,73,55,0.63927114,4,-1,-1
242,21016,1885,786,168,75,0.6281382,4,-1,-1
242,21017,1875,889,186,85,0.55034506,4,-1,-1
242,21020,2347,872,211,91,0.4883238,4,-1,-1
242,21005,2501,1243,201,158,0.46143165,4,-1,-1
242,21025,338,538,68,49,0.3323625,5,-1,-1
242,21027,2029,403,48,37,0.3412689,4,-1,-1
242,21028,2089,401,52,36,0.30963516,4,-1,-1
243,21016,1860,783,176,76,0.6168272,4,-1,-1
243,21017,1848,881,182,91,0.53486913,4,-1,-1
243,21021,-2,606,75,54,0.49573597,4,-1,-1
243,21020,2314,863,206,92,0.4869793,4,-1,-1
243,21005,2591,1259,102,135,0.4534494,4,-1,-1
243,21025,339,536,69,53,0.39507058,5,-1,-1
243,21028,2088,402,51,35,0.33565882,4,-1,-1
243,21027,2028,403,48,37,0.3293429,4,-1,-1
244,21016,1842,781,166,68,0.6458907,4,-1,-1
244,21017,1809,872,183,94,0.64150727,4,-1,-1
244,21020,2289,862,204,91,0.622485,4,-1,-1
244,21025,343,535,68,53,0.5192277,5,-1,-1
244,21028,2068,401,52,36,0.3958965,4,-1,-1
245,21016,1819,776,167,72,0.6222113,4,-1,-1
245,21020,2262,859,206,86,0.5989609,4,-1,-1
245,21017,1766,866,188,88,0.5870666,4,-1,-1
245,21028,2066,400,54,38,0.406623,4,-1,-1
245,21025,345,536,63,50,0.3118564,5,-1,-1
246,21017,1743,860,179,91,0.5982726,4,-1,-1
246,21016,1799,775,163,70,0.55364746,4,-1,-1
246,21020,2232,857,200,84,0.49986568,4,-1,-1
246,21028,2065,399,56,39,0.4140769,4,-1,-1
247,21016,1772,765,173,74,0.57821447,4,-1,-1
247,21020,2206,854,200,85,0.5394241,4,-1,-1
247,21017,1702,854,187,90,0.50587803,4,-1,-1
247,21028,2063,398,57,39,0.39930737,4,-1,-1
248,21020,2182,850,197,78,0.50354785,4,-1,-1
248,21028,2062,397,59,40,0.3650736,4,-1,-1
248,21016,1753,765,171,68,0.3404661,4,-1,-1
249,21020,2160,843,197,86,0.57109725,4,-1,-1
249,21016,1736,756,152,72,0.54150015,4,-1,-1
249,21028,2062,396,60,40,0.36214662,4,-1,-1
249,21029,1644,842,173,87,0.40490147,4,-1,-1
249,21030,1819,272,36,30,0.3516879,4,-1,-1
250,21020,2127,840,198,84,0.53866094,4,-1,-1
250,21016,1713,756,154,67,0.427177,4,-1,-1
250,21028,2064,398,55,38,0.38618502,4,-1,-1
250,21030,1819,273,36,29,0.34835297,4,-1,-1
251,21020,2107,839,185,83,0.65479565,4,-1,-1
251,21028,2064,396,56,40,0.37646833,4,-1,-1
252,21020,2080,836,193,82,0.64127564,4,-1,-1
252,21028,2065,397,55,39,0.34999976,4,-1,-1
253,21020,2056,835,191,81,0.538784,4,-1,-1
253,21028,2062,395,59,41,0.32628796,4,-1,-1
254,21020,2032,833,175,81,0.48923996,4,-1,-1
254,21028,2046,397,56,40,0.4111092,4,-1,-1
254,21031,339,533,68,50,0.44838098,5,-1,-1
254,21032,2099,428,73,45,0.30585894,4,-1,-1
255,21020,2004,832,186,83,0.48071375,4,-1,-1
255,21028,2063,397,54,39,0.46480644,4,-1,-1
255,21033,1818,272,38,32,0.31162056,4,-1,-1
256,21020,1984,827,177,81,0.5622041,4,-1,-1
256,21028,2069,399,50,37,0.44281402,4,-1,-1
256,21034,1527,419,70,40,0.40759933,4,-1,-1
257,21020,1957,827,184,79,0.47928068,4,-1,-1
257,21028,2087,401,53,37,0.33422628,4,-1,-1
258,21020,1931,828,189,75,0.41907853,4,-1,-1
259,21020,1911,829,182,73,0.4897621,4,-1,-1
260,21020,1880,824,181,75,0.4403649,4,-1,-1
260,21035,2025,409,54,38,0.34502167,4,-1,-1
260,21036,2089,402,50,37,0.31166995,4,-1,-1
261,21020,1863,820,170,75,0.5213753,4,-1,-1
261,21035,2027,410,51,36,0.3879814,4,-1,-1
261,21037,895,401,61,37,0.34273356,4,-1,-1
262,21020,1842,818,165,75,0.5591799,4,-1,-1
262,21035,2027,409,48,37,0.48548692,4,-1,-1
262,21038,2067,409,49,37,0.39035314,4,-1,-1
262,21039,1967,414,49,37,0.3868096,4,-1,-1
262,21040,1836,422,54,41,0.3523466,4,-1,-1
263,21020,1817,818,166,72,0.45568278,4,-1,-1
263,21038,2066,410,48,36,0.4109105,4,-1,-1
263,21040,1834,422,51,38,0.3176215,4,-1,-1
263,21041,119,557,72,49,0.35299563,4,-1,-1
