1,17455,-7,450,84,86,0.5632901,6,-1,-1
1,17456,1280,496,276,119,0.5456105,6,-1,-1
1,17457,321,507,138,61,0.41624743,6,-1,-1
2,17456,1299,495,266,108,0.6202615,6,-1,-1
2,17455,-2,448,74,75,0.56450623,6,-1,-1
2,17458,200,675,258,123,0.52334577,6,-1,-1
3,17456,1312,495,255,106,0.6437065,6,-1,-1
3,17455,-2,447,75,76,0.5941308,6,-1,-1
3,17458,236,672,265,113,0.37279117,6,-1,-1
4,17455,-2,447,76,77,0.56698465,6,-1,-1
4,17456,1314,499,246,116,0.3542073,6,-1,-1
5,17455,-3,447,76,78,0.5475287,6,-1,-1
5,17456,1331,492,252,110,0.50011826,6,-1,-1
6,17456,1336,485,254,123,0.5862087,6,-1,-1
6,17455,-3,447,73,76,0.5313313,6,-1,-1
7,17455,-2,447,74,77,0.52620536,6,-1,-1
7,17456,1353,487,249,113,0.49334943,6,-1,-1
8,17455,-3,445,75,80,0.5359096,6,-1,-1
8,17456,1361,484,243,115,0.4767712,6,-1,-1
8,17459,428,654,224,104,0.47315723,6,-1,-1
9,17455,-3,446,73,78,0.5364267,6,-1,-1
9,17460,2569,1064,57,107,0.415085,1,-1,-1
9,17461,451,647,217,95,0.3402984,4,-1,-1
10,17455,-3,447,71,73,0.50871164,6,-1,-1
10,17460,2568,1061,61,109,0.44806927,1,-1,-1
10,17461,513,637,189,78,0.3384221,4,-1,-1
10,17462,1381,481,240,121,0.4450272,6,-1,-1
11,17455,-2,447,69,74,0.5118888,6,-1,-1
11,17461,527,629,206,91,0.33763593,4,-1,-1
11,17463,2395,1058,66,101,0.32735932,1,-1,-1
11,17464,743,887,103,153,0.30703333,6,-1,-1
12,17455,-1,448,67,73,0.5005443,6,-1,-1
12,17465,1401,483,237,115,0.3304058,6,-1,-1
13,17455,-1,448,68,72,0.5012997,6,-1,-1
14,17455,-2,448,68,74,0.4549252,6,-1,-1
15,17455,-2,448,67,73,0.4316573,6,-1,-1
15,17466,1428,482,227,111,0.32124564,6,-1,-1
15,17467,638,613,196,84,0.32050022,4,-1,-1
16,17455,-2,448,68,74,0.50558794,6,-1,-1
17,17455,-1,449,67,71,0.51337487,6,-1,-1
17,17468,2558,1063,58,106,0.35806707,1,-1,-1
18,17455,0,448,63,73,0.5392182,6,-1,-1
19,17455,-3,448,75,74,0.4352545,6,-1,-1
19,17469,2570,1063,58,107,0.47804382,1,-1,-1
20,17455,-1,446,82,76,0.49144733,6,-1,-1
20,17469,2589,1062,60,110,0.3698809,1,-1,-1
20,17470,742,874,114,174,0.46353245,6,-1,-1
20,17471,2416,1057,68,105,0.3403338,1,-1,-1
21,17455,-1,449,104,70,0.5848238,6,-1,-1
21,17472,277,438,151,92,0.31903353,6,-1,-1
21,17473,302,437,182,87,0.31564313,6,-1,-1
22,17455,6,448,124,70,0.58985853,6,-1,-1
22,17474,876,581,175,92,0.3504649,5,-1,-1
23,17455,33,446,124,74,0.6873416,6,-1,-1
23,17475,2648,1080,48,110,0.43618977,1,-1,-1
23,17476,332,439,122,84,0.31751877,6,-1,-1
24,17455,57,445,122,72,0.63646466,6,-1,-1
24,17477,968,576,162,89,0.3619546,4,-1,-1
24,17478,2689,1082,6,110,0.3467792,1,-1,-1
25,17455,82,446,124,73,0.566493,6,-1,-1
25,17479,844,856,109,184,0.41203308,6,-1,-1
25,17480,1299,889,132,78,0.38480487,4,-1,-1
25,17481,402,443,109,71,0.31811753,6,-1,-1
26,17455,119,444,115,74,0.6342756,6,-1,-1
26,17482,2640,1103,53,109,0.41202855,1,-1,-1
26,17483,1043,571,154,79,0.32835588,4,-1,-1
26,17484,551,452,64,44,0.3214374,4,-1,-1
27,17455,142,445,119,71,0.7045302,6,-1,-1
27,17485,1379,902,148,84,0.4109936,4,-1,-1
27,17486,881,859,117,180,0.35794616,6,-1,-1
28,17455,168,443,116,73,0.7474928,6,-1,-1
28,17485,1427,910,142,85,0.40538943,4,-1,-1
28,17487,1128,561,151,83,0.37499875,4,-1,-1
29,17455,191,442,111,73,0.690174,6,-1,-1
29,17485,1466,916,159,90,0.32504064,4,-1,-1
29,17488,2684,1054,10,127,0.41060454,1,-1,-1
29,17489,494,441,93,78,0.34446967,6,-1,-1
30,17455,217,441,111,73,0.5479764,6,-1,-1
30,17489,514,440,94,73,0.33908802,6,-1,-1
30,17485,1519,922,157,90,0.3003066,4,-1,-1
30,17490,1,491,16,54,0.4143683,4,-1,-1
30,17491,1207,553,158,78,0.3774618,4,-1,-1
30,17492,1,491,16,54,0.33705965,6,-1,-1
31,17455,247,440,116,75,0.66574955,6,-1,-1
31,17490,2,484,43,45,0.46977243,4,-1,-1
31,17485,1559,936,163,87,0.41567123,4,-1,-1
31,17491,1245,557,158,83,0.33987296,4,-1,-1
31,17493,2690,1107,7,99,0.39267144,1,-1,-1
31,17494,2636,1066,55,105,0.36543253,1,-1,-1
31,17495,958,863,118,170,0.32966474,6,-1,-1
31,17496,29,948,44,85,0.30942568,1,-1,-1
32,17455,268,442,122,72,0.7722485,6,-1,-1
32,17491,1294,553,149,77,0.4352639,4,-1,-1
32,17490,12,485,51,42,0.41083154,4,-1,-1
32,17496,54,950,43,73,0.3665189,1,-1,-1
32,17493,2667,1074,29,118,0.36274245,1,-1,-1
32,17485,1611,940,158,97,0.34651858,4,-1,-1
32,17497,26,522,54,46,0.41196874,4,-1,-1
33,17455,297,442,115,71,0.68949944,6,-1,-1
33,17496,77,944,47,77,0.45954672,1,-1,-1
33,17497,32,481,56,43,0.39661908,4,-1,-1
34,17455,314,438,120,74,0.7672302,6,-1,-1
34,17497,52,480,56,43,0.305173,4,-1,-1
34,17498,1368,553,140,75,0.52819693,4,-1,-1
34,17499,602,440,91,74,0.37753224,6,-1,-1
34,17500,1702,959,174,101,0.36914527,4,-1,-1
35,17455,324,443,111,69,0.60409516,6,-1,-1
35,17500,1739,966,162,97,0.48664102,4,-1,-1
35,17498,1387,552,141,74,0.3215594,4,-1,-1
35,17501,1021,867,112,153,0.42965302,6,-1,-1
36,17455,339,442,100,74,0.6709823,6,-1,-1
36,17500,1768,975,171,98,0.62684387,4,-1,-1
36,17498,1404,549,140,75,0.5205542,4,-1,-1
36,17502,51,475,51,42,0.55065626,4,-1,-1
37,17500,1797,979,174,99,0.67134875,4,-1,-1
37,17455,335,440,104,75,0.6334924,6,-1,-1
37,17498,1426,545,135,75,0.5244054,4,-1,-1
37,17502,46,474,53,43,0.47607905,4,-1,-1
37,17503,1385,806,134,70,0.6295122,4,-1,-1
37,17504,1014,865,121,156,0.40028623,6,-1,-1
38,17455,334,441,106,74,0.6127939,6,-1,-1
38,17503,1419,810,121,69,0.5712034,4,-1,-1
38,17500,1831,989,173,96,0.56384856,4,-1,-1
38,17502,42,476,52,40,0.53706145,4,-1,-1
38,17504,1019,863,114,160,0.47144735,6,-1,-1
38,17498,1436,541,137,78,0.46837473,4,-1,-1
38,17505,126,533,63,45,0.5019423,4,-1,-1
38,17506,1,489,7,53,0.42617056,4,-1,-1
39,17500,1858,1000,181,98,0.61886716,4,-1,-1
39,17505,132,538,62,43,0.6136853,4,-1,-1
39,17455,325,442,109,68,0.5866133,6,-1,-1
39,17506,0,485,17,55,0.51050913,4,-1,-1
39,17502,35,476,49,40,0.48373404,4,-1,-1
39,17503,1440,817,130,72,0.4438418,4,-1,-1
39,17504,1020,867,111,157,0.43724334,6,-1,-1
39,17498,1451,540,137,76,0.39413536,4,-1,-1
40,17500,1891,1007,186,99,0.66217476,4,-1,-1
40,17503,1471,826,127,69,0.6583747,4,-1,-1
40,17505,138,538,73,44,0.60177106,4,-1,-1
40,17455,336,442,102,72,0.60139894,6,-1,-1
40,17506,1,489,23,51,0.55521,4,-1,-1
40,17498,1471,539,133,77,0.45013386,4,-1,-1
40,17504,1021,868,109,156,0.4194861,6,-1,-1
40,17507,99,945,48,76,0.38732582,1,-1,-1
40,17508,610,446,78,66,0.30098167,6,-1,-1
41,17455,338,441,100,72,0.5837071,6,-1,-1
41,17506,0,490,33,53,0.573299,4,-1,-1
41,17503,1500,833,124,66,0.53679323,4,-1,-1
41,17500,1920,1015,190,101,0.53101534,4,-1,-1
41,17507,99,946,50,74,0.42253932,1,-1,-1
41,17505,148,542,63,42,0.35481346,4,-1,-1
41,17508,608,444,81,70,0.30975953,6,-1,-1
42,17500,1961,1020,187,103,0.7205148,4,-1,-1
42,17455,339,441,98,73,0.6099051,6,-1,-1
42,17503,1522,837,134,71,0.48642257,4,-1,-1
42,17505,150,541,69,45,0.47119948,4,-1,-1
42,17506,0,492,36,51,0.4245483,4,-1,-1
42,17508,610,443,79,69,0.3680373,6,-1,-1
42,17507,97,947,51,75,0.31732172,1,-1,-1
42,17509,1496,534,137,71,0.391541,4,-1,-1
43,17503,1548,842,140,72,0.6395264,4,-1,-1
43,17455,338,441,98,73,0.6142978,6,-1,-1
43,17500,1989,1032,201,106,0.5841592,4,-1,-1
43,17506,4,473,57,52,0.55848867,4,-1,-1
43,17507,97,932,48,79,0.52927303,1,-1,-1
43,17509,1517,533,131,69,0.44046763,4,-1,-1
43,17508,630,445,72,65,0.3530138,6,-1,-1
43,17510,1920,449,61,53,0.33516806,6,-1,-1
44,17503,1576,849,140,72,0.72813493,4,-1,-1
44,17500,2031,1040,196,103,0.64173764,4,-1,-1
44,17506,1,486,54,62,0.63732016,4,-1,-1
44,17455,338,440,96,73,0.5502416,6,-1,-1
44,17507,96,946,51,75,0.51031715,1,-1,-1
44,17508,632,445,68,63,0.31578192,6,-1,-1
44,17511,747,454,53,37,0.3288728,4,-1,-1
45,17455,322,439,108,76,0.6984796,6,-1,-1
45,17500,2066,1048,193,103,0.6369608,4,-1,-1
45,17507,95,951,50,74,0.6115205,1,-1,-1
45,17506,1,490,55,61,0.5929615,4,-1,-1
45,17503,1602,853,145,73,0.45290652,4,-1,-1
45,17511,744,453,52,37,0.37906194,4,-1,-1
45,17512,1537,527,143,75,0.55922866,4,-1,-1
45,17513,1018,869,110,159,0.35581833,6,-1,-1
46,17455,321,437,109,78,0.7307683,6,-1,-1
46,17500,2101,1058,204,109,0.7279518,4,-1,-1
46,17503,1631,861,147,75,0.694344,4,-1,-1
46,17506,0,486,64,70,0.6653992,4,-1,-1
46,17507,95,949,48,75,0.64583725,1,-1,-1
46,17512,1557,526,135,72,0.44288096,4,-1,-1
46,17513,1017,868,111,160,0.3725871,6,-1,-1
47,17455,322,439,107,75,0.70577496,6,-1,-1
47,17503,1660,869,146,78,0.69362396,4,-1,-1
47,17500,2143,1069,200,109,0.6117508,4,-1,-1
47,17506,2,498,70,61,0.50671893,4,-1,-1
47,17513,1010,861,121,174,0.49980766,6,-1,-1
47,17507,95,947,48,71,0.47427306,1,-1,-1
47,17512,1578,524,131,73,0.4732634,4,-1,-1
47,17514,192,552,66,48,0.5805472,4,-1,-1
47,17515,584,448,86,65,0.32230702,6,-1,-1
48,17500,2178,1077,212,117,0.7280447,4,-1,-1
48,17455,324,440,99,73,0.7002299,6,-1,-1
48,17506,15,505,63,54,0.5289594,4,-1,-1
48,17503,1690,875,153,80,0.5023806,4,-1,-1
48,17512,1576,523,140,74,0.45703328,4,-1,-1
48,17513,1013,862,117,172,0.4532568,6,-1,-1
48,17507,94,950,48,72,0.36525092,1,-1,-1
48,17515,578,446,97,72,0.3572321,6,-1,-1
48,17514,206,556,71,46,0.3511348,4,-1,-1
48,17516,0,459,22,47,0.45677048,4,-1,-1
48,17517,732,453,55,39,0.30417895,4,-1,-1
49,17503,1713,880,163,83,0.72191095,4,-1,-1
49,17455,323,442,100,70,0.7075393,6,-1,-1
49,17514,206,559,73,45,0.70695955,4,-1,-1
49,17500,2220,1085,216,114,0.6744567,4,-1,-1
49,17516,1,457,17,49,0.62401605,4,-1,-1
49,17507,93,947,47,78,0.5991274,1,-1,-1
49,17506,24,508,62,50,0.57430744,4,-1,-1
49,17513,1013,864,116,170,0.5499586,6,-1,-1
49,17515,574,447,103,72,0.31564042,6,-1,-1
49,17518,563,566,52,45,0.45747063,4,-1,-1
49,17519,298,565,66,44,0.39171982,4,-1,-1
50,17455,322,443,102,70,0.7031098,6,-1,-1
50,17500,2258,1095,225,119,0.6879681,4,-1,-1
50,17506,24,508,68,53,0.63072467,4,-1,-1
50,17507,93,944,47,80,0.5783743,1,-1,-1
50,17516,1,454,10,55,0.5618812,4,-1,-1
50,17503,1751,891,158,82,0.4758752,4,-1,-1
50,17513,1011,869,117,161,0.475418,6,-1,-1
50,17515,581,444,93,75,0.39955524,6,-1,-1
50,17520,1620,521,128,73,0.3941546,4,-1,-1
51,17503,1779,895,166,87,0.7089946,4,-1,-1
51,17455,323,443,98,69,0.65571,6,-1,-1
51,17506,35,511,64,50,0.6324983,4,-1,-1
51,17500,2298,1109,229,125,0.6324079,4,-1,-1
51,17507,93,945,46,79,0.5503642,1,-1,-1
51,17513,1013,871,116,159,0.4946889,6,-1,-1
51,17515,585,444,86,74,0.38403216,6,-1,-1
51,17516,0,456,5,46,0.34986126,4,-1,-1
51,17521,323,568,55,43,0.5332549,4,-1,-1
51,17522,223,563,68,46,0.5188706,4,-1,-1
51,17523,533,564,60,46,0.5017543,4,-1,-1
51,17524,1630,519,122,73,0.31136915,6,-1,-1
52,17506,42,516,63,51,0.74273854,4,-1,-1
52,17503,1818,902,159,89,0.71257687,4,-1,-1
52,17500,2341,1117,233,122,0.7017827,4,-1,-1
52,17455,325,443,94,73,0.62416303,6,-1,-1
52,17513,1013,871,114,158,0.50357133,6,-1,-1
52,17522,235,567,59,43,0.46604672,4,-1,-1
52,17507,92,945,47,79,0.46445483,1,-1,-1
52,17521,330,569,53,44,0.41629124,4,-1,-1
52,17523,526,562,58,46,0.40501937,4,-1,-1
52,17515,587,445,83,74,0.38003898,6,-1,-1
52,17525,2042,462,186,87,0.32140905,6,-1,-1
53,17506,47,516,65,53,0.7153465,4,-1,-1
53,17455,323,443,96,74,0.6656823,6,-1,-1
53,17500,2380,1131,244,126,0.643659,4,-1,-1
53,17503,1844,909,167,89,0.5452786,4,-1,-1
53,17513,1011,868,116,161,0.5271612,6,-1,-1
53,17507,94,951,46,73,0.5259853,1,-1,-1
53,17522,238,568,68,45,0.450977,4,-1,-1
53,17525,2049,461,184,88,0.3802724,6,-1,-1
53,17523,505,561,59,44,0.3427369,4,-1,-1
53,17526,741,455,58,38,0.31623706,4,-1,-1
53,17527,935,457,61,42,0.30573112,4,-1,-1
54,17503,1881,917,170,92,0.74579906,4,-1,-1
54,17500,2436,1139,239,132,0.6922725,4,-1,-1
54,17455,321,443,102,74,0.69023,6,-1,-1
54,17506,55,518,66,55,0.6185693,4,-1,-1
54,17523,488,555,66,47,0.5493315,4,-1,-1
54,17507,94,952,47,72,0.5453601,1,-1,-1
54,17522,250,573,65,46,0.4783451,4,-1,-1
54,17513,1010,868,119,161,0.4684015,6,-1,-1
54,17526,742,455,59,38,0.31507412,4,-1,-1
55,17500,2480,1147,211,141,0.6971895,4,-1,-1
55,17455,319,442,104,75,0.69473124,6,-1,-1
55,17503,1920,926,167,92,0.6654717,4,-1,-1
55,17506,60,519,66,55,0.6578126,4,-1,-1
55,17522,258,574,64,48,0.53376156,4,-1,-1
55,17507,94,953,44,70,0.46112308,1,-1,-1
55,17523,471,558,70,46,0.35005936,4,-1,-1
55,17526,744,454,59,38,0.30930245,4,-1,-1
56,17455,316,442,109,74,0.7258181,6,-1,-1
56,17506,65,522,67,54,0.6300076,4,-1,-1
56,17500,2527,1162,160,127,0.59783614,4,-1,-1
56,17503,1950,934,174,93,0.58028966,4,-1,-1
56,17507,93,949,44,76,0.56282884,1,-1,-1
56,17522,258,575,70,48,0.40882567,4,-1,-1
56,17523,467,554,70,45,0.39140254,4,-1,-1
56,17526,743,454,60,38,0.30639306,4,-1,-1
57,17503,1987,941,179,96,0.7324999,4,-1,-1
57,17455,318,441,106,76,0.71447515,6,-1,-1
57,17522,275,576,62,48,0.6474048,4,-1,-1
57,17507,91,950,47,78,0.60820526,1,-1,-1
57,17500,2565,1177,127,137,0.5176466,4,-1,-1
57,17506,74,526,70,56,0.48821694,4,-1,-1
57,17523,459,552,65,47,0.37992024,4,-1,-1
57,17528,1009,863,117,167,0.30699265,6,-1,-1
58,17455,318,442,104,75,0.70133626,6,-1,-1
58,17522,276,579,68,49,0.6375685,4,-1,-1
58,17503,2029,954,173,92,0.62032473,4,-1,-1
58,17507,89,948,49,77,0.60800654,1,-1,-1
58,17506,78,525,72,57,0.5797519,4,-1,-1
58,17500,2621,1188,76,150,0.48758787,4,-1,-1
58,17523,448,547,61,45,0.36728883,4,-1,-1
58,17529,727,453,59,40,0.3892929,4,-1,-1
58,17530,1716,509,117,69,0.37206358,4,-1,-1
58,17531,584,445,85,69,0.35686213,6,-1,-1
59,17503,2064,961,183,98,0.76014364,4,-1,-1
59,17455,319,443,101,74,0.72524077,6,-1,-1
59,17506,84,528,71,56,0.69769305,4,-1,-1
59,17507,90,947,49,81,0.5815773,1,-1,-1
59,17500,2672,1195,28,175,0.44384864,4,-1,-1
59,17522,291,580,62,54,0.41755742,4,-1,-1
59,17523,433,545,59,46,0.41139257,4,-1,-1
59,17529,728,454,54,38,0.36387417,4,-1,-1
59,17531,582,447,88,68,0.35618523,6,-1,-1
59,17532,992,869,129,156,0.3176812,6,-1,-1
60,17455,316,443,106,72,0.756681,6,-1,-1
60,17503,2100,969,187,97,0.5742816,4,-1,-1
60,17506,95,530,67,54,0.5182341,4,-1,-1
60,17523,425,546,61,43,0.5180269,4,-1,-1
60,17507,90,950,49,80,0.50010407,1,-1,-1
60,17522,293,585,69,53,0.4887565,4,-1,-1
60,17532,996,869,125,158,0.42045084,6,-1,-1
60,17531,580,444,92,70,0.34653577,6,-1,-1
60,17533,1746,508,107,62,0.40325388,4,-1,-1
61,17506,100,530,67,58,0.77505416,4,-1,-1
61,17455,317,445,104,70,0.7629106,6,-1,-1
61,17503,2142,978,189,99,0.721123,4,-1,-1
61,17507,91,950,47,78,0.52816325,1,-1,-1
61,17522,297,591,75,53,0.42338455,4,-1,-1
61,17532,1010,862,113,170,0.410895,6,-1,-1
61,17533,1759,507,110,63,0.39139935,4,-1,-1
61,17523,425,543,51,42,0.36275086,4,-1,-1
61,17531,580,443,92,73,0.33369508,6,-1,-1
62,17506,106,532,67,56,0.7857692,4,-1,-1
62,17455,320,444,99,70,0.6949043,6,-1,-1
62,17523,403,538,61,45,0.65384555,4,-1,-1
62,17503,2178,986,198,101,0.61809266,4,-1,-1
62,17507,91,947,46,78,0.58371687,1,-1,-1
62,17522,311,586,66,52,0.41387594,4,-1,-1
62,17532,1009,865,116,166,0.3749208,6,-1,-1
62,17531,582,443,92,75,0.31324884,6,-1,-1
62,17534,723,454,55,38,0.36441168,4,-1,-1
63,17503,2222,993,201,105,0.7226775,4,-1,-1
63,17455,320,441,102,73,0.6628874,6,-1,-1
63,17532,1011,859,118,180,0.55800647,6,-1,-1
63,17506,115,533,71,55,0.531577,4,-1,-1
63,17522,312,585,72,52,0.5245193,4,-1,-1
63,17507,91,950,45,73,0.4793636,1,-1,-1
63,17523,400,537,55,43,0.36983058,4,-1,-1
63,17535,2109,460,181,84,0.350608,6,-1,-1
63,17536,1857,450,101,64,0.3023014,5,-1,-1
64,17506,121,532,69,56,0.79629326,4,-1,-1
64,17455,318,439,108,73,0.74762577,6,-1,-1
64,17503,2265,1002,198,108,0.6963075,4,-1,-1
64,17507,91,948,44,72,0.47282705,1,-1,-1
64,17532,1010,858,116,176,0.4590484,6,-1,-1
64,17536,1850,449,102,68,0.44547075,5,-1,-1
64,17522,329,586,82,51,0.31528923,4,-1,-1
65,17506,125,536,73,55,0.80361235,4,-1,-1
65,17503,2310,1011,200,110,0.7097842,4,-1,-1
65,17455,313,436,110,73,0.69205344,6,-1,-1
65,17507,87,945,44,78,0.57301915,1,-1,-1
65,17532,1009,859,117,173,0.4412685,6,-1,-1
65,17537,1847,450,105,63,0.44630533,6,-1,-1
65,17538,368,528,63,44,0.32499832,4,-1,-1
66,17503,2358,1021,199,113,0.71945286,4,-1,-1
66,17455,314,434,108,74,0.6264017,6,-1,-1
66,17506,131,534,72,59,0.55164045,4,-1,-1
66,17538,363,527,61,42,0.4668913,4,-1,-1
66,17507,86,942,44,80,0.43951404,1,-1,-1
66,17532,1009,859,117,176,0.38669717,6,-1,-1
66,17539,1844,450,106,66,0.3706307,5,-1,-1
66,17540,342,588,71,49,0.33170778,4,-1,-1
66,17541,603,442,82,75,0.30140114,6,-1,-1
67,17506,138,538,73,57,0.69524974,4,-1,-1
67,17503,2408,1037,207,116,0.67794716,4,-1,-1
67,17455,314,435,107,72,0.59372973,6,-1,-1
67,17507,79,945,46,78,0.49211535,1,-1,-1
67,17532,1009,857,117,177,0.46097413,6,-1,-1
67,17541,585,442,87,78,0.32450426,6,-1,-1
67,17542,1839,448,113,88,0.39493167,6,-1,-1
68,17503,2453,1049,213,116,0.6368415,4,-1,-1
68,17455,311,437,111,71,0.61525774,6,-1,-1
68,17507,75,950,47,78,0.57893276,1,-1,-1
68,17506,146,543,70,56,0.5596874,4,-1,-1
68,17532,994,863,125,166,0.40055928,6,-1,-1
68,17542,1824,452,125,91,0.39026374,6,-1,-1
68,17543,340,524,60,44,0.50794107,4,-1,-1
68,17544,349,594,77,53,0.43280852,4,-1,-1
69,17503,2505,1061,189,114,0.66971606,4,-1,-1
69,17455,312,438,108,71,0.6405534,6,-1,-1
69,17532,1010,857,113,178,0.5117552,6,-1,-1
69,17506,150,547,75,57,0.48281893,4,-1,-1
69,17507,71,950,45,80,0.43988007,1,-1,-1
70,17503,2560,1077,128,109,0.6729948,4,-1,-1
70,17455,308,440,113,70,0.616116,6,-1,-1
70,17506,158,548,70,57,0.5987514,4,-1,-1
70,17532,1007,863,118,176,0.58007145,6,-1,-1
70,17507,67,951,47,78,0.4474688,1,-1,-1
70,17545,1838,451,121,88,0.31545752,6,-1,-1
71,17506,164,551,71,56,0.70245695,4,-1,-1
71,17503,2598,1094,99,119,0.5909642,4,-1,-1
71,17455,307,441,114,70,0.5804915,6,-1,-1
71,17507,56,954,48,74,0.4865512,1,-1,-1
71,17532,993,863,124,175,0.40954617,6,-1,-1
71,17545,1834,451,129,85,0.32710686,6,-1,-1
72,17506,168,554,70,57,0.7559022,4,-1,-1
72,17455,313,441,104,70,0.6406227,6,-1,-1
72,17532,999,881,115,160,0.47434804,6,-1,-1
72,17507,49,969,46,75,0.4258168,1,-1,-1
72,17546,79,413,64,52,0.41297632,4,-1,-1
72,17547,726,453,56,39,0.32016277,4,-1,-1
73,17506,172,556,75,60,0.6093096,4,-1,-1
73,17455,316,440,97,74,0.54962516,6,-1,-1
73,17507,42,972,47,79,0.50227666,1,-1,-1
73,17548,281,516,62,45,0.47827116,4,-1,-1
73,17549,575,441,102,77,0.36156726,6,-1,-1
74,17455,298,439,115,72,0.6777028,6,-1,-1
74,17506,178,558,74,60,0.6093756,4,-1,-1
74,17507,32,967,46,85,0.5277288,1,-1,-1
74,17549,598,436,99,80,0.3049225,6,-1,-1
74,17550,992,881,120,161,0.3798971,6,-1,-1
74,17551,719,451,58,40,0.30602282,4,-1,-1
75,17455,298,441,114,72,0.6793247,6,-1,-1
75,17506,182,560,76,62,0.6271986,4,-1,-1
75,17507,25,970,45,79,0.4668487,1,-1,-1
75,17549,580,441,94,78,0.3377835,6,-1,-1
75,17551,721,452,57,40,0.322958,4,-1,-1
75,17552,1829,456,106,69,0.39741164,6,-1,-1
75,17553,76,415,66,51,0.3248663,4,-1,-1
76,17455,297,441,115,72,0.7259913,6,-1,-1
76,17506,186,567,77,59,0.5461339,4,-1,-1
76,17507,13,973,46,76,0.37265146,1,-1,-1
76,17552,1822,456,114,69,0.36873096,6,-1,-1
76,17554,248,514,61,44,0.4161851,4,-1,-1
77,17455,294,440,118,74,0.72469,6,-1,-1
77,17506,193,568,73,59,0.58720505,4,-1,-1
77,17552,1829,459,102,65,0.37277153,6,-1,-1
77,17554,239,513,60,43,0.35844892,4,-1,-1
77,17555,1939,492,86,53,0.47983858,4,-1,-1
78,17455,296,441,113,71,0.64906615,6,-1,-1
78,17555,1943,492,88,56,0.5545389,4,-1,-1
78,17506,200,572,72,59,0.5177778,4,-1,-1
78,17552,1821,458,108,66,0.32505286,6,-1,-1
78,17556,580,443,94,74,0.3345975,6,-1,-1
79,17455,291,443,118,72,0.68767136,6,-1,-1
79,17506,205,575,73,58,0.6127793,4,-1,-1
79,17555,1956,493,91,52,0.46083808,4,-1,-1
79,17552,1830,459,100,66,0.40133247,6,-1,-1
79,17556,575,440,101,79,0.359315,6,-1,-1
79,17557,705,454,56,41,0.30891716,4,-1,-1
80,17506,204,578,76,57,0.694522,4,-1,-1
80,17455,289,445,113,71,0.63896525,6,-1,-1
80,17555,1960,494,90,52,0.5610032,4,-1,-1
80,17552,1810,463,103,65,0.37968796,6,-1,-1
80,17556,578,439,96,82,0.37220865,6,-1,-1
80,17558,100,971,42,78,0.5666649,1,-1,-1
81,17455,278,443,111,74,0.6888835,6,-1,-1
81,17506,204,580,81,63,0.626529,4,-1,-1
81,17558,81,967,42,76,0.46832258,1,-1,-1
81,17552,1802,457,108,71,0.4554072,6,-1,-1
81,17555,1956,493,70,45,0.38703403,4,-1,-1
81,17556,584,442,81,75,0.34764257,6,-1,-1
81,17559,189,503,58,49,0.4709211,4,-1,-1
81,17560,970,900,119,174,0.30346638,6,-1,-1
82,17455,271,442,112,74,0.74442315,6,-1,-1
82,17552,1780,455,124,75,0.5378285,6,-1,-1
82,17560,946,898,138,180,0.4953043,6,-1,-1
82,17559,170,501,58,48,0.4835928,4,-1,-1
82,17506,203,585,83,66,0.45919234,4,-1,-1
83,17455,248,440,121,77,0.75600666,6,-1,-1
83,17506,189,587,80,68,0.5997854,4,-1,-1
83,17559,146,502,55,49,0.4826619,4,-1,-1
83,17552,1763,458,122,72,0.45090628,6,-1,-1
83,17560,950,910,118,165,0.31547132,6,-1,-1
84,17455,226,442,117,78,0.7281838,6,-1,-1
84,17506,167,590,85,72,0.51588404,4,-1,-1
84,17559,106,502,60,46,0.43088713,4,-1,-1
84,17552,1752,458,116,72,0.31440175,6,-1,-1
84,17560,930,928,106,162,0.31395835,6,-1,-1
84,17561,1741,458,122,72,0.3631969,4,-1,-1
84,17562,786,459,62,44,0.32413307,4,-1,-1
85,17561,1718,463,119,74,0.6379396,4,-1,-1
85,17455,203,447,114,76,0.6100643,6,-1,-1
85,17559,66,510,63,46,0.41324332,4,-1,-1
85,17506,145,599,85,70,0.40521848,4,-1,-1
85,17563,1942,495,81,61,0.45885503,4,-1,-1
86,17455,169,456,115,73,0.60592777,6,-1,-1
86,17506,111,613,103,71,0.510797,4,-1,-1
86,17563,1941,498,79,55,0.4238098,4,-1,-1
86,17564,1693,467,120,74,0.62265676,6,-1,-1
86,17565,503,494,78,64,0.32216945,6,-1,-1
87,17455,137,456,125,76,0.6842266,6,-1,-1
87,17564,1664,467,132,74,0.6403906,6,-1,-1
87,17506,107,616,92,69,0.59781015,4,-1,-1
87,17563,1916,500,69,53,0.4145493,4,-1,-1
87,17566,2,512,47,46,0.53340566,4,-1,-1
88,17455,118,461,125,75,0.71443236,6,-1,-1
88,17506,94,620,91,70,0.4641175,4,-1,-1
88,17564,1649,470,121,71,0.43458855,6,-1,-1
88,17563,1911,500,77,54,0.41897246,4,-1,-1
88,17567,843,941,116,183,0.4986498,6,-1,-1
89,17455,104,463,120,71,0.72450984,6,-1,-1
89,17506,88,629,89,67,0.5301763,4,-1,-1
89,17563,1910,501,67,51,0.47997305,4,-1,-1
89,17567,826,938,124,191,0.46107507,6,-1,-1
89,17564,1630,468,126,74,0.40898082,6,-1,-1
90,17455,103,463,118,74,0.78602433,6,-1,-1
90,17506,86,633,98,71,0.66598964,4,-1,-1
90,17564,1629,469,125,74,0.50506073,6,-1,-1
90,17563,1913,500,63,52,0.48098758,4,-1,-1
91,17455,104,462,113,75,0.7041682,6,-1,-1
91,17506,89,632,97,66,0.46587288,4,-1,-1
91,17564,1628,469,119,75,0.43231255,6,-1,-1
91,17568,53,448,56,44,0.31210658,4,-1,-1
92,17455,104,463,113,74,0.74422383,6,-1,-1
92,17506,107,640,93,61,0.4125447,4,-1,-1
92,17564,1631,469,112,74,0.39810398,6,-1,-1
92,17569,1925,497,86,56,0.33153406,6,-1,-1
93,17455,101,463,118,73,0.77566224,6,-1,-1
93,17564,1625,474,116,75,0.38461038,6,-1,-1
93,17506,104,640,111,66,0.37222487,4,-1,-1
93,17569,1939,494,89,59,0.3420423,6,-1,-1
94,17455,99,462,118,75,0.77314276,6,-1,-1
94,17564,1607,473,122,78,0.4298511,6,-1,-1
94,17569,1935,495,94,59,0.36608884,6,-1,-1
94,17570,51,448,56,42,0.30100253,4,-1,-1
95,17455,100,460,115,79,0.7724759,6,-1,-1
95,17564,1604,472,124,80,0.39586186,6,-1,-1
95,17569,1935,494,97,62,0.3834573,6,-1,-1
95,17571,823,956,116,189,0.33818117,6,-1,-1
96,17455,99,461,117,78,0.7076824,6,-1,-1
96,17569,1936,493,101,63,0.50522655,6,-1,-1
96,17564,1600,475,123,76,0.31748268,6,-1,-1
96,17572,997,441,59,45,0.3638646,4,-1,-1
97,17455,97,463,119,77,0.71877813,6,-1,-1
97,17564,1587,474,125,79,0.44000217,6,-1,-1
97,17569,1942,494,96,62,0.42639107,6,-1,-1
97,17572,995,442,62,45,0.3793577,4,-1,-1
97,17573,553,473,61,47,0.30956233,4,-1,-1
98,17455,94,463,121,76,0.70333755,6,-1,-1
98,17569,1967,496,81,56,0.47109735,6,-1,-1
98,17572,992,441,67,45,0.35263446,4,-1,-1
98,17574,437,511,76,56,0.30310953,6,-1,-1
99,17455,93,463,120,78,0.68830436,6,-1,-1
99,17569,1982,496,82,54,0.40788698,6,-1,-1
99,17572,983,440,64,47,0.3936809,4,-1,-1
99,17575,1577,472,131,84,0.4747394,6,-1,-1
100,17455,96,461,117,80,0.69225913,6,-1,-1
100,17575,1587,474,118,80,0.4211763,6,-1,-1
100,17572,980,440,67,47,0.36580756,4,-1,-1
100,17576,1560,477,91,70,0.3281159,6,-1,-1
101,17455,96,462,116,81,0.6490767,6,-1,-1
101,17572,978,440,66,46,0.40437007,4,-1,-1
101,17575,1591,467,110,66,0.39098155,6,-1,-1
101,17577,1983,492,83,56,0.33902812,6,-1,-1
101,17578,802,958,120,188,0.31079626,6,-1,-1
101,17579,542,470,78,48,0.30560195,4,-1,-1
102,17455,85,465,121,76,0.60952586,6,-1,-1
102,17572,974,440,69,45,0.37610248,4,-1,-1
102,17575,1569,464,118,69,0.36214954,6,-1,-1
102,17580,1544,473,88,63,0.3272721,6,-1,-1
103,17455,85,464,119,75,0.58441424,6,-1,-1
103,17572,973,441,70,45,0.37958455,4,-1,-1
103,17581,2008,489,75,55,0.4353245,6,-1,-1
103,17582,379,457,113,92,0.32561925,6,-1,-1
104,17455,85,465,121,75,0.6057498,6,-1,-1
104,17581,2013,491,72,54,0.4023639,6,-1,-1
104,17572,974,442,67,44,0.36439323,4,-1,-1
104,17583,1544,480,118,81,0.43409616,6,-1,-1
104,17584,801,961,119,188,0.3788442,6,-1,-1
105,17455,85,462,119,80,0.6633071,6,-1,-1
105,17583,1538,476,124,83,0.4828649,6,-1,-1
105,17572,968,440,75,45,0.33148223,4,-1,-1
106,17455,88,459,113,82,0.6145809,6,-1,-1
106,17583,1528,478,137,83,0.57374406,6,-1,-1
106,17572,950,439,83,48,0.33026233,4,-1,-1
106,17585,2033,490,76,54,0.3910975,6,-1,-1
106,17586,1171,1219,47,54,0.312408,4,-1,-1
107,17455,86,459,117,82,0.61025596,6,-1,-1
107,17572,949,438,84,49,0.3817022,4,-1,-1
107,17585,2035,489,76,54,0.3768989,6,-1,-1
107,17583,1521,477,134,85,0.33671308,6,-1,-1
108,17455,86,461,116,80,0.6290023,6,-1,-1
108,17583,1509,475,142,85,0.4852327,6,-1,-1
108,17572,946,438,87,50,0.38049904,4,-1,-1
108,17587,526,470,84,47,0.31071663,4,-1,-1
109,17455,84,459,113,80,0.6379671,6,-1,-1
109,17583,1496,479,141,86,0.56149536,6,-1,-1
109,17572,947,439,81,48,0.377492,4,-1,-1
109,17588,2055,487,76,50,0.41676793,4,-1,-1
109,17589,793,970,126,203,0.3484229,6,-1,-1
110,17455,82,461,117,80,0.6982936,6,-1,-1
110,17589,793,965,128,210,0.41010126,6,-1,-1
110,17572,947,439,78,47,0.40623727,4,-1,-1
110,17583,1514,481,126,81,0.38447252,6,-1,-1
110,17588,2060,487,73,52,0.35301316,4,-1,-1
110,17590,2060,487,73,52,0.33379927,6,-1,-1
110,17591,391,458,131,88,0.30106947,6,-1,-1
111,17455,81,460,117,81,0.73227924,6,-1,-1
111,17589,791,956,131,202,0.4399223,6,-1,-1
111,17572,946,440,77,45,0.36849618,4,-1,-1
111,17583,1494,479,134,83,0.35324275,6,-1,-1
111,17590,2071,486,74,53,0.3504051,6,-1,-1
111,17591,382,459,108,87,0.31225127,6,-1,-1
111,17592,808,433,65,47,0.3094252,4,-1,-1
112,17455,84,460,113,82,0.65355116,6,-1,-1
112,17583,1492,478,131,83,0.44856003,6,-1,-1
112,17592,808,433,65,48,0.35275736,4,-1,-1
112,17572,948,440,73,46,0.35256907,4,-1,-1
112,17590,2073,486,71,54,0.34283647,6,-1,-1
113,17455,86,461,112,82,0.63306165,6,-1,-1
113,17583,1470,478,140,86,0.51145494,6,-1,-1
113,17590,2076,486,68,55,0.37641713,6,-1,-1
113,17572,933,441,68,43,0.30958465,4,-1,-1
113,17593,1162,1224,48,66,0.30610928,5,-1,-1
114,17583,1461,483,149,86,0.6679417,6,-1,-1
114,17455,85,461,110,81,0.64957595,6,-1,-1
114,17590,2083,489,67,52,0.40424284,6,-1,-1
114,17594,784,978,125,195,0.37000883,6,-1,-1
115,17455,81,460,116,80,0.7265036,6,-1,-1
115,17583,1453,483,142,84,0.5950468,6,-1,-1
115,17594,783,977,126,188,0.35719642,6,-1,-1
116,17455,78,461,119,78,0.75569385,6,-1,-1
116,17583,1448,481,147,88,0.60739326,6,-1,-1
116,17595,928,440,72,45,0.31401485,4,-1,-1
117,17455,79,460,118,80,0.7469282,6,-1,-1
117,17583,1439,482,153,86,0.688085,6,-1,-1
117,17595,916,439,65,46,0.3460424,4,-1,-1
117,17596,1156,1231,51,64,0.3574692,5,-1,-1
118,17455,80,458,115,81,0.76452476,6,-1,-1
118,17583,1427,482,149,87,0.5185409,6,-1,-1
118,17597,779,977,122,194,0.3445267,6,-1,-1
119,17455,66,459,111,80,0.5997211,6,-1,-1
119,17583,1407,490,147,86,0.37970594,6,-1,-1
119,17598,2100,480,75,51,0.4265431,4,-1,-1
120,17455,68,460,94,81,0.45458403,6,-1,-1
120,17583,1385,489,149,88,0.4075314,6,-1,-1
120,17599,1385,489,149,88,0.3392915,5,-1,-1
121,17455,4,458,131,83,0.66276026,6,-1,-1
121,17583,1363,489,149,87,0.5028745,6,-1,-1
121,17599,1361,486,151,84,0.30438313,5,-1,-1
122,17455,0,461,109,79,0.681635,6,-1,-1
122,17583,1337,488,148,89,0.57989115,6,-1,-1
123,17455,0,460,100,82,0.64194614,6,-1,-1
123,17583,1316,488,155,91,0.6247123,6,-1,-1
124,17455,-2,463,97,79,0.58741033,6,-1,-1
124,17583,1309,485,152,97,0.5650053,6,-1,-1
125,17455,0,464,95,78,0.5732027,6,-1,-1
125,17583,1296,488,158,93,0.5669574,6,-1,-1
126,17583,1291,489,155,94,0.7146542,6,-1,-1
126,17455,0,463,96,81,0.57588166,6,-1,-1
127,17455,-2,463,97,81,0.5701054,6,-1,-1
127,17583,1294,490,145,92,0.5439883,6,-1,-1
128,17583,1283,493,143,89,0.5688416,6,-1,-1
128,17455,-3,463,88,83,0.5129461,6,-1,-1
129,17455,-3,463,88,83,0.510392,6,-1,-1
129,17583,1267,496,152,90,0.4934993,6,-1,-1
130,17455,-3,464,87,84,0.50845873,6,-1,-1
130,17583,1251,495,155,95,0.4901865,6,-1,-1
131,17455,-3,464,86,83,0.5164683,6,-1,-1
131,17583,1263,500,129,83,0.32625717,6,-1,-1
131,17600,1266,486,123,67,0.37037453,4,-1,-1
131,17601,276,457,150,95,0.3095025,6,-1,-1
132,17455,-2,463,85,85,0.5232487,6,-1,-1
132,17583,1232,493,156,95,0.4727213,6,-1,-1
132,17602,112,1024,53,86,0.32180402,1,-1,-1
133,17455,-3,462,85,85,0.54394263,6,-1,-1
133,17583,1229,497,150,92,0.47077283,6,-1,-1
133,17602,111,1015,51,82,0.33130494,1,-1,-1
133,17603,1485,963,159,89,0.33241233,4,-1,-1
134,17455,-3,463,84,84,0.5552792,6,-1,-1
134,17603,1522,971,159,87,0.5171968,4,-1,-1
134,17583,1220,496,162,95,0.48919082,6,-1,-1
135,17583,1204,497,167,96,0.5721711,6,-1,-1
135,17603,1558,979,166,88,0.53526664,4,-1,-1
135,17455,-4,463,85,84,0.5275063,6,-1,-1
136,17603,1591,985,164,93,0.5674519,4,-1,-1
136,17455,-5,463,87,81,0.5562816,6,-1,-1
136,17583,1187,501,162,90,0.4878577,6,-1,-1
137,17583,1183,501,166,93,0.6221925,6,-1,-1
137,17455,-5,463,86,82,0.5962613,6,-1,-1
137,17603,1623,998,175,92,0.43806717,4,-1,-1
138,17455,-5,462,77,83,0.5982234,6,-1,-1
138,17583,1165,500,167,94,0.55800575,6,-1,-1
138,17603,1659,1001,173,101,0.53041244,4,-1,-1
138,17604,226,987,48,75,0.343385,1,-1,-1
139,17603,1690,1005,172,101,0.681449,4,-1,-1
139,17455,-1,467,66,75,0.5631571,6,-1,-1
139,17583,1150,501,173,96,0.48230782,6,-1,-1
140,17603,1724,1017,179,96,0.64414465,4,-1,-1
140,17455,0,467,55,74,0.54248655,6,-1,-1
140,17583,1135,500,171,94,0.44193357,6,-1,-1
140,17605,1135,500,171,94,0.34487656,5,-1,-1
141,17603,1754,1021,182,102,0.68931437,4,-1,-1
141,17583,1115,500,177,96,0.47506163,6,-1,-1
142,17603,1793,1030,181,101,0.6491786,4,-1,-1
142,17583,1101,506,172,98,0.41710752,6,-1,-1
142,17606,1,469,33,67,0.37112996,6,-1,-1
142,17607,1110,502,167,94,0.31693685,5,-1,-1
143,17603,1827,1041,189,96,0.75192946,4,-1,-1
143,17583,1086,507,173,96,0.5509616,6,-1,-1
143,17606,1,462,22,76,0.37515426,6,-1,-1
144,17603,1864,1048,191,100,0.6871405,4,-1,-1
144,17583,1067,506,177,98,0.51886576,6,-1,-1
144,17606,1,468,18,69,0.3636104,6,-1,-1
144,17608,832,457,64,42,0.31974688,4,-1,-1
145,17603,1897,1060,192,98,0.649198,4,-1,-1
145,17583,1049,505,183,101,0.5723105,6,-1,-1
146,17603,1947,1066,194,105,0.65125513,4,-1,-1
146,17583,1042,508,175,101,0.5448102,6,-1,-1
146,17609,2675,971,21,121,0.31832865,4,-1,-1
147,17583,1021,508,188,103,0.7286316,6,-1,-1
147,17603,1986,1077,204,105,0.61549675,4,-1,-1
147,17609,2630,982,62,102,0.39778304,4,-1,-1
148,17603,2034,1086,200,107,0.7357829,4,-1,-1
148,17583,1014,509,190,103,0.54818565,6,-1,-1
148,17609,2592,986,98,89,0.53412986,4,-1,-1
149,17583,1003,512,187,103,0.7891916,6,-1,-1
149,17609,2552,985,144,86,0.71327055,4,-1,-1
149,17603,2078,1096,204,107,0.63240045,4,-1,-1
149,17610,171,991,49,79,0.33431783,1,-1,-1
150,17583,994,511,189,104,0.7060395,6,-1,-1
150,17603,2133,1105,205,112,0.65802747,4,-1,-1
150,17609,2512,981,172,85,0.6027502,4,-1,-1
150,17610,172,990,48,79,0.30105722,1,-1,-1
151,17583,974,512,196,106,0.8110894,6,-1,-1
151,17603,2178,1116,209,118,0.736946,4,-1,-1
151,17609,2472,972,175,87,0.5765746,4,-1,-1
151,17610,171,990,48,79,0.34451142,1,-1,-1
151,17611,1210,938,154,102,0.59198076,4,-1,-1
152,17583,968,513,195,106,0.6623869,6,-1,-1
152,17603,2230,1129,207,114,0.6250986,4,-1,-1
152,17609,2434,974,172,80,0.5898709,4,-1,-1
152,17611,1246,953,149,97,0.44458634,4,-1,-1
153,17583,954,517,190,103,0.7648051,6,-1,-1
153,17603,2285,1139,212,119,0.76441216,4,-1,-1
153,17609,2397,968,168,81,0.5236196,4,-1,-1
153,17612,961,924,185,118,0.357521,4,-1,-1
154,17583,935,517,203,103,0.6862261,6,-1,-1
154,17612,1003,931,175,118,0.57745725,4,-1,-1
154,17603,2337,1152,223,123,0.5594412,4,-1,-1
154,17609,2364,966,170,81,0.5546845,4,-1,-1
154,17613,1295,969,162,94,0.35445395,4,-1,-1
155,17603,2387,1159,227,126,0.71612835,4,-1,-1
155,17583,924,517,204,106,0.60369927,6,-1,-1
155,17612,1031,932,177,125,0.5629512,4,-1,-1
155,17609,2329,962,165,78,0.5499081,4,-1,-1
155,17613,1328,976,161,97,0.32197994,4,-1,-1
156,17603,2445,1176,227,124,0.72472125,4,-1,-1
156,17583,909,523,208,108,0.6677957,6,-1,-1
156,17609,2290,955,166,77,0.5580597,4,-1,-1
156,17612,1067,945,174,122,0.5198677,4,-1,-1
156,17613,1356,979,165,101,0.41617656,4,-1,-1
156,17614,1067,945,174,122,0.41909328,5,-1,-1
157,17583,900,523,208,109,0.6531375,6,-1,-1
157,17603,2509,1185,180,125,0.6380826,4,-1,-1
157,17612,1093,947,182,129,0.53199494,4,-1,-1
157,17609,2259,950,166,79,0.5166904,4,-1,-1
157,17614,1093,947,182,129,0.4229327,5,-1,-1
157,17613,1393,989,162,96,0.33015656,4,-1,-1
158,17603,2563,1198,127,131,0.67834747,4,-1,-1
158,17583,902,525,200,109,0.5959797,6,-1,-1
158,17609,2220,945,166,80,0.5917207,4,-1,-1
158,17614,1126,957,187,131,0.5418805,5,-1,-1
158,17613,1425,996,174,102,0.53174525,4,-1,-1
159,17583,876,524,210,112,0.6358009,6,-1,-1
159,17614,1163,964,188,131,0.5190535,5,-1,-1
159,17609,2197,940,163,82,0.49257058,4,-1,-1
159,17603,2622,1213,73,142,0.43397266,4,-1,-1
159,17613,1457,1002,168,101,0.3916338,4,-1,-1
159,17615,1163,964,188,131,0.3380671,4,-1,-1
160,17583,866,528,210,108,0.7265301,6,-1,-1
160,17614,1196,972,187,132,0.57633686,5,-1,-1
160,17613,1496,1008,164,105,0.4670843,4,-1,-1
160,17609,2159,931,165,82,0.45980504,4,-1,-1
160,17603,2680,1128,19,184,0.31452906,4,-1,-1
160,17616,180,998,49,69,0.313139,1,-1,-1
161,17583,855,529,212,111,0.71408296,6,-1,-1
161,17613,1523,1013,178,111,0.6453343,4,-1,-1
161,17614,1233,979,186,137,0.5804763,5,-1,-1
161,17609,2123,931,163,80,0.48991948,4,-1,-1
162,17613,1565,1022,173,110,0.70957834,4,-1,-1
162,17583,841,529,217,112,0.64617735,6,-1,-1
162,17614,1271,987,186,140,0.60667735,5,-1,-1
162,17609,2094,926,163,82,0.50075233,4,-1,-1
163,17613,1599,1032,181,115,0.762043,4,-1,-1
163,17583,821,534,221,108,0.63751334,6,-1,-1
163,17609,2061,923,157,77,0.4991826,4,-1,-1
163,17614,1310,997,192,141,0.4908175,5,-1,-1
164,17613,1639,1041,181,114,0.7148385,4,-1,-1
164,17583,806,533,231,114,0.6831228,6,-1,-1
164,17614,1344,1004,191,140,0.61645114,5,-1,-1
164,17609,2033,921,156,76,0.44939995,4,-1,-1
164,17617,1344,1004,191,140,0.30968052,4,-1,-1
165,17613,1675,1051,189,115,0.63993704,4,-1,-1
165,17614,1381,1013,197,149,0.5379455,5,-1,-1
165,17583,793,535,232,112,0.53679216,6,-1,-1
165,17609,1996,911,159,78,0.45550752,4,-1,-1
165,17617,1387,1015,185,136,0.30315015,4,-1,-1
166,17613,1718,1059,188,117,0.7061246,4,-1,-1
166,17614,1421,1023,196,148,0.69493836,5,-1,-1
166,17609,1972,907,153,74,0.58184403,4,-1,-1
166,17583,787,540,226,114,0.5099155,6,-1,-1
166,17618,371,595,71,56,0.35008377,4,-1,-1
167,17614,1459,1031,208,156,0.7088686,5,-1,-1
167,17613,1758,1070,193,120,0.65175116,4,-1,-1
167,17609,1936,904,153,74,0.5283801,4,-1,-1
167,17583,767,539,232,117,0.4098557,6,-1,-1
167,17618,371,596,71,55,0.3609883,4,-1,-1
167,17619,767,539,232,117,0.31723982,9,-1,-1
168,17614,1502,1040,207,154,0.7213591,5,-1,-1
168,17613,1802,1078,193,121,0.7014163,4,-1,-1
168,17583,761,540,230,117,0.5833428,6,-1,-1
168,17609,1906,901,155,72,0.4219951,4,-1,-1
168,17620,1045,1257,48,52,0.4042303,1,-1,-1
169,17583,742,540,236,123,0.7199087,6,-1,-1
169,17614,1542,1051,217,160,0.6422138,5,-1,-1
169,17613,1845,1089,195,123,0.57897365,4,-1,-1
169,17609,1869,889,160,79,0.37549722,4,-1,-1
169,17621,458,452,118,61,0.5387776,6,-1,-1
170,17614,1587,1061,212,159,0.71831113,5,-1,-1
170,17613,1888,1092,196,129,0.6492506,4,-1,-1
170,17583,726,541,237,121,0.55829185,6,-1,-1
170,17609,1844,887,159,77,0.49253199,4,-1,-1
170,17621,453,450,126,63,0.4646941,6,-1,-1
170,17622,2584,510,89,59,0.33840165,4,-1,-1
171,17583,713,546,238,119,0.61693907,6,-1,-1
171,17614,1633,1073,226,159,0.58451545,5,-1,-1
171,17613,1933,1102,195,124,0.57507914,4,-1,-1
171,17621,442,453,120,61,0.38058648,6,-1,-1
171,17622,2598,512,80,53,0.346019,4,-1,-1
172,17614,1683,1083,218,155,0.67871773,5,-1,-1
172,17583,695,547,242,122,0.6563454,6,-1,-1
172,17613,1978,1113,194,125,0.59537506,4,-1,-1
172,17621,441,456,110,55,0.43103224,6,-1,-1
172,17622,2593,511,91,54,0.37094545,4,-1,-1
173,17613,2030,1120,205,127,0.6474262,4,-1,-1
173,17614,1727,1090,226,167,0.6092504,5,-1,-1
173,17583,673,551,250,120,0.55359167,6,-1,-1
173,17621,410,458,136,67,0.4286972,6,-1,-1
173,17623,673,551,250,120,0.3590414,9,-1,-1
174,17614,1778,1101,219,158,0.64791584,5,-1,-1
174,17613,2074,1129,209,129,0.58235604,4,-1,-1
174,17583,659,549,248,125,0.4913882,6,-1,-1
174,17621,413,454,127,60,0.35590616,6,-1,-1
174,17624,247,1011,48,77,0.3155987,1,-1,-1
175,17613,2130,1138,212,132,0.61291915,4,-1,-1
175,17614,1826,1114,233,161,0.56467056,5,-1,-1
175,17583,648,549,252,126,0.47366425,6,-1,-1
175,17624,247,1007,51,76,0.349993,1,-1,-1
175,17621,415,459,121,64,0.33654812,6,-1,-1
175,17625,131,1046,50,87,0.33605212,1,-1,-1
176,17613,2174,1146,220,139,0.60219467,4,-1,-1
176,17614,1881,1126,220,150,0.5125799,5,-1,-1
176,17583,631,554,249,132,0.5039049,6,-1,-1
176,17626,631,554,249,132,0.40016913,5,-1,-1
176,17627,2627,513,67,52,0.37703553,4,-1,-1
176,17628,1533,480,55,39,0.3120295,4,-1,-1
177,17613,2224,1157,214,136,0.61486703,4,-1,-1
177,17583,611,555,255,131,0.6069,6,-1,-1
177,17614,1927,1128,242,174,0.3834713,5,-1,-1
177,17629,1935,1131,228,155,0.3739775,4,-1,-1
178,17613,2276,1165,229,142,0.6530334,4,-1,-1
178,17583,598,555,260,132,0.6389718,6,-1,-1
178,17614,1982,1145,230,155,0.40587908,5,-1,-1
178,17629,1982,1145,230,155,0.38938782,4,-1,-1
179,17613,2327,1176,222,136,0.6533386,4,-1,-1
179,17629,2036,1152,238,155,0.50739783,4,-1,-1
179,17583,578,555,263,133,0.41824517,6,-1,-1
179,17630,578,555,263,133,0.42577296,9,-1,-1
180,17613,2381,1178,234,145,0.6830539,4,-1,-1
180,17583,555,554,266,135,0.49113917,6,-1,-1
180,17629,2080,1161,241,162,0.48772666,4,-1,-1
180,17630,555,554,266,135,0.3654996,9,-1,-1
180,17631,2679,928,17,128,0.49469835,4,-1,-1
180,17632,2080,1161,241,162,0.34778303,5,-1,-1
180,17633,139,1037,51,77,0.33062506,1,-1,-1
181,17613,2436,1180,243,162,0.7297494,4,-1,-1
181,17631,2637,920,60,134,0.5167092,4,-1,-1
181,17583,538,550,268,139,0.509668,6,-1,-1
181,17629,2133,1160,255,173,0.4103302,4,-1,-1
181,17632,2133,1160,255,173,0.39796448,5,-1,-1
181,17633,138,1028,50,78,0.318685,1,-1,-1
181,17634,2637,920,60,134,0.4617702,6,-1,-1
181,17635,538,550,268,139,0.40419686,5,-1,-1
181,17636,2637,920,60,134,0.3270258,5,-1,-1
182,17583,516,538,278,137,0.68825036,6,-1,-1
182,17613,2486,1181,198,169,0.6838735,4,-1,-1
182,17629,2183,1164,253,168,0.51087075,4,-1,-1
182,17631,2605,903,90,138,0.35186127,4,-1,-1
182,17636,2605,905,91,154,0.32814652,5,-1,-1
182,17634,2605,903,90,138,0.31885704,6,-1,-1
183,17629,2243,1164,254,172,0.6364172,4,-1,-1
183,17613,2540,1182,152,169,0.59842,4,-1,-1
183,17583,500,533,267,136,0.4699832,6,-1,-1
183,17631,2580,893,117,146,0.44327655,4,-1,-1
183,17634,2580,893,117,146,0.43115398,6,-1,-1
183,17637,269,972,44,65,0.35538933,1,-1,-1
183,17638,509,532,263,139,0.34613484,9,-1,-1
183,17639,509,532,263,139,0.30417594,5,-1,-1
184,17613,2588,1196,111,169,0.5872214,4,-1,-1
184,17634,2550,880,145,138,0.5591891,6,-1,-1
184,17629,2303,1162,254,175,0.5449318,4,-1,-1
184,17631,2550,880,145,138,0.46596348,4,-1,-1
184,17637,269,957,44,67,0.37232178,1,-1,-1
184,17638,487,528,266,138,0.3412116,9,-1,-1
184,17583,478,529,271,137,0.31473812,6,-1,-1
184,17640,151,996,43,74,0.35623643,1,-1,-1
184,17641,2298,1166,264,183,0.33353883,5,-1,-1
185,17583,461,524,281,145,0.5294385,6,-1,-1
185,17629,2353,1169,278,192,0.51296204,4,-1,-1
185,17641,2353,1169,278,192,0.49586958,5,-1,-1
185,17634,2515,866,181,148,0.46579823,6,-1,-1
185,17637,270,956,44,68,0.4381999,1,-1,-1
185,17640,150,991,46,75,0.3531323,1,-1,-1
185,17631,2515,866,181,148,0.31384313,4,-1,-1
186,17583,439,519,290,144,0.56211025,6,-1,-1
186,17634,2495,860,202,158,0.55922365,6,-1,-1
186,17640,149,975,50,79,0.42141053,1,-1,-1
186,17629,2421,1181,266,196,0.41732135,4,-1,-1
186,17641,2424,1174,259,193,0.35908967,5,-1,-1
186,17637,267,952,45,69,0.3247486,1,-1,-1
187,17583,414,518,297,144,0.6287109,6,-1,-1
187,17634,2459,854,239,149,0.58358634,6,-1,-1
187,17629,2471,1178,215,213,0.5320892,4,-1,-1
187,17640,149,978,46,70,0.38845953,1,-1,-1
187,17642,414,518,297,144,0.35836905,9,-1,-1
187,17643,2459,854,239,149,0.32562238,4,-1,-1
188,17583,397,523,291,147,0.638963,6,-1,-1
188,17634,2426,850,258,153,0.5061169,6,-1,-1
188,17629,2525,1202,162,205,0.48936394,4,-1,-1
188,17640,148,976,48,73,0.41967347,1,-1,-1
188,17643,2416,851,261,151,0.34576765,4,-1,-1
188,17644,1543,421,38,33,0.32975084,4,-1,-1
188,17645,1076,1190,52,69,0.31773612,5,-1,-1
188,17646,2426,850,258,153,0.30923164,5,-1,-1
189,17583,370,526,295,146,0.6688743,6,-1,-1
189,17634,2393,847,259,153,0.6577992,6,-1,-1
189,17640,148,977,48,74,0.4512317,1,-1,-1
189,17644,1540,420,38,33,0.34556386,4,-1,-1
189,17629,2583,1224,112,199,0.30662537,4,-1,-1
189,17647,2581,1212,115,192,0.36813468,5,-1,-1
190,17634,2364,850,263,138,0.6844899,6,-1,-1
190,17583,347,525,299,149,0.6163799,6,-1,-1
190,17640,148,975,51,78,0.489068,1,-1,-1
190,17644,1538,420,39,32,0.3458967,4,-1,-1
190,17648,1076,1190,52,71,0.31178916,5,-1,-1
191,17583,319,528,313,150,0.71747077,6,-1,-1
191,17634,2335,851,246,130,0.58983475,6,-1,-1
191,17640,147,974,52,79,0.41396996,1,-1,-1
191,17644,1537,421,39,33,0.39847878,4,-1,-1
191,17648,1075,1189,52,72,0.35225508,5,-1,-1
192,17583,297,531,314,150,0.5716496,6,-1,-1
192,17644,1536,421,39,34,0.45836452,4,-1,-1
192,17634,2307,842,251,134,0.44664377,6,-1,-1
192,17640,146,976,52,77,0.3664979,1,-1,-1
192,17648,1075,1186,52,73,0.35714063,5,-1,-1
192,17649,297,531,314,150,0.4611432,9,-1,-1
192,17650,2307,842,251,134,0.30618942,5,-1,-1
193,17634,2277,845,237,121,0.5671802,6,-1,-1
193,17644,1538,422,37,33,0.5036232,4,-1,-1
193,17583,267,533,326,156,0.45785508,6,-1,-1
193,17649,267,533,326,156,0.43662027,9,-1,-1
193,17640,146,972,53,83,0.41015917,1,-1,-1
194,17583,237,542,326,154,0.5361043,6,-1,-1
194,17644,1537,422,39,34,0.48296958,4,-1,-1
194,17634,2253,838,239,125,0.4541909,6,-1,-1
194,17640,146,973,52,82,0.4237393,1,-1,-1
194,17651,1076,1186,50,69,0.38814607,5,-1,-1
195,17583,206,542,338,158,0.7643423,6,-1,-1
195,17634,2227,835,242,127,0.57769895,6,-1,-1
195,17644,1537,424,39,33,0.4878949,4,-1,-1
195,17652,187,404,287,107,0.30000064,6,-1,-1
196,17583,181,544,344,163,0.8259511,6,-1,-1
196,17634,2198,836,228,119,0.5433165,6,-1,-1
196,17644,1538,424,38,33,0.50205183,4,-1,-1
196,17653,1074,1186,54,72,0.36297676,5,-1,-1
197,17583,159,549,347,158,0.8405626,6,-1,-1
197,17634,2172,829,232,118,0.4869379,6,-1,-1
197,17644,1538,423,38,32,0.45139086,4,-1,-1
197,17653,1073,1188,54,70,0.40981853,5,-1,-1
197,17654,178,401,263,110,0.34106627,6,-1,-1
197,17655,146,972,54,86,0.31321993,1,-1,-1
198,17583,129,550,355,165,0.7938952,6,-1,-1
198,17634,2146,827,235,123,0.5895635,6,-1,-1
198,17644,1538,422,39,33,0.41969624,4,-1,-1
198,17654,186,401,247,109,0.34114882,6,-1,-1
198,17655,146,971,54,87,0.309391,1,-1,-1
199,17583,102,555,354,171,0.7353782,6,-1,-1
199,17634,2126,824,228,124,0.6323369,6,-1,-1
199,17644,1538,422,38,32,0.41369298,4,-1,-1
200,17583,70,561,360,167,0.71825105,6,-1,-1
200,17634,2102,819,227,126,0.57477146,6,-1,-1
200,17644,1539,421,37,32,0.37274188,4,-1,-1
200,17656,1072,1189,53,66,0.3200564,5,-1,-1
201,17583,37,560,373,175,0.83542776,6,-1,-1
201,17634,2072,818,223,122,0.6783802,6,-1,-1
201,17656,1073,1186,51,68,0.3522904,5,-1,-1
201,17644,1522,436,36,34,0.32995352,4,-1,-1
202,17634,2049,812,221,127,0.73920846,6,-1,-1
202,17583,6,564,380,173,0.7265121,6,-1,-1
202,17656,1073,1188,50,63,0.34062907,5,-1,-1
203,17634,2023,809,212,128,0.5394051,6,-1,-1
203,17583,-2,572,353,177,0.5301681,6,-1,-1
203,17656,1072,1187,49,63,0.45999074,5,-1,-1
203,17657,1667,439,44,33,0.35794163,4,-1,-1
204,17583,-5,573,327,178,0.57668597,6,-1,-1
204,17634,1992,805,215,120,0.4309643,6,-1,-1
204,17657,1668,439,43,32,0.39569226,4,-1,-1
204,17656,1071,1188,50,64,0.35964358,5,-1,-1
204,17658,1998,802,219,124,0.4020601,5,-1,-1
204,17659,1998,802,219,124,0.33580747,4,-1,-1
204,17660,1536,419,36,32,0.31289,4,-1,-1
204,17661,1586,427,33,29,0.3115204,4,-1,-1
205,17583,-3,578,297,171,0.5167027,6,-1,-1
205,17634,1972,802,206,120,0.49829754,6,-1,-1
205,17656,1070,1186,51,70,0.4716907,5,-1,-1
205,17657,1665,440,44,34,0.36894253,4,-1,-1
205,17661,1585,425,35,32,0.35200545,4,-1,-1
205,17658,1972,802,206,120,0.34060046,5,-1,-1
206,17658,1946,797,207,121,0.4877143,5,-1,-1
206,17583,-3,581,271,166,0.416719,6,-1,-1
206,17657,1665,440,45,35,0.4125907,4,-1,-1
206,17634,1946,797,207,121,0.3653528,6,-1,-1
206,17661,1583,426,35,31,0.3344972,4,-1,-1
206,17662,139,976,49,71,0.37655577,1,-1,-1
206,17663,-3,581,271,166,0.35606304,5,-1,-1
206,17664,492,413,63,45,0.35252497,4,-1,-1
206,17665,-3,581,271,166,0.33387613,4,-1,-1
206,17666,474,873,43,68,0.3071274,1,-1,-1
206,17667,1527,418,39,33,0.3000837,4,-1,-1
207,17662,140,975,49,73,0.5701867,1,-1,-1
207,17658,1920,793,209,124,0.5649984,5,-1,-1
207,17664,490,411,63,44,0.4818399,4,-1,-1
207,17657,1664,440,47,36,0.41569424,4,-1,-1
207,17666,474,872,42,72,0.38428557,1,-1,-1
207,17665,-4,586,238,162,0.34663102,4,-1,-1
207,17667,1526,419,39,34,0.3213197,4,-1,-1
207,17583,-4,586,238,162,0.31690425,6,-1,-1
207,17663,-4,586,238,162,0.30010116,5,-1,-1
207,17668,1230,907,161,89,0.48449105,4,-1,-1
208,17662,141,974,48,74,0.4718145,1,-1,-1
208,17664,488,410,66,45,0.46432382,4,-1,-1
208,17658,1896,791,209,124,0.38903582,5,-1,-1
208,17666,475,873,43,72,0.36936498,1,-1,-1
208,17583,-2,589,204,159,0.33922637,6,-1,-1
208,17667,1524,420,41,35,0.31152922,4,-1,-1
208,17665,-2,589,204,159,0.31087166,4,-1,-1
208,17669,998,896,152,90,0.44380566,4,-1,-1
208,17670,1891,792,206,120,0.38959867,6,-1,-1
208,17671,-2,589,204,159,0.3016625,9,-1,-1
209,17669,1019,901,163,90,0.48105434,4,-1,-1
209,17665,0,594,167,150,0.4335802,4,-1,-1
209,17658,1878,785,203,115,0.41603002,5,-1,-1
209,17583,-2,593,181,152,0.4021308,6,-1,-1
209,17662,140,975,47,73,0.39821124,1,-1,-1
209,17664,488,410,63,44,0.38156155,4,-1,-1
209,17670,1870,787,202,114,0.31459507,6,-1,-1
209,17672,-2,593,181,152,0.3885267,5,-1,-1
210,17665,-4,597,151,146,0.5057783,4,-1,-1
210,17669,1062,908,152,89,0.505725,4,-1,-1
210,17672,-4,597,151,146,0.45002335,5,-1,-1
210,17662,141,976,48,76,0.43222567,1,-1,-1
210,17658,1850,784,200,111,0.42362928,5,-1,-1
210,17664,489,410,62,43,0.39137346,4,-1,-1
210,17673,1841,411,41,36,0.39875898,4,-1,-1
210,17674,1850,784,200,111,0.39133236,4,-1,-1
211,17669,1093,919,156,88,0.60101503,4,-1,-1
211,17658,1821,781,205,117,0.59904647,5,-1,-1
211,17672,1,602,113,137,0.49088076,5,-1,-1
211,17664,486,409,64,45,0.41440466,4,-1,-1
211,17665,1,602,113,137,0.38667423,4,-1,-1
211,17673,1843,410,42,38,0.35377178,4,-1,-1
211,17662,140,975,48,78,0.32531914,1,-1,-1
211,17675,1369,941,179,93,0.3904619,4,-1,-1
211,17676,1539,421,44,37,0.31753257,4,-1,-1
212,17669,1121,924,158,92,0.7435552,4,-1,-1
212,17658,1798,776,203,118,0.44029722,5,-1,-1
212,17672,-2,608,82,152,0.43382308,5,-1,-1
212,17675,1410,949,179,94,0.39106727,4,-1,-1
212,17676,1539,420,44,36,0.366142,4,-1,-1
212,17664,484,409,65,47,0.35367918,4,-1,-1
212,17677,1798,776,203,118,0.3516842,6,-1,-1
212,17678,1798,776,203,118,0.30672687,4,-1,-1
213,17675,1450,957,184,98,0.6460453,4,-1,-1
213,17669,1156,934,160,90,0.611723,4,-1,-1
213,17658,1776,774,200,116,0.44618964,5,-1,-1
213,17672,-2,616,58,140,0.44303718,5,-1,-1
213,17679,2693,851,5,141,0.32495415,4,-1,-1
213,17680,-2,616,58,140,0.30755112,6,-1,-1
214,17669,1189,938,162,97,0.72872984,4,-1,-1
214,17675,1491,965,183,99,0.687718,4,-1,-1
214,17658,1749,765,208,117,0.34137738,5,-1,-1
214,17681,1743,768,202,111,0.47654164,6,-1,-1
214,17682,262,931,41,69,0.4368842,1,-1,-1
214,17683,138,976,41,68,0.41036567,1,-1,-1
215,17675,1530,977,188,95,0.73225397,4,-1,-1
215,17669,1224,948,156,93,0.67997354,4,-1,-1
215,17681,1720,765,202,110,0.6332981,6,-1,-1
215,17683,136,972,44,75,0.54103446,1,-1,-1
215,17682,260,929,43,75,0.39438862,1,-1,-1
215,17684,2634,870,60,104,0.39202708,4,-1,-1
215,17685,1536,420,44,35,0.30135572,4,-1,-1
216,17675,1574,983,187,102,0.7522428,4,-1,-1
216,17681,1696,763,203,110,0.66017836,6,-1,-1
216,17669,1256,955,158,97,0.6524505,4,-1,-1
216,17683,135,973,45,76,0.49456403,1,-1,-1
216,17684,2603,881,89,86,0.45175743,4,-1,-1
216,17682,261,930,42,75,0.3369289,1,-1,-1
216,17685,1537,422,44,35,0.3109103,4,-1,-1
216,17686,431,415,54,45,0.30853635,4,-1,-1
217,17669,1291,960,162,102,0.76360655,4,-1,-1
217,17675,1614,992,197,103,0.67103136,4,-1,-1
217,17681,1677,757,200,114,0.5981898,6,-1,-1
217,17684,2583,880,109,84,0.45292807,4,-1,-1
217,17683,134,969,46,75,0.4224637,1,-1,-1
217,17685,1535,420,44,36,0.35910776,4,-1,-1
217,17686,431,414,54,44,0.32418984,4,-1,-1
217,17687,472,868,42,73,0.39718127,1,-1,-1
217,17688,1677,757,200,114,0.3036932,5,-1,-1
218,17675,1657,1001,198,107,0.74117965,4,-1,-1
218,17669,1329,972,162,100,0.6763694,4,-1,-1
218,17684,2545,876,150,82,0.5895985,4,-1,-1
218,17681,1659,755,196,111,0.57748604,6,-1,-1
218,17685,1537,420,43,35,0.3895699,4,-1,-1
218,17683,135,971,46,74,0.38463324,1,-1,-1
218,17687,472,866,42,71,0.36165205,1,-1,-1
218,17686,427,414,56,44,0.35422873,4,-1,-1
219,17669,1370,979,160,101,0.74254596,4,-1,-1
219,17675,1700,1012,202,108,0.66591287,4,-1,-1
219,17681,1637,753,195,113,0.6467565,6,-1,-1
219,17684,2508,868,180,80,0.5808735,4,-1,-1
219,17683,134,969,44,72,0.43007606,1,-1,-1
219,17685,1536,422,45,36,0.35764915,4,-1,-1
219,17686,425,413,55,42,0.33755273,4,-1,-1
219,17689,355,535,65,52,0.33151394,4,-1,-1
220,17675,1749,1021,205,112,0.66839164,4,-1,-1
220,17669,1399,986,171,104,0.58173287,4,-1,-1
220,17684,2474,868,183,77,0.5732305,4,-1,-1
220,17681,1611,744,198,116,0.55810684,6,-1,-1
220,17683,135,968,44,75,0.39333588,1,-1,-1
220,17689,357,535,64,53,0.3496744,4,-1,-1
220,17685,1537,422,43,35,0.32230502,4,-1,-1
220,17690,1611,744,198,116,0.4746855,5,-1,-1
221,17669,1436,996,173,106,0.7825169,4,-1,-1
221,17681,1592,742,195,114,0.71779966,6,-1,-1
221,17675,1795,1034,203,109,0.70547897,4,-1,-1
221,17684,2451,860,179,78,0.70071894,4,-1,-1
221,17689,356,538,65,52,0.31502044,4,-1,-1
222,17675,1841,1043,210,108,0.76649565,4,-1,-1
222,17681,1568,739,196,114,0.7577256,6,-1,-1
222,17669,1478,1005,174,108,0.7141396,4,-1,-1
222,17684,2424,857,180,81,0.6466405,4,-1,-1
222,17689,354,537,67,53,0.39107394,4,-1,-1
222,17691,258,927,43,71,0.38914803,1,-1,-1
222,17692,132,972,47,75,0.36292815,1,-1,-1
223,17669,1519,1013,177,110,0.76213264,4,-1,-1
223,17681,1551,737,189,112,0.7490584,6,-1,-1
223,17675,1886,1055,212,108,0.6422685,4,-1,-1
223,17684,2397,857,166,74,0.5353921,4,-1,-1
223,17691,257,928,46,75,0.41467568,1,-1,-1
223,17689,355,537,68,54,0.36655408,4,-1,-1
223,17692,132,973,47,76,0.32384503,1,-1,-1
224,17669,1560,1024,183,110,0.7130178,4,-1,-1
224,17675,1939,1067,218,111,0.69089395,4,-1,-1
224,17681,1529,733,185,113,0.6298908,6,-1,-1
224,17684,2363,850,177,76,0.52584666,4,-1,-1
224,17692,133,976,45,72,0.47774926,1,-1,-1
224,17691,257,930,44,74,0.445921,1,-1,-1
224,17689,357,537,66,53,0.31895062,4,-1,-1
224,17693,1565,423,41,34,0.38886696,4,-1,-1
224,17694,2648,1004,47,141,0.3585933,4,-1,-1
225,17669,1602,1036,184,111,0.7634508,4,-1,-1
225,17675,1993,1079,229,117,0.682369,4,-1,-1
225,17692,132,975,47,76,0.52436507,1,-1,-1
225,17684,2341,849,173,74,0.5098215,4,-1,-1
225,17693,1567,423,39,35,0.40291926,4,-1,-1
225,17694,2603,1010,87,121,0.3838549,4,-1,-1
225,17691,255,931,46,77,0.37945533,1,-1,-1
225,17695,1507,730,187,103,0.423961,4,-1,-1
225,17696,384,412,64,43,0.31191286,4,-1,-1
226,17694,2550,1004,144,104,0.6585372,4,-1,-1
226,17675,2044,1089,227,112,0.6533895,4,-1,-1
226,17684,2309,845,167,73,0.6082629,4,-1,-1
226,17669,1645,1048,187,109,0.5610411,4,-1,-1
226,17693,1567,424,37,34,0.4559956,4,-1,-1
226,17695,1482,729,194,104,0.4162353,4,-1,-1
226,17692,131,972,49,80,0.41410187,1,-1,-1
226,17691,254,930,48,80,0.39384994,1,-1,-1
226,17696,381,415,63,44,0.34878758,4,-1,-1
226,17697,1482,729,194,104,0.3068667,5,-1,-1
227,17675,2096,1097,240,124,0.74547374,4,-1,-1
227,17694,2502,996,197,104,0.72405857,4,-1,-1
227,17669,1693,1058,192,115,0.69400513,4,-1,-1
227,17684,2280,842,169,74,0.5974246,4,-1,-1
227,17693,1564,424,38,34,0.4298852,4,-1,-1
227,17695,1465,725,186,104,0.3959799,4,-1,-1
227,17691,254,929,48,81,0.3853343,1,-1,-1
227,17696,381,414,61,44,0.3339456,4,-1,-1
227,17698,463,868,46,72,0.32362664,1,-1,-1
228,17675,2147,1112,239,123,0.6837457,4,-1,-1
228,17669,1738,1070,197,119,0.67279154,4,-1,-1
228,17694,2452,984,212,105,0.5600015,4,-1,-1
228,17684,2259,838,164,77,0.49882713,4,-1,-1
228,17693,1563,423,38,33,0.42397165,4,-1,-1
228,17698,463,868,45,71,0.345061,1,-1,-1
228,17695,1444,727,182,99,0.33791757,4,-1,-1
228,17691,249,930,48,74,0.33696827,1,-1,-1
228,17696,380,416,59,42,0.30812407,4,-1,-1
228,17699,130,972,50,81,0.3578522,1,-1,-1
229,17675,2212,1124,235,120,0.7220127,4,-1,-1
229,17669,1786,1082,197,115,0.7041177,4,-1,-1
229,17694,2409,979,208,103,0.6108434,4,-1,-1
229,17684,2225,837,164,71,0.5044126,4,-1,-1
229,17699,131,971,48,78,0.47480416,1,-1,-1
229,17698,463,869,44,72,0.42652184,1,-1,-1
229,17691,251,931,44,71,0.33635232,1,-1,-1
229,17693,1561,422,39,33,0.3297806,4,-1,-1
230,17675,2267,1134,248,129,0.7685006,4,-1,-1
230,17669,1839,1091,200,122,0.65443826,4,-1,-1
230,17694,2359,977,200,97,0.56142753,4,-1,-1
230,17699,131,973,47,74,0.46560434,1,-1,-1
230,17684,2198,829,164,74,0.38358414,4,-1,-1
230,17698,462,871,44,70,0.36391905,1,-1,-1
230,17691,251,933,43,68,0.31651905,1,-1,-1
230,17693,1562,422,37,33,0.30410182,4,-1,-1
231,17669,1887,1104,202,117,0.6954426,4,-1,-1
231,17675,2326,1148,259,131,0.6928388,4,-1,-1
231,17694,2312,966,203,98,0.5372415,4,-1,-1
231,17699,131,974,46,73,0.5130257,1,-1,-1
231,17684,2166,829,161,70,0.4369651,4,-1,-1
231,17691,251,932,43,70,0.38258886,1,-1,-1
231,17698,462,871,44,69,0.3423622,1,-1,-1
231,17700,2691,898,6,97,0.32440352,4,-1,-1
232,17675,2390,1160,258,134,0.7572348,4,-1,-1
232,17669,1932,1116,209,119,0.68857014,4,-1,-1
232,17694,2273,959,197,94,0.63456666,4,-1,-1
232,17684,2144,825,163,69,0.5695063,4,-1,-1
232,17699,131,972,47,73,0.48283392,1,-1,-1
232,17691,251,931,43,69,0.3932956,1,-1,-1
232,17700,2644,910,54,80,0.3687668,4,-1,-1
233,17684,2118,821,160,69,0.6537322,4,-1,-1
233,17675,2446,1176,238,126,0.64671785,4,-1,-1
233,17669,1992,1128,204,119,0.63939345,4,-1,-1
233,17694,2229,948,195,89,0.5435863,4,-1,-1
233,17700,2626,907,66,80,0.48252654,4,-1,-1
233,17699,130,973,48,75,0.44161916,1,-1,-1
233,17691,249,931,46,71,0.37756822,1,-1,-1
233,17701,1520,421,40,36,0.3275058,4,-1,-1
234,17669,2045,1140,214,125,0.71782225,4,-1,-1
234,17700,2595,906,96,78,0.6703866,4,-1,-1
234,17675,2519,1193,171,127,0.6499145,4,-1,-1
234,17694,2187,941,193,97,0.6034709,4,-1,-1
234,17684,2094,818,154,69,0.56135094,4,-1,-1
234,17699,130,975,48,69,0.42873913,1,-1,-1
234,17701,1521,421,38,34,0.37921596,4,-1,-1
234,17691,250,930,45,69,0.37267765,1,-1,-1
235,17669,2093,1154,226,130,0.7135868,4,-1,-1
235,17694,2150,935,185,95,0.65098983,4,-1,-1
235,17700,2563,904,134,79,0.520902,4,-1,-1
235,17675,2587,1214,103,133,0.507969,4,-1,-1
235,17701,1522,422,36,33,0.44207886,4,-1,-1
235,17684,2064,813,155,65,0.42995802,4,-1,-1
235,17691,249,929,46,69,0.31786522,1,-1,-1
236,17669,2154,1168,226,134,0.64806634,4,-1,-1
236,17684,2039,809,158,68,0.53748417,4,-1,-1
236,17675,2633,1228,68,153,0.5102359,4,-1,-1
236,17700,2533,899,167,78,0.5079989,4,-1,-1
236,17701,1522,422,36,33,0.4858161,4,-1,-1
236,17694,2108,928,188,89,0.4850426,4,-1,-1
237,17669,2216,1179,227,130,0.78956366,4,-1,-1
237,17684,2015,808,155,65,0.6168727,4,-1,-1
237,17694,2068,922,183,91,0.61388284,4,-1,-1
237,17700,2495,892,185,77,0.50106585,4,-1,-1
237,17701,1522,422,36,32,0.48406795,4,-1,-1
237,17702,248,930,47,68,0.3465891,1,-1,-1
237,17703,0,592,6,64,0.30051652,4,-1,-1
238,17669,2277,1191,232,136,0.78024757,4,-1,-1
238,17700,2467,889,184,80,0.62893283,4,-1,-1
238,17684,1990,805,152,64,0.57694,4,-1,-1
238,17694,2033,915,176,90,0.5083075,4,-1,-1
238,17701,1522,422,37,33,0.41554397,4,-1,-1
238,17703,0,597,15,60,0.31931585,4,-1,-1
238,17704,128,966,50,77,0.30881777,1,-1,-1
239,17669,2342,1211,234,132,0.5798583,4,-1,-1
239,17700,2441,887,186,78,0.5750684,4,-1,-1
239,17684,1968,800,150,65,0.5554675,4,-1,-1
239,17694,1998,907,177,88,0.4772941,4,-1,-1
239,17701,1521,423,36,32,0.41159543,4,-1,-1
239,17703,0,602,35,53,0.39911914,4,-1,-1
239,17704,128,965,52,81,0.3523464,1,-1,-1
239,17705,247,930,48,71,0.35010377,1,-1,-1
240,17694,1957,899,178,89,0.6678652,4,-1,-1
240,17669,2402,1225,243,128,0.63357043,4,-1,-1
240,17700,2409,885,184,75,0.61641645,4,-1,-1
240,17703,-1,603,53,55,0.49104235,4,-1,-1
240,17684,1948,798,147,63,0.43076724,4,-1,-1
240,17704,128,955,50,76,0.40129754,1,-1,-1
240,17705,248,931,46,67,0.392613,1,-1,-1
240,17701,1521,422,36,33,0.39046776,4,-1,-1
241,17669,2471,1237,219,137,0.72974354,4,-1,-1
241,17700,2386,880,178,76,0.68319076,4,-1,-1
241,17694,1922,895,175,84,0.6370332,4,-1,-1
241,17703,-3,609,62,65,0.52615047,4,-1,-1
241,17684,1918,789,149,66,0.5057733,4,-1,-1
241,17701,1521,424,38,34,0.4560404,4,-1,-1
241,17704,127,952,51,78,0.44673768,1,-1,-1
241,17705,247,930,48,68,0.3204361,1,-1,-1
242,17684,1899,788,140,63,0.5959607,4,-1,-1
242,17694,1881,887,175,85,0.5800348,4,-1,-1
242,17669,2552,1262,130,125,0.52395403,4,-1,-1
242,17703,-5,606,74,72,0.51057065,4,-1,-1
242,17701,1522,424,38,34,0.46955198,4,-1,-1
242,17700,2353,871,173,76,0.43398684,4,-1,-1
242,17704,127,954,52,79,0.34777942,1,-1,-1
243,17684,1874,787,143,60,0.6918321,4,-1,-1
243,17700,2328,870,172,76,0.6216663,4,-1,-1
243,17694,1857,880,164,85,0.6078776,4,-1,-1
243,17703,-4,603,76,60,0.55090904,4,-1,-1
243,17701,1523,423,37,34,0.476713,4,-1,-1
243,17669,2606,1284,83,124,0.44016045,4,-1,-1
243,17704,128,954,50,78,0.37290758,1,-1,-1
244,17684,1851,782,143,62,0.7146505,4,-1,-1
244,17700,2300,867,176,77,0.6740185,4,-1,-1
244,17694,1819,873,162,87,0.65056974,4,-1,-1
244,17701,1521,421,37,34,0.4387743,4,-1,-1
244,17703,1,606,70,53,0.39582628,4,-1,-1
244,17704,131,970,50,71,0.30857655,1,-1,-1
245,17684,1831,778,139,63,0.6463593,4,-1,-1
245,17694,1777,867,167,82,0.59483767,4,-1,-1
245,17700,2276,863,173,76,0.5692698,4,-1,-1
245,17701,1521,425,35,33,0.33715865,4,-1,-1
246,17700,2243,858,173,77,0.65375745,4,-1,-1
246,17694,1749,856,164,84,0.60418487,4,-1,-1
246,17684,1804,770,148,66,0.51499265,4,-1,-1
246,17701,1521,424,35,32,0.3625033,4,-1,-1
246,17706,126,955,50,73,0.4583456,1,-1,-1
246,17707,250,916,45,62,0.44807848,1,-1,-1
247,17684,1782,767,143,67,0.56086683,4,-1,-1
247,17694,1714,850,160,87,0.55990034,4,-1,-1
247,17700,2217,856,171,75,0.5402325,4,-1,-1
247,17707,249,926,45,72,0.48332855,1,-1,-1
247,17706,128,955,47,74,0.37768626,1,-1,-1
247,17701,1519,423,35,31,0.30210558,4,-1,-1
247,17708,1567,424,32,30,0.37215835,4,-1,-1
248,17684,1765,765,140,63,0.5782077,4,-1,-1
248,17700,2193,849,171,78,0.5226219,4,-1,-1
248,17694,1675,848,162,80,0.48954648,4,-1,-1
248,17707,248,930,46,71,0.4109017,1,-1,-1
248,17708,1569,425,32,30,0.40501603,4,-1,-1
248,17709,1656,438,35,30,0.33796626,4,-1,-1
249,17694,1649,842,157,82,0.6313699,4,-1,-1
249,17684,1739,757,138,70,0.5142312,4,-1,-1
249,17700,2164,847,169,75,0.5038609,4,-1,-1
249,17709,1655,438,36,30,0.4476883,4,-1,-1
249,17708,1568,423,32,29,0.4172281,4,-1,-1
249,17710,119,959,47,68,0.3175788,1,-1,-1
250,17700,2143,845,160,73,0.70378214,4,-1,-1
250,17694,1613,840,155,77,0.6300524,4,-1,-1
250,17684,1719,755,140,67,0.57578844,4,-1,-1
250,17709,1655,439,35,30,0.449563,4,-1,-1
250,17708,1569,423,32,29,0.42812026,4,-1,-1
250,17710,119,965,49,76,0.3893218,1,-1,-1
250,17711,244,934,44,71,0.40808633,1,-1,-1
251,17700,2117,843,158,74,0.7213883,4,-1,-1
251,17694,1582,832,159,82,0.52820665,4,-1,-1
251,17684,1699,753,137,69,0.43378693,4,-1,-1
251,17709,1656,437,34,30,0.42698905,4,-1,-1
251,17708,1568,420,32,28,0.39924788,4,-1,-1
251,17711,242,925,42,73,0.32633272,1,-1,-1
251,17710,114,968,49,73,0.3210057,1,-1,-1
251,17712,1521,425,32,29,0.3645205,4,-1,-1
251,17713,1771,437,35,32,0.33024162,4,-1,-1
252,17700,2092,840,163,75,0.7084102,4,-1,-1
252,17694,1548,825,158,81,0.5493685,4,-1,-1
252,17708,1570,422,31,29,0.470631,4,-1,-1
252,17709,1657,437,33,30,0.43535566,4,-1,-1
252,17684,1669,747,138,68,0.4243698,4,-1,-1
252,17710,110,956,50,71,0.4123633,1,-1,-1
252,17712,1520,426,30,27,0.36995798,4,-1,-1
252,17713,1772,439,34,30,0.3277164,4,-1,-1
253,17700,2069,837,161,77,0.5506313,4,-1,-1
253,17694,1519,820,156,82,0.5493231,4,-1,-1
253,17684,1656,742,138,71,0.5457956,4,-1,-1
253,17709,1656,436,35,31,0.4520901,4,-1,-1
253,17710,113,976,44,70,0.4196432,1,-1,-1
253,17708,1571,423,31,28,0.4028145,4,-1,-1
253,17712,1522,424,31,27,0.36282372,4,-1,-1
253,17714,238,926,43,71,0.41313732,1,-1,-1
253,17715,1053,1181,55,68,0.34500787,5,-1,-1
254,17694,1487,815,151,82,0.5782811,4,-1,-1
254,17700,2039,836,160,73,0.57382375,4,-1,-1
254,17684,1646,742,125,66,0.5353485,4,-1,-1
254,17709,1655,436,37,32,0.44993308,4,-1,-1
254,17712,1523,423,32,28,0.4349552,4,-1,-1
254,17714,236,932,44,76,0.40149474,1,-1,-1
254,17708,1569,422,31,28,0.3903115,4,-1,-1
254,17710,107,974,49,74,0.3716986,1,-1,-1
254,17716,1836,415,36,35,0.30451575,4,-1,-1
255,17700,2013,829,162,77,0.54336864,4,-1,-1
255,17708,1569,423,32,32,0.5222776,4,-1,-1
255,17694,1457,810,154,86,0.49180558,4,-1,-1
255,17712,1522,423,32,29,0.40131035,4,-1,-1
255,17709,1662,437,40,32,0.38162434,4,-1,-1
256,17700,1993,829,155,74,0.60626286,4,-1,-1
256,17708,1566,423,33,31,0.5195454,4,-1,-1
256,17712,1522,436,31,29,0.36631072,4,-1,-1
257,17700,1966,829,159,75,0.539414,4,-1,-1
257,17712,1524,426,36,31,0.38416407,4,-1,-1
257,17717,1648,444,37,32,0.40490273,4,-1,-1
257,17718,653,944,130,210,0.3416115,6,-1,-1
257,17719,1402,802,147,82,0.34146538,4,-1,-1
257,17720,1757,445,36,33,0.30563772,4,-1,-1
258,17700,1945,828,157,73,0.527945,4,-1,-1
258,17712,1523,417,34,29,0.46560138,4,-1,-1
258,17718,649,939,137,220,0.41825494,6,-1,-1
258,17717,1655,442,34,29,0.34278026,4,-1,-1
258,17721,1569,425,32,31,0.37112203,4,-1,-1
259,17700,1914,828,156,73,0.5594064,4,-1,-1
259,17718,652,946,129,206,0.38282475,6,-1,-1
259,17722,1338,795,149,79,0.34466028,4,-1,-1
260,17700,1892,826,154,73,0.65241045,4,-1,-1
260,17718,650,943,134,211,0.38771033,6,-1,-1
260,17723,318,427,63,44,0.32716152,4,-1,-1
261,17700,1869,822,157,75,0.69630015,4,-1,-1
261,17718,652,947,130,206,0.35342205,6,-1,-1
261,17723,319,428,65,44,0.3031051,4,-1,-1
262,17700,1843,820,156,74,0.66142863,4,-1,-1
262,17718,652,947,131,207,0.36961377,6,-1,-1
263,17700,1819,815,154,77,0.56555325,4,-1,-1
263,17718,651,946,132,208,0.4526328,6,-1,-1
264,17700,1791,810,151,69,0.42027253,4,-1,-1
264,17724,1568,427,32,30,0.37460354,4,-1,-1
264,17725,337,542,66,48,0.33378008,4,-1,-1
264,17726,1523,422,32,29,0.3030887,4,-1,-1
265,17700,1772,808,146,69,0.50065064,4,-1,-1
265,17724,1572,427,31,30,0.42099452,4,-1,-1
265,17726,1521,418,31,28,0.3758153,4,-1,-1
265,17727,1655,443,35,29,0.30825323,4,-1,-1
