1,22591,1,459,63,67,0.49644583,6,-1,-1
1,22592,322,498,58,48,0.31449226,6,-1,-1
1,22593,424,462,62,36,0.3008373,4,-1,-1
2,22591,0,456,60,58,0.3891138,6,-1,-1
2,22593,421,463,63,38,0.3058457,4,-1,-1
2,22594,729,841,133,214,0.3320479,6,-1,-1
3,22591,0,455,60,61,0.39325392,6,-1,-1
3,22593,421,464,62,38,0.30645296,4,-1,-1
4,22591,0,454,60,63,0.44743308,6,-1,-1
4,22595,2418,1197,110,174,0.3629605,1,-1,-1
4,22596,254,668,271,118,0.31132397,6,-1,-1
5,22591,0,453,60,65,0.45359793,6,-1,-1
5,22595,2426,1206,98,159,0.35764074,1,-1,-1
5,22597,410,463,49,39,0.34075156,4,-1,-1
6,22591,0,453,61,65,0.4258801,6,-1,-1
6,22598,341,654,228,108,0.37900513,6,-1,-1
7,22591,0,453,61,65,0.48830608,6,-1,-1
7,22598,371,653,248,105,0.3170841,6,-1,-1
7,22599,325,502,53,46,0.31524408,6,-1,-1
8,22591,0,452,61,66,0.5253524,6,-1,-1
9,22591,0,453,60,66,0.53987104,6,-1,-1
9,22600,2346,1023,218,132,0.3387336,4,-1,-1
10,22591,0,454,57,63,0.5156154,6,-1,-1
10,22601,478,636,218,101,0.31371367,5,-1,-1
11,22591,0,455,56,60,0.5002513,6,-1,-1
11,22601,505,620,244,108,0.33667648,5,-1,-1
12,22591,0,455,57,62,0.49411792,6,-1,-1
12,22601,538,621,218,100,0.39564186,5,-1,-1
13,22591,0,455,60,61,0.5196769,6,-1,-1
13,22601,567,618,204,102,0.4583918,5,-1,-1
14,22591,0,453,60,64,0.47762161,6,-1,-1
14,22601,600,616,185,94,0.3616881,5,-1,-1
15,22591,0,452,59,65,0.50717354,6,-1,-1
16,22591,0,453,58,64,0.51737136,6,-1,-1
17,22591,0,455,57,61,0.49312776,6,-1,-1
17,22602,682,596,190,100,0.3208043,5,-1,-1
18,22591,1,453,54,64,0.5075173,6,-1,-1
18,22602,706,597,184,95,0.3290805,5,-1,-1
19,22591,0,454,61,63,0.47889248,6,-1,-1
19,22602,736,595,202,94,0.3217501,5,-1,-1
19,22603,2450,1074,92,127,0.30456263,1,-1,-1
20,22591,-1,452,77,66,0.47042012,6,-1,-1
20,22602,770,583,186,99,0.3378318,5,-1,-1
20,22604,289,455,79,79,0.33849955,6,-1,-1
20,22605,421,454,63,44,0.30707228,4,-1,-1
21,22591,0,451,99,65,0.4738725,6,-1,-1
21,22602,811,575,189,103,0.36421424,5,-1,-1
21,22605,431,459,60,42,0.3376853,4,-1,-1
21,22606,1092,1090,45,54,0.3361142,1,-1,-1
21,22607,2586,1062,82,112,0.30656847,1,-1,-1
22,22591,10,450,114,66,0.5681896,6,-1,-1
22,22602,856,575,182,93,0.35913765,5,-1,-1
22,22607,2608,1064,81,110,0.30875787,1,-1,-1
22,22608,337,458,68,72,0.32623935,6,-1,-1
22,22609,1012,591,43,63,0.31806457,1,-1,-1
23,22591,35,451,116,65,0.63141936,6,-1,-1
23,22608,363,449,63,63,0.41569695,6,-1,-1
23,22602,907,575,167,86,0.3587625,5,-1,-1
23,22607,2645,1073,46,122,0.35662848,1,-1,-1
23,22610,0,434,28,38,0.4472547,4,-1,-1
23,22611,2426,1023,229,138,0.39014494,4,-1,-1
23,22612,1131,1086,42,54,0.3337159,1,-1,-1
24,22591,60,451,114,64,0.62378263,6,-1,-1
24,22608,384,448,64,62,0.37831038,6,-1,-1
24,22613,17,433,57,44,0.31384534,4,-1,-1
25,22591,84,452,115,63,0.5038162,6,-1,-1
25,22613,39,435,56,38,0.3841996,4,-1,-1
25,22608,403,449,67,61,0.30487564,6,-1,-1
25,22614,1294,889,144,83,0.42803013,4,-1,-1
25,22615,2522,1084,66,97,0.36045125,1,-1,-1
25,22616,2589,1100,75,114,0.3320865,1,-1,-1
26,22591,121,452,107,65,0.56881255,6,-1,-1
26,22614,1333,901,152,76,0.5490475,4,-1,-1
26,22613,64,437,52,36,0.45657694,4,-1,-1
26,22608,384,471,57,43,0.30545807,6,-1,-1
26,22617,64,437,52,36,0.31877813,6,-1,-1
26,22618,558,461,44,35,0.31030962,4,-1,-1
27,22591,147,449,103,65,0.61685085,6,-1,-1
27,22614,1379,901,151,85,0.5025623,4,-1,-1
27,22613,93,436,54,33,0.4954692,4,-1,-1
27,22619,2521,1036,167,154,0.31691527,4,-1,-1
28,22591,173,450,99,63,0.5720146,6,-1,-1
28,22619,2555,1047,136,134,0.30096564,4,-1,-1
28,22620,1421,909,153,86,0.4673414,5,-1,-1
28,22621,124,436,54,37,0.4498048,4,-1,-1
28,22622,603,457,45,33,0.34470928,4,-1,-1
29,22591,197,451,95,61,0.57886076,6,-1,-1
29,22620,1463,915,164,88,0.389563,5,-1,-1
29,22621,154,436,53,37,0.31439754,4,-1,-1
29,22623,1463,915,164,88,0.3287651,4,-1,-1
29,22624,7,529,51,37,0.32032084,4,-1,-1
30,22591,222,453,91,59,0.54283655,6,-1,-1
30,22624,2,495,13,43,0.48019385,4,-1,-1
30,22623,1518,924,159,84,0.41911605,4,-1,-1
30,22625,464,472,70,41,0.37434778,6,-1,-1
30,22626,1,945,46,87,0.32616562,1,-1,-1
30,22627,532,452,61,51,0.30599836,6,-1,-1
31,22623,1563,937,158,84,0.50153434,4,-1,-1
31,22626,20,950,52,77,0.4590328,1,-1,-1
31,22591,255,453,98,59,0.4316856,6,-1,-1
31,22624,2,488,40,37,0.39798146,4,-1,-1
31,22628,2632,1072,59,120,0.4296467,1,-1,-1
32,22591,271,445,109,69,0.6170144,6,-1,-1
32,22624,14,488,49,35,0.44395906,4,-1,-1
32,22628,2669,1075,23,119,0.3654077,1,-1,-1
32,22623,1611,942,158,91,0.33026788,4,-1,-1
32,22626,43,948,55,71,0.32800338,1,-1,-1
32,22629,1611,942,158,91,0.5932478,5,-1,-1
32,22630,28,526,46,36,0.55208427,4,-1,-1
32,22631,108,530,57,33,0.42603505,4,-1,-1
32,22632,571,467,68,56,0.3080806,6,-1,-1
32,22633,1286,556,133,69,0.3032631,4,-1,-1
33,22591,306,448,90,61,0.6844639,6,-1,-1
33,22630,31,485,52,35,0.5888521,4,-1,-1
33,22626,69,947,58,68,0.47486436,1,-1,-1
33,22629,1652,946,169,99,0.4072346,5,-1,-1
33,22634,44,528,69,36,0.33535025,4,-1,-1
34,22634,55,483,46,34,0.6714432,4,-1,-1
34,22591,322,445,93,63,0.66055727,6,-1,-1
34,22635,1702,959,173,94,0.5021111,4,-1,-1
34,22636,1361,551,142,75,0.44870394,4,-1,-1
34,22637,86,530,60,35,0.4389227,4,-1,-1
34,22638,281,432,46,37,0.40671265,4,-1,-1
34,22639,614,451,68,54,0.35963655,6,-1,-1
35,22591,328,449,95,61,0.61744875,6,-1,-1
35,22634,54,481,47,33,0.57847923,4,-1,-1
35,22635,1733,964,175,97,0.5183275,4,-1,-1
35,22640,1377,546,149,81,0.39462283,5,-1,-1
35,22641,0,955,17,111,0.3272059,1,-1,-1
35,22642,90,939,62,63,0.32714432,1,-1,-1
36,22634,52,480,44,33,0.71694887,4,-1,-1
36,22635,1770,974,172,98,0.5926825,4,-1,-1
36,22591,340,445,91,67,0.5839646,6,-1,-1
36,22642,91,938,60,66,0.36726895,1,-1,-1
36,22641,0,974,15,109,0.35341245,1,-1,-1
36,22640,1402,547,138,76,0.306708,5,-1,-1
36,22643,1402,547,138,76,0.37579262,4,-1,-1
36,22644,197,537,60,34,0.3512496,4,-1,-1
36,22645,114,532,52,34,0.3158457,4,-1,-1
37,22635,1797,980,176,93,0.616386,4,-1,-1
37,22634,45,478,46,34,0.6048258,4,-1,-1
37,22591,330,449,93,59,0.58789194,6,-1,-1
37,22643,1416,545,128,74,0.4321227,4,-1,-1
37,22642,93,938,59,66,0.4300557,1,-1,-1
37,22646,1382,805,135,73,0.49820414,4,-1,-1
37,22647,3,495,1,39,0.30392647,4,-1,-1
38,22635,1831,988,181,98,0.64670444,4,-1,-1
38,22591,331,448,89,59,0.5973531,6,-1,-1
38,22634,42,480,46,34,0.48009402,4,-1,-1
38,22642,89,934,62,68,0.47023886,1,-1,-1
38,22647,2,492,7,44,0.4364177,4,-1,-1
38,22643,1431,541,142,78,0.40241322,4,-1,-1
38,22646,1406,810,138,71,0.37365907,4,-1,-1
38,22648,212,540,55,34,0.48586968,4,-1,-1
38,22649,126,538,58,34,0.4614608,4,-1,-1
38,22650,284,431,52,34,0.3383772,4,-1,-1
39,22591,328,448,95,58,0.61376417,6,-1,-1
39,22635,1865,998,186,100,0.5850312,4,-1,-1
39,22634,39,480,40,33,0.5700609,4,-1,-1
39,22649,131,539,59,35,0.5689943,4,-1,-1
39,22647,2,492,9,43,0.4848866,4,-1,-1
39,22646,1432,816,140,76,0.47166964,4,-1,-1
39,22642,93,951,59,62,0.43366268,1,-1,-1
39,22648,221,540,52,35,0.39500368,4,-1,-1
40,22635,1891,1006,189,100,0.72024316,4,-1,-1
40,22646,1471,825,127,71,0.71649826,4,-1,-1
40,22634,32,481,41,31,0.61875606,4,-1,-1
40,22647,1,494,18,42,0.6149794,4,-1,-1
40,22591,332,447,84,56,0.59096354,6,-1,-1
40,22649,141,540,63,35,0.50779086,4,-1,-1
40,22642,93,951,56,61,0.45985028,1,-1,-1
40,22651,1465,527,139,80,0.40761244,6,-1,-1
41,22646,1496,830,129,70,0.6806949,4,-1,-1
41,22647,0,496,27,41,0.6162616,4,-1,-1
41,22591,331,449,88,54,0.6007617,6,-1,-1
41,22635,1925,1016,193,101,0.5562473,4,-1,-1
41,22649,148,542,56,36,0.49071896,4,-1,-1
41,22642,92,949,57,66,0.48693463,1,-1,-1
41,22634,19,478,50,32,0.41139397,4,-1,-1
41,22651,1480,530,132,78,0.3571075,6,-1,-1
42,22635,1955,1023,197,100,0.71813476,4,-1,-1
42,22634,11,477,47,34,0.6047091,4,-1,-1
42,22591,334,452,83,52,0.59874374,6,-1,-1
42,22649,154,541,59,38,0.54432553,4,-1,-1
42,22646,1520,835,137,74,0.53279656,4,-1,-1
42,22642,92,949,57,67,0.41577354,1,-1,-1
42,22652,1496,531,134,73,0.35886583,4,-1,-1
42,22653,105,421,63,37,0.3382948,4,-1,-1
42,22654,620,451,61,56,0.3250226,6,-1,-1
43,22646,1549,844,138,70,0.63457114,4,-1,-1
43,22634,5,477,49,38,0.61980957,4,-1,-1
43,22635,1991,1030,197,101,0.59065443,4,-1,-1
43,22591,333,447,90,63,0.57854235,6,-1,-1
43,22642,88,937,58,70,0.53976,1,-1,-1
43,22649,165,547,58,36,0.39582628,4,-1,-1
43,22654,634,452,59,57,0.33631957,6,-1,-1
43,22655,1511,530,135,70,0.3208848,6,-1,-1
44,22646,1578,848,137,75,0.7303599,4,-1,-1
44,22591,327,448,97,64,0.66327125,6,-1,-1
44,22635,2029,1041,198,100,0.64994115,4,-1,-1
44,22634,1,497,45,43,0.547854,4,-1,-1
44,22642,87,938,60,67,0.4743123,1,-1,-1
44,22655,1539,528,117,70,0.42316154,6,-1,-1
44,22649,165,548,69,39,0.3679618,4,-1,-1
44,22654,633,469,64,57,0.31249237,6,-1,-1
45,22591,323,445,102,69,0.6959954,6,-1,-1
45,22634,3,500,48,44,0.5807335,4,-1,-1
45,22635,2060,1050,204,100,0.5590758,4,-1,-1
45,22646,1601,854,145,78,0.48568198,4,-1,-1
45,22642,88,950,59,66,0.4411143,1,-1,-1
45,22655,1543,529,126,68,0.39146128,6,-1,-1
45,22654,617,468,65,58,0.31980982,6,-1,-1
45,22649,172,550,66,39,0.3177319,4,-1,-1
45,22656,1543,529,126,68,0.41941756,4,-1,-1
46,22591,322,446,101,68,0.7263743,6,-1,-1
46,22646,1632,862,145,75,0.69815725,4,-1,-1
46,22635,2099,1059,207,107,0.69605064,4,-1,-1
46,22642,89,949,56,70,0.5951837,1,-1,-1
46,22634,3,501,53,45,0.5813072,4,-1,-1
46,22656,1560,529,127,66,0.3686575,4,-1,-1
46,22654,616,469,66,57,0.32200485,6,-1,-1
46,22657,85,421,17,32,0.31810698,1,-1,-1
46,22658,280,431,59,38,0.3139332,4,-1,-1
47,22646,1661,869,142,76,0.72775614,4,-1,-1
47,22591,322,445,97,64,0.7144822,6,-1,-1
47,22635,2140,1067,209,111,0.6270537,4,-1,-1
47,22634,2,505,63,44,0.5569435,4,-1,-1
47,22642,86,950,59,64,0.46763122,1,-1,-1
47,22658,279,430,49,38,0.40438017,4,-1,-1
47,22654,618,453,62,54,0.33496368,6,-1,-1
47,22659,1581,525,119,70,0.4729772,6,-1,-1
47,22660,190,556,63,39,0.40650287,4,-1,-1
48,22635,2178,1078,211,109,0.72919196,4,-1,-1
48,22591,321,443,93,63,0.66570926,6,-1,-1
48,22634,17,508,54,43,0.5001155,4,-1,-1
48,22642,87,951,58,66,0.46163166,1,-1,-1
48,22646,1690,877,151,76,0.45614666,4,-1,-1
48,22658,278,430,55,40,0.33388653,4,-1,-1
48,22661,-1,462,18,40,0.51296574,4,-1,-1
49,22646,1719,886,151,74,0.7953083,4,-1,-1
49,22591,321,448,98,62,0.7296044,6,-1,-1
49,22635,2219,1087,218,112,0.67881775,4,-1,-1
49,22661,0,459,12,45,0.59289634,4,-1,-1
49,22642,85,950,55,72,0.5673896,1,-1,-1
49,22634,19,511,60,42,0.44588378,4,-1,-1
49,22662,208,560,68,38,0.38609773,4,-1,-1
49,22663,328,893,50,70,0.3845902,1,-1,-1
49,22664,559,468,89,51,0.31154364,6,-1,-1
50,22635,2254,1098,231,118,0.75381607,4,-1,-1
50,22591,322,448,98,63,0.74593383,6,-1,-1
50,22634,24,511,60,44,0.57557005,4,-1,-1
50,22642,84,945,58,75,0.54888225,1,-1,-1
50,22646,1744,891,157,78,0.5373541,4,-1,-1
50,22661,0,457,10,48,0.5262128,4,-1,-1
50,22665,278,435,54,37,0.39022812,4,-1,-1
50,22666,729,462,48,37,0.35213715,4,-1,-1
50,22667,216,560,146,54,0.30249572,4,-1,-1
51,22591,320,449,99,62,0.73394513,6,-1,-1
51,22646,1780,897,161,79,0.64452964,4,-1,-1
51,22635,2301,1110,224,121,0.6379648,4,-1,-1
51,22642,85,947,55,73,0.52880955,1,-1,-1
51,22634,37,513,57,42,0.47770387,4,-1,-1
51,22666,730,462,46,37,0.34805173,4,-1,-1
51,22661,0,459,5,44,0.32729107,4,-1,-1
51,22668,534,564,56,42,0.30142155,4,-1,-1
52,22646,1821,906,151,78,0.7415771,4,-1,-1
52,22591,323,448,94,64,0.73491627,6,-1,-1
52,22635,2342,1119,229,119,0.72399086,4,-1,-1
52,22634,41,519,57,40,0.62739366,4,-1,-1
52,22642,85,949,57,71,0.50169194,1,-1,-1
52,22669,559,472,57,43,0.30892563,6,-1,-1
53,22591,324,447,91,65,0.73248166,6,-1,-1
53,22634,45,518,60,44,0.7236634,4,-1,-1
53,22635,2382,1132,240,122,0.57832325,4,-1,-1
53,22646,1845,910,166,84,0.5586117,4,-1,-1
53,22642,86,952,58,69,0.46473488,1,-1,-1
53,22669,556,473,62,41,0.34618875,6,-1,-1
53,22670,1659,515,104,65,0.41156337,5,-1,-1
53,22671,734,460,46,38,0.35837644,4,-1,-1
54,22646,1881,921,167,84,0.75973755,4,-1,-1
54,22591,322,446,93,64,0.74469304,6,-1,-1
54,22635,2431,1141,250,123,0.6798261,4,-1,-1
54,22642,86,955,59,66,0.486852,1,-1,-1
54,22634,58,520,57,45,0.457973,4,-1,-1
54,22669,553,472,67,46,0.37228623,6,-1,-1
54,22672,492,558,59,42,0.43162045,4,-1,-1
55,22591,321,446,94,66,0.71220875,6,-1,-1
55,22646,1918,929,170,87,0.67011404,4,-1,-1
55,22634,61,522,58,46,0.65295327,4,-1,-1
55,22635,2476,1153,220,123,0.62273127,4,-1,-1
55,22642,85,956,58,62,0.4552007,1,-1,-1
55,22669,555,473,65,44,0.3275202,6,-1,-1
55,22673,731,457,49,38,0.32545236,4,-1,-1
56,22591,319,444,95,66,0.7026394,6,-1,-1
56,22635,2520,1161,173,130,0.64923143,4,-1,-1
56,22634,59,525,64,44,0.5680937,4,-1,-1
56,22646,1957,938,171,85,0.547052,4,-1,-1
56,22642,84,952,57,66,0.4071328,1,-1,-1
56,22674,1698,504,109,73,0.30236322,5,-1,-1
57,22591,319,445,96,66,0.70556647,6,-1,-1
57,22646,1990,947,172,87,0.64060193,4,-1,-1
57,22635,2567,1168,123,149,0.5627288,4,-1,-1
57,22634,70,527,65,46,0.49216992,4,-1,-1
57,22642,82,951,57,70,0.47485575,1,-1,-1
57,22675,276,431,53,41,0.41824055,4,-1,-1
57,22676,451,549,66,44,0.36037743,4,-1,-1
58,22591,319,446,97,64,0.67505115,6,-1,-1
58,22646,2025,957,180,87,0.60459894,4,-1,-1
58,22634,80,527,59,46,0.496711,4,-1,-1
58,22642,82,950,58,69,0.37063062,1,-1,-1
58,22635,2611,1170,81,184,0.33629385,4,-1,-1
58,22677,202,914,52,68,0.30773914,1,-1,-1
58,22678,289,579,159,63,0.30064082,4,-1,-1
59,22646,2063,967,184,89,0.7106911,4,-1,-1
59,22591,320,446,96,64,0.69293815,6,-1,-1
59,22634,83,533,63,43,0.5366542,4,-1,-1
59,22642,83,949,58,72,0.38869482,1,-1,-1
60,22591,319,448,97,60,0.66161984,6,-1,-1
60,22646,2097,971,195,93,0.5446466,4,-1,-1
60,22634,93,534,60,42,0.5220595,4,-1,-1
60,22679,423,545,61,41,0.37806332,4,-1,-1
61,22646,2142,982,190,96,0.65374166,4,-1,-1
61,22634,102,533,58,47,0.6427135,4,-1,-1
61,22591,320,450,95,59,0.62028545,6,-1,-1
61,22680,295,592,70,53,0.35903937,4,-1,-1
61,22681,203,929,54,64,0.32917356,1,-1,-1
62,22634,105,534,62,46,0.62651634,4,-1,-1
62,22646,2177,988,202,99,0.57657635,4,-1,-1
62,22591,317,450,100,61,0.55168474,6,-1,-1
62,22682,403,539,58,41,0.5484593,4,-1,-1
62,22683,83,949,54,73,0.37020084,1,-1,-1
62,22684,727,459,45,36,0.36260146,4,-1,-1
62,22685,105,534,62,46,0.30586228,5,-1,-1
63,22646,2219,997,205,102,0.6692441,4,-1,-1
63,22591,315,448,104,64,0.63923,6,-1,-1
63,22634,111,535,67,48,0.5349327,4,-1,-1
63,22683,83,951,54,70,0.39971036,1,-1,-1
63,22686,1011,842,121,204,0.3330879,6,-1,-1
64,22634,122,534,62,48,0.6467374,4,-1,-1
64,22591,316,438,105,70,0.6309147,6,-1,-1
64,22646,2262,1005,205,105,0.612335,4,-1,-1
64,22686,1014,849,113,189,0.3647908,6,-1,-1
64,22687,643,493,50,43,0.38432223,6,-1,-1
64,22688,201,912,52,63,0.3142736,1,-1,-1
65,22634,126,538,63,46,0.72448367,4,-1,-1
65,22646,2301,1012,218,111,0.6467409,4,-1,-1
65,22591,312,438,107,67,0.5807015,6,-1,-1
65,22688,202,908,51,67,0.33177868,1,-1,-1
65,22687,642,492,51,40,0.31007057,6,-1,-1
65,22689,74,940,54,66,0.4574449,1,-1,-1
65,22690,268,424,52,37,0.37012556,4,-1,-1
66,22634,132,538,64,51,0.6190309,4,-1,-1
66,22646,2351,1021,214,112,0.6049088,4,-1,-1
66,22591,312,437,107,67,0.5530675,6,-1,-1
66,22689,71,940,56,66,0.45652416,1,-1,-1
66,22687,640,492,54,43,0.36667997,6,-1,-1
66,22690,271,423,57,40,0.32806125,4,-1,-1
66,22691,1011,841,119,206,0.35123116,6,-1,-1
67,22646,2404,1037,215,113,0.6541746,4,-1,-1
67,22634,139,539,66,53,0.5340119,4,-1,-1
67,22591,311,439,106,65,0.44338176,6,-1,-1
67,22689,71,948,58,69,0.39495718,1,-1,-1
67,22691,1008,837,123,211,0.34857923,6,-1,-1
67,22690,272,431,56,36,0.32417923,4,-1,-1
68,22646,2445,1045,230,111,0.5865561,4,-1,-1
68,22689,69,950,56,77,0.5615423,1,-1,-1
68,22591,313,440,100,64,0.48309842,6,-1,-1
68,22634,144,542,64,53,0.41428596,4,-1,-1
68,22691,998,812,146,226,0.3253246,6,-1,-1
68,22690,268,432,51,32,0.31359848,4,-1,-1
68,22692,144,542,64,53,0.539309,5,-1,-1
68,22693,310,444,94,56,0.30907294,4,-1,-1
69,22646,2500,1061,196,113,0.7005926,4,-1,-1
69,22692,147,545,70,52,0.56908727,5,-1,-1
69,22591,313,440,101,65,0.54247206,6,-1,-1
69,22689,59,953,58,72,0.46516597,1,-1,-1
69,22691,1011,846,117,199,0.36073908,6,-1,-1
69,22690,268,433,48,31,0.33858684,4,-1,-1
69,22634,147,545,70,52,0.31305772,4,-1,-1
69,22694,322,522,61,40,0.45849904,4,-1,-1
70,22646,2548,1068,147,126,0.58994216,4,-1,-1
70,22591,311,439,105,69,0.522337,6,-1,-1
70,22690,263,423,52,38,0.4738762,4,-1,-1
70,22689,50,956,60,68,0.4721186,1,-1,-1
70,22634,154,550,68,52,0.46791,4,-1,-1
70,22691,1008,849,121,195,0.3300277,6,-1,-1
71,22591,306,443,98,62,0.61038727,6,-1,-1
71,22634,165,550,62,55,0.5566066,4,-1,-1
71,22689,47,958,56,63,0.41711542,1,-1,-1
71,22690,263,425,54,37,0.40171438,4,-1,-1
71,22646,2601,1071,92,167,0.38828656,4,-1,-1
71,22695,65,415,66,36,0.44644678,4,-1,-1
71,22696,165,550,62,55,0.40546024,5,-1,-1
71,22697,642,495,52,41,0.36456493,6,-1,-1
71,22698,180,932,49,66,0.3105575,1,-1,-1
72,22634,167,554,64,51,0.6128806,4,-1,-1
72,22591,309,444,93,61,0.59016985,6,-1,-1
72,22696,167,554,64,51,0.3590599,5,-1,-1
72,22689,39,972,57,70,0.30942723,1,-1,-1
72,22699,299,519,48,38,0.3148015,4,-1,-1
73,22591,305,445,98,65,0.6571135,6,-1,-1
73,22634,173,556,67,54,0.6430509,4,-1,-1
73,22699,280,517,60,40,0.61968374,4,-1,-1
73,22689,28,971,56,74,0.53618556,1,-1,-1
73,22700,161,932,50,69,0.41233417,1,-1,-1
73,22701,552,469,62,44,0.3221745,6,-1,-1
74,22591,297,444,108,70,0.7073893,6,-1,-1
74,22634,173,559,71,55,0.4935161,4,-1,-1
74,22689,23,972,52,77,0.4926007,1,-1,-1
75,22591,301,441,100,69,0.7487101,6,-1,-1
75,22634,184,560,67,56,0.6903121,4,-1,-1
75,22689,19,974,51,74,0.48625767,1,-1,-1
75,22702,723,455,52,39,0.33378237,4,-1,-1
75,22703,254,430,55,38,0.31279445,4,-1,-1
75,22704,599,446,64,63,0.3015285,6,-1,-1
76,22591,300,443,102,69,0.62160856,6,-1,-1
76,22634,186,565,70,53,0.539095,4,-1,-1
76,22689,6,977,55,101,0.37429765,1,-1,-1
76,22704,597,448,65,62,0.35370243,6,-1,-1
76,22705,138,948,53,69,0.48763958,1,-1,-1
76,22706,242,516,61,36,0.31427065,4,-1,-1
77,22591,298,445,105,67,0.62851655,6,-1,-1
77,22634,193,571,69,52,0.46266592,4,-1,-1
77,22689,3,969,26,117,0.32714194,1,-1,-1
77,22706,233,516,66,36,0.3044415,4,-1,-1
77,22707,251,422,57,40,0.33424404,4,-1,-1
77,22708,985,873,133,190,0.32163042,9,-1,-1
78,22591,297,444,105,65,0.71509296,6,-1,-1
78,22634,194,571,73,53,0.44733995,4,-1,-1
78,22689,1,966,24,127,0.37086535,1,-1,-1
78,22709,118,960,49,66,0.34568632,1,-1,-1
78,22710,711,459,44,34,0.3030001,4,-1,-1
79,22591,291,442,111,70,0.5719095,6,-1,-1
79,22634,203,572,69,57,0.5246954,4,-1,-1
79,22710,704,461,48,39,0.34524322,4,-1,-1
79,22689,1,959,14,142,0.3226876,1,-1,-1
79,22711,976,861,146,210,0.40602902,9,-1,-1
80,22634,203,575,73,57,0.63353485,4,-1,-1
80,22591,292,445,103,67,0.6083138,6,-1,-1
80,22711,975,856,144,222,0.40369135,9,-1,-1
81,22591,280,442,102,72,0.71947956,6,-1,-1
81,22634,204,580,74,61,0.6310564,4,-1,-1
81,22712,1311,1133,38,54,0.30247453,5,-1,-1
82,22591,271,444,106,69,0.6425201,6,-1,-1
82,22634,202,581,76,65,0.4829017,4,-1,-1
83,22634,189,586,76,67,0.50796014,4,-1,-1
83,22591,256,443,102,70,0.50226057,6,-1,-1
83,22713,136,506,60,38,0.41093746,4,-1,-1
83,22714,214,429,56,43,0.38628516,4,-1,-1
84,22591,227,445,110,73,0.6176837,6,-1,-1
84,22634,167,590,82,71,0.5441399,4,-1,-1
85,22591,209,452,101,64,0.61791676,6,-1,-1
85,22634,147,600,79,66,0.4814435,4,-1,-1
85,22715,149,438,61,39,0.42278516,4,-1,-1
85,22716,68,509,52,37,0.4111718,4,-1,-1
86,22716,33,519,47,34,0.5686392,4,-1,-1
86,22634,125,610,81,66,0.51954705,4,-1,-1
86,22591,171,460,102,62,0.46572903,6,-1,-1
86,22715,129,444,47,38,0.42389628,4,-1,-1
87,22591,140,459,116,66,0.57027096,6,-1,-1
87,22634,111,615,83,68,0.56239295,4,-1,-1
87,22716,3,518,40,37,0.4879223,4,-1,-1
88,22591,120,460,114,69,0.5334746,6,-1,-1
88,22634,96,618,86,73,0.42237657,4,-1,-1
88,22717,74,450,75,42,0.30686405,4,-1,-1
89,22591,106,462,113,67,0.54662746,6,-1,-1
89,22634,86,626,91,72,0.4372593,4,-1,-1
90,22591,105,464,111,69,0.6065119,6,-1,-1
90,22634,87,629,95,70,0.54497415,4,-1,-1
91,22591,105,463,107,67,0.5218976,6,-1,-1
91,22718,54,453,53,34,0.33070034,4,-1,-1
92,22591,104,463,109,68,0.5936006,6,-1,-1
93,22591,102,463,111,68,0.59782565,6,-1,-1
93,22719,116,635,90,61,0.31343967,4,-1,-1
93,22720,51,453,54,33,0.30652544,4,-1,-1
94,22591,101,464,108,66,0.46535766,6,-1,-1
95,22591,99,462,111,68,0.49469987,6,-1,-1
96,22591,95,464,116,67,0.52921873,6,-1,-1
97,22591,95,464,117,71,0.6386225,6,-1,-1
97,22721,993,442,63,39,0.34172502,4,-1,-1
97,22722,50,446,52,37,0.32705393,4,-1,-1
98,22591,94,464,116,70,0.5912572,6,-1,-1
98,22721,982,442,64,40,0.366577,4,-1,-1
99,22591,96,465,111,67,0.54428893,6,-1,-1
99,22721,981,440,63,42,0.4244694,4,-1,-1
99,22723,51,445,58,38,0.33868024,4,-1,-1
99,22724,804,933,146,238,0.3158679,9,-1,-1
100,22591,87,464,114,69,0.5441224,6,-1,-1
100,22721,979,441,63,41,0.40472925,4,-1,-1
101,22591,99,465,107,66,0.41542587,6,-1,-1
101,22721,979,441,64,41,0.3941692,4,-1,-1
102,22591,85,467,115,66,0.59929913,6,-1,-1
102,22721,975,442,64,41,0.3236692,4,-1,-1
103,22591,87,464,112,72,0.6355865,6,-1,-1
103,22721,972,442,68,41,0.3197996,4,-1,-1
103,22725,46,453,46,36,0.35827342,4,-1,-1
104,22591,88,464,112,71,0.6241402,6,-1,-1
104,22725,47,452,46,35,0.3410661,4,-1,-1
105,22591,89,464,106,71,0.6390432,6,-1,-1
105,22725,45,446,49,38,0.45046926,4,-1,-1
106,22591,88,463,106,72,0.6572289,6,-1,-1
106,22725,45,447,45,37,0.4389633,4,-1,-1
107,22591,88,463,108,71,0.64295787,6,-1,-1
107,22725,46,454,42,34,0.47250414,4,-1,-1
108,22591,87,463,108,70,0.5992125,6,-1,-1
108,22725,45,454,43,34,0.38834402,4,-1,-1
109,22591,87,463,105,71,0.6236865,6,-1,-1
109,22725,43,453,45,35,0.3651249,4,-1,-1
110,22591,86,462,106,71,0.65205914,6,-1,-1
110,22725,42,452,47,37,0.38048646,4,-1,-1
110,22726,946,441,73,40,0.3186137,4,-1,-1
111,22591,85,462,105,71,0.6749315,6,-1,-1
111,22725,41,451,48,37,0.3971696,4,-1,-1
112,22591,84,462,106,71,0.66137934,6,-1,-1
112,22725,40,451,52,38,0.4188383,4,-1,-1
113,22591,83,461,107,73,0.6852629,6,-1,-1
113,22725,41,451,49,39,0.41334036,4,-1,-1
114,22591,82,462,107,72,0.6622845,6,-1,-1
114,22725,41,451,50,39,0.30689028,4,-1,-1
115,22591,82,462,107,71,0.6668446,6,-1,-1
116,22591,80,462,110,70,0.58102065,6,-1,-1
116,22727,110,1012,65,85,0.4991996,1,-1,-1
116,22728,-1,1035,20,114,0.34721798,1,-1,-1
117,22591,80,460,109,71,0.5801269,6,-1,-1
118,22591,78,460,109,72,0.61198795,6,-1,-1
119,22591,63,462,108,69,0.6591409,6,-1,-1
119,22729,20,443,57,43,0.3290025,4,-1,-1
120,22591,35,463,121,65,0.5174835,6,-1,-1
121,22591,11,465,116,70,0.64594674,6,-1,-1
122,22730,-2,462,106,71,0.52253354,4,-1,-1
123,22730,3,462,88,69,0.37360886,4,-1,-1
123,22731,3,462,88,69,0.34158045,6,-1,-1
124,22731,3,464,83,69,0.37554362,6,-1,-1
124,22732,443,475,62,34,0.3195994,4,-1,-1
125,22731,4,464,83,70,0.5186056,6,-1,-1
126,22731,0,460,80,73,0.49365264,6,-1,-1
127,22731,0,462,78,73,0.5660618,6,-1,-1
128,22731,0,462,75,73,0.53676265,6,-1,-1
128,22733,684,984,145,221,0.36489457,9,-1,-1
129,22731,0,462,76,73,0.5672187,6,-1,-1
130,22731,0,465,76,73,0.58624506,6,-1,-1
131,22731,0,466,75,72,0.56334025,6,-1,-1
131,22734,1418,946,163,90,0.39228067,4,-1,-1
132,22731,0,466,73,71,0.5174359,6,-1,-1
132,22734,1449,956,169,88,0.3602773,4,-1,-1
132,22735,103,1017,61,76,0.5050376,1,-1,-1
133,22731,0,465,77,74,0.50587225,6,-1,-1
133,22735,102,1015,63,78,0.49225464,1,-1,-1
133,22734,1482,956,164,97,0.41453555,4,-1,-1
133,22736,1482,956,164,97,0.31022748,5,-1,-1
134,22736,1517,964,166,97,0.585332,5,-1,-1
134,22731,-1,465,74,72,0.43742684,6,-1,-1
134,22735,103,1018,61,77,0.34404206,1,-1,-1
135,22731,0,466,73,69,0.43624812,6,-1,-1
135,22737,1555,976,170,93,0.47627518,4,-1,-1
136,22737,1584,980,174,102,0.5949899,4,-1,-1
136,22731,-1,466,75,70,0.45737725,6,-1,-1
137,22737,1618,989,182,97,0.5124972,4,-1,-1
137,22731,-1,465,74,72,0.4913644,6,-1,-1
137,22738,1182,504,169,85,0.34071356,9,-1,-1
138,22737,1653,996,185,104,0.5532268,4,-1,-1
138,22738,1159,506,176,83,0.35834315,9,-1,-1
138,22731,0,467,65,69,0.31020844,6,-1,-1
138,22739,0,467,65,69,0.34221137,4,-1,-1
139,22737,1684,1004,182,103,0.6641393,4,-1,-1
139,22738,1141,512,173,85,0.39272398,9,-1,-1
139,22731,0,470,55,67,0.34509036,6,-1,-1
139,22739,0,470,55,67,0.3091154,4,-1,-1
139,22740,697,433,69,40,0.30100116,4,-1,-1
140,22737,1723,1018,181,94,0.5936609,4,-1,-1
140,22738,1129,514,174,82,0.38122654,9,-1,-1
140,22731,0,471,51,65,0.30890712,6,-1,-1
141,22737,1749,1025,188,98,0.6054791,4,-1,-1
141,22738,1109,514,177,82,0.37776133,9,-1,-1
142,22737,1787,1028,190,104,0.553347,4,-1,-1
142,22738,1096,512,174,85,0.444016,9,-1,-1
143,22737,1821,1041,197,98,0.6724525,4,-1,-1
143,22738,1072,509,183,92,0.3789367,9,-1,-1
143,22741,43,1012,70,81,0.3288786,1,-1,-1
144,22737,1858,1048,203,102,0.57786137,4,-1,-1
144,22738,1061,511,183,90,0.52470076,9,-1,-1
144,22742,0,467,14,70,0.32627368,4,-1,-1
145,22737,1887,1057,207,104,0.60262454,4,-1,-1
145,22738,1045,509,187,94,0.46826485,9,-1,-1
146,22737,1930,1063,207,110,0.57161295,4,-1,-1
146,22738,1027,512,185,93,0.41068414,9,-1,-1
146,22743,2651,984,42,100,0.32849964,4,-1,-1
147,22738,1015,512,196,93,0.548477,9,-1,-1
147,22737,1981,1077,214,108,0.5456606,4,-1,-1
147,22743,2630,984,58,93,0.39740238,4,-1,-1
147,22744,232,462,66,71,0.3224165,6,-1,-1
148,22737,2030,1082,210,115,0.6326228,4,-1,-1
148,22743,2592,983,98,92,0.42517596,4,-1,-1
148,22738,991,512,213,94,0.41942328,9,-1,-1
149,22738,990,518,203,90,0.56323135,9,-1,-1
149,22737,2073,1092,213,121,0.5531304,4,-1,-1
149,22743,2553,978,140,97,0.52681947,4,-1,-1
150,22738,975,513,203,95,0.60615444,9,-1,-1
150,22743,2511,980,178,87,0.58912903,4,-1,-1
150,22737,2129,1100,215,124,0.56765294,4,-1,-1
151,22738,970,518,200,91,0.652025,9,-1,-1
151,22737,2173,1115,220,117,0.58526134,4,-1,-1
151,22743,2471,975,178,82,0.559827,4,-1,-1
151,22745,726,890,394,152,0.32040712,9,-1,-1
152,22738,952,513,206,102,0.5821067,9,-1,-1
152,22743,2434,973,174,80,0.56960166,4,-1,-1
152,22737,2218,1133,227,120,0.46788317,4,-1,-1
152,22746,660,433,59,40,0.34536105,4,-1,-1
153,22737,2276,1137,231,121,0.6813992,4,-1,-1
153,22738,947,518,199,98,0.62882626,9,-1,-1
153,22743,2406,967,171,83,0.5358348,4,-1,-1
153,22746,661,435,58,41,0.35778674,4,-1,-1
154,22738,929,520,209,98,0.6405521,9,-1,-1
154,22743,2367,965,165,82,0.5914244,4,-1,-1
154,22737,2329,1146,242,121,0.58657986,4,-1,-1
154,22746,663,434,55,39,0.30758464,4,-1,-1
154,22747,1008,917,166,136,0.65893257,5,-1,-1
154,22748,1296,967,178,98,0.32002127,4,-1,-1
155,22737,2379,1161,244,123,0.624708,4,-1,-1
155,22738,918,521,212,100,0.5858729,9,-1,-1
155,22743,2330,958,164,87,0.5370309,4,-1,-1
155,22747,1030,919,179,149,0.5192703,5,-1,-1
155,22748,1326,971,163,104,0.42931464,4,-1,-1
155,22746,663,434,54,39,0.3167118,4,-1,-1
156,22747,1064,935,181,138,0.70392317,5,-1,-1
156,22737,2435,1175,251,126,0.67853075,4,-1,-1
156,22738,909,525,204,103,0.58008593,9,-1,-1
156,22743,2289,952,166,81,0.55815345,4,-1,-1
156,22748,1352,972,171,111,0.554034,4,-1,-1
156,22746,661,432,61,42,0.33830997,4,-1,-1
157,22747,1095,942,178,139,0.70891017,5,-1,-1
157,22737,2501,1189,196,120,0.60269475,4,-1,-1
157,22738,900,525,204,104,0.55526125,9,-1,-1
157,22748,1386,978,173,114,0.5165488,4,-1,-1
157,22743,2260,950,161,78,0.4996587,4,-1,-1
157,22746,661,432,60,43,0.32284692,4,-1,-1
158,22738,886,527,207,101,0.6728118,9,-1,-1
158,22747,1130,949,181,135,0.6283761,5,-1,-1
158,22737,2553,1189,140,149,0.6245771,4,-1,-1
158,22748,1424,990,175,110,0.5328889,4,-1,-1
158,22743,2221,945,160,82,0.53221136,4,-1,-1
159,22747,1166,958,183,138,0.7609862,5,-1,-1
159,22738,864,525,215,108,0.57567656,9,-1,-1
159,22748,1455,996,174,113,0.55526865,4,-1,-1
159,22743,2197,940,160,81,0.37539715,4,-1,-1
160,22747,1199,965,178,140,0.7716181,5,-1,-1
160,22738,862,531,209,101,0.7132497,9,-1,-1
160,22748,1489,1004,177,110,0.600422,4,-1,-1
160,22743,2157,934,166,80,0.416321,4,-1,-1
160,22749,363,476,63,40,0.34609953,4,-1,-1
161,22747,1234,973,185,146,0.792701,5,-1,-1
161,22748,1520,1010,178,118,0.5970118,4,-1,-1
161,22738,855,536,209,99,0.59524536,9,-1,-1
161,22743,2121,931,164,81,0.4908324,4,-1,-1
162,22738,833,532,224,104,0.75233203,9,-1,-1
162,22747,1271,981,186,149,0.73760325,5,-1,-1
162,22748,1560,1020,180,113,0.57427585,4,-1,-1
162,22743,2096,926,158,79,0.40379575,4,-1,-1
163,22748,1594,1031,188,115,0.6615872,4,-1,-1
163,22747,1307,991,197,150,0.64947844,5,-1,-1
163,22738,814,538,231,101,0.5621577,9,-1,-1
163,22743,2065,923,145,77,0.379554,4,-1,-1
164,22747,1340,998,197,150,0.7953561,5,-1,-1
164,22748,1636,1038,188,118,0.6868699,4,-1,-1
164,22738,804,539,231,103,0.6622281,9,-1,-1
164,22743,2034,920,153,75,0.53176767,4,-1,-1
165,22747,1378,1007,204,162,0.74497384,5,-1,-1
165,22738,791,536,234,110,0.65473515,9,-1,-1
165,22748,1671,1051,195,117,0.6341843,4,-1,-1
165,22743,1997,910,155,81,0.54779917,4,-1,-1
166,22747,1416,1017,206,157,0.8004216,5,-1,-1
166,22748,1714,1056,198,124,0.684909,4,-1,-1
166,22743,1973,906,148,78,0.5926083,4,-1,-1
166,22738,782,542,234,101,0.57032174,9,-1,-1
167,22747,1454,1025,218,168,0.7074364,5,-1,-1
167,22748,1753,1068,203,126,0.65612054,4,-1,-1
167,22738,767,543,232,107,0.6383786,9,-1,-1
167,22743,1939,903,147,76,0.5479719,4,-1,-1
167,22750,197,992,63,75,0.47118425,1,-1,-1
167,22751,361,599,74,53,0.47093052,4,-1,-1
168,22748,1796,1075,205,128,0.71733695,4,-1,-1
168,22747,1498,1032,214,168,0.7023976,5,-1,-1
168,22738,746,542,239,112,0.53623986,9,-1,-1
168,22743,1908,900,155,73,0.49772635,4,-1,-1
168,22751,360,600,75,52,0.39136788,4,-1,-1
169,22738,739,544,240,113,0.76141596,9,-1,-1
169,22748,1838,1087,208,126,0.64521235,4,-1,-1
169,22747,1535,1044,227,172,0.6014656,5,-1,-1
169,22743,1871,890,157,79,0.48439202,4,-1,-1
169,22751,363,598,71,52,0.38138458,4,-1,-1
170,22748,1881,1092,208,131,0.76994,4,-1,-1
170,22738,721,546,241,111,0.71663207,9,-1,-1
170,22747,1576,1053,232,173,0.6868802,5,-1,-1
170,22743,1848,886,149,80,0.5464992,4,-1,-1
170,22752,468,454,98,53,0.31359598,6,-1,-1
171,22738,697,551,251,112,0.67009723,9,-1,-1
171,22748,1922,1100,216,129,0.6494528,4,-1,-1
171,22747,1628,1064,236,176,0.5560056,5,-1,-1
171,22743,1823,884,144,77,0.3896547,4,-1,-1
172,22738,695,551,240,115,0.7909839,9,-1,-1
172,22747,1672,1072,236,175,0.6974546,5,-1,-1
172,22748,1969,1110,213,131,0.6916607,4,-1,-1
172,22743,1785,879,148,74,0.4308344,4,-1,-1
172,22753,1785,879,148,74,0.38886276,5,-1,-1
173,22738,674,555,249,114,0.76287305,9,-1,-1
173,22748,2020,1118,218,132,0.6663239,4,-1,-1
173,22747,1721,1082,232,181,0.5925886,5,-1,-1
173,22743,1760,873,145,72,0.42754328,4,-1,-1
173,22753,1760,873,145,72,0.34196958,5,-1,-1
174,22748,2065,1126,227,135,0.68258595,4,-1,-1
174,22738,657,555,248,125,0.5645053,9,-1,-1
174,22747,1774,1097,240,171,0.5428387,5,-1,-1
174,22753,1732,866,137,75,0.3847164,5,-1,-1
174,22743,1732,866,137,75,0.32552633,4,-1,-1
175,22738,646,559,252,118,0.70781714,9,-1,-1
175,22748,2118,1135,235,134,0.63557076,4,-1,-1
175,22747,1820,1106,241,176,0.3418923,5,-1,-1
175,22743,1703,861,139,75,0.31466284,4,-1,-1
175,22754,1820,1106,241,176,0.45656344,4,-1,-1
175,22755,359,600,74,53,0.34892976,4,-1,-1
175,22756,240,992,61,80,0.33508557,1,-1,-1
176,22738,630,562,250,118,0.7721122,9,-1,-1
176,22748,2164,1145,237,138,0.6529437,4,-1,-1
176,22754,1867,1111,247,180,0.5657349,4,-1,-1
177,22738,609,560,255,124,0.7146988,9,-1,-1
177,22748,2211,1152,240,141,0.70432687,4,-1,-1
177,22754,1919,1124,252,182,0.5247449,4,-1,-1
178,22748,2266,1165,247,145,0.74283177,4,-1,-1
178,22738,596,560,257,127,0.66721725,9,-1,-1
178,22754,1963,1134,259,176,0.6235238,4,-1,-1
179,22738,574,562,262,127,0.7438679,9,-1,-1
179,22748,2315,1174,246,139,0.66334236,4,-1,-1
179,22754,2024,1146,256,181,0.64742833,4,-1,-1
180,22738,552,562,266,128,0.7849671,9,-1,-1
180,22754,2070,1149,262,182,0.69646263,4,-1,-1
180,22748,2373,1182,250,150,0.6763534,4,-1,-1
180,22757,127,1032,67,80,0.4023959,1,-1,-1
180,22758,2675,944,23,119,0.34834942,4,-1,-1
181,22738,535,556,272,129,0.7478631,9,-1,-1
181,22748,2425,1182,263,153,0.7262223,4,-1,-1
181,22754,2125,1152,267,185,0.56132203,4,-1,-1
181,22759,2634,917,61,135,0.4995586,6,-1,-1
181,22760,386,444,95,54,0.30125642,6,-1,-1
182,22748,2479,1181,213,160,0.69954044,4,-1,-1
182,22738,512,546,282,129,0.6883669,9,-1,-1
182,22754,2175,1153,267,185,0.61078113,4,-1,-1
182,22759,2597,898,99,143,0.60964286,6,-1,-1
183,22738,505,540,271,131,0.72350436,9,-1,-1
183,22754,2229,1153,279,189,0.683455,4,-1,-1
183,22748,2539,1173,158,180,0.5698058,4,-1,-1
183,22759,2580,888,116,156,0.46659058,6,-1,-1
183,22761,1070,1211,57,65,0.31304365,5,-1,-1
184,22754,2286,1154,285,188,0.6165851,4,-1,-1
184,22738,480,535,279,125,0.6044239,9,-1,-1
184,22748,2596,1174,97,183,0.51594156,4,-1,-1
184,22759,2549,874,146,151,0.43591416,6,-1,-1
184,22762,2549,874,146,151,0.33206075,4,-1,-1
185,22754,2339,1160,308,202,0.58354235,4,-1,-1
185,22759,2520,869,170,146,0.5784375,6,-1,-1
185,22738,455,527,290,129,0.5407648,9,-1,-1
186,22738,434,523,294,136,0.73072594,9,-1,-1
186,22759,2484,856,204,164,0.5108542,6,-1,-1
186,22754,2389,1165,305,206,0.48851082,4,-1,-1
187,22738,409,524,302,133,0.6808813,9,-1,-1
187,22754,2460,1167,230,232,0.52406985,4,-1,-1
187,22759,2456,850,239,156,0.49342778,6,-1,-1
188,22738,390,533,301,130,0.67985547,9,-1,-1
188,22759,2423,847,265,160,0.59304976,6,-1,-1
188,22763,2516,1180,177,220,0.6084482,5,-1,-1
189,22738,365,533,307,135,0.7632513,9,-1,-1
189,22759,2384,843,274,163,0.4686048,6,-1,-1
189,22764,134,974,62,77,0.431514,1,-1,-1
189,22765,1076,1188,47,69,0.30580184,5,-1,-1
190,22738,344,532,305,141,0.74235773,9,-1,-1
190,22764,132,973,66,79,0.38418412,1,-1,-1
190,22759,2353,841,280,159,0.36287922,6,-1,-1
190,22765,1076,1189,44,65,0.35249707,5,-1,-1
191,22738,318,535,315,144,0.746484,9,-1,-1
191,22764,132,971,65,80,0.38271683,1,-1,-1
192,22738,296,535,313,149,0.74365544,9,-1,-1
192,22764,130,972,68,79,0.4042882,1,-1,-1
193,22738,254,549,330,138,0.5553131,9,-1,-1
193,22764,131,973,67,79,0.39500278,1,-1,-1
193,22766,4,1015,53,77,0.3540542,1,-1,-1
194,22738,229,550,335,141,0.6027563,9,-1,-1
194,22764,132,975,64,76,0.47209582,1,-1,-1
194,22766,4,1016,51,75,0.4064301,1,-1,-1
195,22738,200,550,346,150,0.69874674,9,-1,-1
195,22764,128,971,72,82,0.32157797,1,-1,-1
196,22738,179,549,342,159,0.6570559,9,-1,-1
196,22764,128,970,72,84,0.39098155,1,-1,-1
196,22767,179,549,342,159,0.3132306,5,-1,-1
197,22738,152,548,356,162,0.611884,9,-1,-1
197,22764,128,972,72,83,0.4338921,1,-1,-1
197,22767,152,548,356,162,0.30408326,5,-1,-1
197,22768,2168,821,238,148,0.4003579,6,-1,-1
198,22738,126,565,354,151,0.4774494,9,-1,-1
198,22764,129,971,70,82,0.3806733,1,-1,-1
198,22768,2144,819,239,151,0.3658117,6,-1,-1
199,22738,83,564,372,156,0.50577366,9,-1,-1
199,22769,2127,813,230,143,0.42895192,5,-1,-1
200,22738,56,565,380,158,0.44881114,9,-1,-1
200,22769,2098,814,238,139,0.3341165,5,-1,-1
201,22738,31,566,379,161,0.5619791,9,-1,-1
201,22769,2076,805,232,146,0.50958526,5,-1,-1
202,22769,2044,804,227,146,0.5996184,5,-1,-1
202,22738,4,565,382,170,0.39387566,9,-1,-1
203,22769,2015,793,233,150,0.492139,5,-1,-1
203,22738,-5,577,359,169,0.33493972,9,-1,-1
203,22770,0,1008,60,86,0.38845307,1,-1,-1
204,22769,1994,793,228,145,0.47434998,5,-1,-1
204,22738,-7,581,326,164,0.32449788,9,-1,-1
204,22771,1065,1183,52,68,0.30780008,5,-1,-1
205,22769,1969,796,212,138,0.5880845,5,-1,-1
205,22738,-7,579,302,171,0.34066144,9,-1,-1
206,22769,1945,794,214,133,0.62933666,5,-1,-1
206,22772,-1,580,269,170,0.46156007,5,-1,-1
207,22769,1916,786,221,142,0.6740018,5,-1,-1
207,22772,0,579,236,176,0.54308784,5,-1,-1
207,22773,127,970,69,74,0.3290503,1,-1,-1
208,22769,1890,785,221,137,0.5949705,5,-1,-1
208,22772,2,582,197,175,0.4818816,5,-1,-1
208,22774,488,412,63,40,0.36024547,4,-1,-1
209,22772,3,585,173,166,0.64892447,5,-1,-1
209,22769,1864,778,213,135,0.49427104,5,-1,-1
209,22775,1304,926,174,88,0.3396285,4,-1,-1
209,22776,1864,782,211,139,0.3179639,6,-1,-1
210,22769,1844,776,205,134,0.6891493,5,-1,-1
210,22775,1342,934,175,91,0.4533961,4,-1,-1
210,22777,0,590,141,160,0.5452168,4,-1,-1
210,22778,1067,1189,48,62,0.34634194,5,-1,-1
211,22769,1823,776,204,131,0.74931675,5,-1,-1
211,22775,1370,938,177,100,0.36587048,4,-1,-1
211,22777,1,598,107,146,0.3221793,4,-1,-1
211,22779,1087,914,168,98,0.51411766,4,-1,-1
211,22780,1,598,107,146,0.4831297,5,-1,-1
211,22781,488,413,55,38,0.31137246,4,-1,-1
212,22779,1119,919,165,102,0.72875065,4,-1,-1
212,22769,1799,769,208,133,0.4740542,5,-1,-1
212,22775,1408,948,187,96,0.4178998,4,-1,-1
212,22780,0,600,74,145,0.41278246,5,-1,-1
212,22781,487,413,56,38,0.3261915,4,-1,-1
212,22782,1799,769,208,133,0.5162505,6,-1,-1
213,22769,1775,770,203,127,0.6812318,5,-1,-1
213,22775,1450,956,188,97,0.57412386,4,-1,-1
213,22779,1155,929,164,99,0.51690423,4,-1,-1
213,22783,2687,871,8,110,0.35428846,4,-1,-1
214,22779,1188,935,161,105,0.6917085,4,-1,-1
214,22775,1489,967,191,94,0.6705865,4,-1,-1
214,22769,1750,767,205,131,0.55153024,5,-1,-1
214,22784,1742,765,202,134,0.32713434,6,-1,-1
214,22785,2,1006,43,90,0.30297753,1,-1,-1
215,22779,1224,944,160,99,0.7238294,4,-1,-1
215,22775,1529,977,193,96,0.70104456,4,-1,-1
215,22769,1722,762,199,124,0.5330188,5,-1,-1
215,22786,2630,864,58,114,0.30260232,4,-1,-1
216,22775,1573,984,194,101,0.70000315,4,-1,-1
216,22769,1701,761,197,122,0.6748552,5,-1,-1
216,22779,1252,952,164,99,0.52087003,4,-1,-1
216,22786,2599,869,89,106,0.32924193,4,-1,-1
216,22787,123,972,60,73,0.3221352,1,-1,-1
217,22779,1289,958,167,101,0.7686598,4,-1,-1
217,22769,1681,756,195,122,0.73427624,5,-1,-1
217,22775,1615,992,198,102,0.5976206,4,-1,-1
217,22786,2561,873,133,97,0.41280034,4,-1,-1
217,22788,467,862,47,82,0.34771714,1,-1,-1
218,22769,1659,753,192,119,0.7071066,5,-1,-1
218,22775,1654,1003,205,103,0.67501014,4,-1,-1
218,22779,1324,966,170,103,0.55935395,4,-1,-1
218,22786,2542,872,154,93,0.42719048,4,-1,-1
218,22788,462,861,47,78,0.338528,1,-1,-1
218,22789,125,968,60,77,0.3616857,1,-1,-1
218,22790,427,418,49,37,0.36144656,4,-1,-1
219,22779,1363,974,173,109,0.7387106,4,-1,-1
219,22769,1636,751,193,120,0.6749851,5,-1,-1
219,22775,1698,1014,208,106,0.5632447,4,-1,-1
219,22786,2505,869,187,80,0.5389291,4,-1,-1
219,22790,425,417,48,36,0.37288368,4,-1,-1
220,22775,1746,1024,211,108,0.6476816,4,-1,-1
220,22769,1615,745,188,117,0.61568207,5,-1,-1
220,22779,1398,985,172,103,0.49721614,4,-1,-1
220,22786,2476,867,180,76,0.46977517,4,-1,-1
220,22790,413,416,56,41,0.40695253,4,-1,-1
221,22779,1434,994,177,108,0.72293127,4,-1,-1
221,22775,1791,1036,210,104,0.69799,4,-1,-1
221,22769,1595,745,186,116,0.6790958,5,-1,-1
221,22786,2453,863,175,74,0.6329056,4,-1,-1
221,22790,411,416,55,39,0.3310721,4,-1,-1
222,22769,1570,741,189,117,0.7144994,5,-1,-1
222,22775,1838,1047,218,103,0.6970953,4,-1,-1
222,22779,1475,1002,181,109,0.68774295,4,-1,-1
222,22786,2425,860,177,75,0.59757197,4,-1,-1
222,22790,408,417,57,40,0.3386811,4,-1,-1
223,22779,1514,1013,184,112,0.7465627,4,-1,-1
223,22775,1889,1058,223,108,0.65810835,4,-1,-1
223,22769,1552,739,184,116,0.6458439,5,-1,-1
223,22786,2395,855,170,69,0.44099265,4,-1,-1
223,22790,408,417,56,40,0.3806031,4,-1,-1
223,22791,241,911,59,76,0.3275197,1,-1,-1
224,22775,1934,1069,232,106,0.659602,4,-1,-1
224,22779,1559,1026,182,107,0.6365301,4,-1,-1
224,22769,1527,733,187,119,0.61552393,5,-1,-1
224,22786,2365,851,174,73,0.59717965,4,-1,-1
224,22791,241,923,60,79,0.3859184,1,-1,-1
224,22790,402,416,55,40,0.3270037,4,-1,-1
224,22792,2642,1009,48,128,0.43210694,4,-1,-1
225,22779,1598,1039,190,107,0.73961,4,-1,-1
225,22775,1989,1078,235,115,0.6414837,4,-1,-1
225,22769,1507,733,185,113,0.5912307,5,-1,-1
225,22786,2341,850,170,72,0.5617953,4,-1,-1
225,22790,387,416,58,38,0.45295876,4,-1,-1
225,22791,240,926,61,79,0.4328959,1,-1,-1
225,22792,2596,1002,95,133,0.40794536,4,-1,-1
225,22793,122,969,61,78,0.3552753,1,-1,-1
226,22775,2042,1094,233,114,0.6801353,4,-1,-1
226,22792,2548,998,148,115,0.6403082,4,-1,-1
226,22786,2310,845,168,71,0.6282703,4,-1,-1
226,22779,1639,1051,197,110,0.51855,4,-1,-1
226,22769,1484,734,185,109,0.51053214,5,-1,-1
226,22790,387,417,55,38,0.4461303,4,-1,-1
226,22793,122,968,60,79,0.301013,1,-1,-1
227,22775,2093,1100,249,121,0.7601785,4,-1,-1
227,22779,1690,1061,197,109,0.68858105,4,-1,-1
227,22792,2500,991,203,111,0.6737854,4,-1,-1
227,22786,2283,842,167,74,0.62969357,4,-1,-1
227,22769,1462,732,189,112,0.4315789,5,-1,-1
227,22794,238,924,64,84,0.36572412,1,-1,-1
228,22779,1736,1073,198,110,0.62410307,4,-1,-1
228,22775,2145,1111,247,124,0.61886996,4,-1,-1
228,22792,2449,983,219,107,0.6018091,4,-1,-1
228,22786,2258,840,164,70,0.48438174,4,-1,-1
228,22769,1440,728,191,109,0.4020023,5,-1,-1
228,22795,457,860,51,81,0.31791088,1,-1,-1
229,22779,1784,1081,201,115,0.7072971,4,-1,-1
229,22792,2408,980,210,106,0.66489124,4,-1,-1
229,22775,2206,1122,251,126,0.6290005,4,-1,-1
229,22786,2222,833,167,70,0.5104689,4,-1,-1
229,22795,458,863,51,83,0.36993593,1,-1,-1
229,22796,120,968,64,78,0.41236085,1,-1,-1
229,22797,238,923,63,78,0.35391945,1,-1,-1
230,22775,2264,1136,258,127,0.7623239,4,-1,-1
230,22779,1835,1092,204,119,0.64440596,4,-1,-1
230,22786,2199,829,163,71,0.6147943,4,-1,-1
230,22792,2366,971,203,112,0.59899724,4,-1,-1
230,22796,119,966,65,78,0.4093913,1,-1,-1
230,22797,237,923,64,79,0.362995,1,-1,-1
230,22795,456,865,52,80,0.34935206,1,-1,-1
231,22779,1881,1105,211,115,0.72540677,4,-1,-1
231,22775,2325,1151,262,129,0.7167003,4,-1,-1
231,22792,2316,961,203,109,0.5443384,4,-1,-1
231,22786,2176,826,159,73,0.50119674,4,-1,-1
231,22796,119,967,66,80,0.3906117,1,-1,-1
231,22797,237,924,66,81,0.3343304,1,-1,-1
231,22795,455,863,53,80,0.33243042,1,-1,-1
232,22775,2381,1161,278,133,0.6825921,4,-1,-1
232,22792,2273,954,200,106,0.63292587,4,-1,-1
232,22779,1936,1117,213,121,0.6138434,4,-1,-1
232,22786,2144,822,163,71,0.5372023,4,-1,-1
232,22796,111,964,67,81,0.3395289,1,-1,-1
232,22797,237,922,66,82,0.3114795,1,-1,-1
232,22798,2644,901,52,91,0.39567018,4,-1,-1
233,22786,2120,820,156,68,0.62342113,4,-1,-1
233,22779,1985,1124,214,124,0.6142947,4,-1,-1
233,22775,2446,1177,260,133,0.5459002,4,-1,-1
233,22792,2222,950,209,104,0.49588072,4,-1,-1
233,22798,2627,902,65,83,0.40177378,4,-1,-1
233,22797,237,923,66,81,0.34824884,1,-1,-1
234,22779,2040,1139,221,122,0.71469456,4,-1,-1
234,22775,2514,1192,181,132,0.647148,4,-1,-1
234,22798,2591,900,105,82,0.5675833,4,-1,-1
234,22792,2188,940,194,108,0.52186596,4,-1,-1
234,22786,2096,818,153,66,0.51521033,4,-1,-1
235,22792,2151,934,184,102,0.619535,4,-1,-1
235,22779,2091,1155,227,123,0.6036124,4,-1,-1
235,22798,2559,899,140,83,0.48078364,4,-1,-1
235,22786,2070,812,159,66,0.46310356,4,-1,-1
235,22775,2580,1200,116,161,0.46227998,4,-1,-1
236,22779,2149,1168,233,132,0.6188972,4,-1,-1
236,22786,2037,808,163,70,0.57465833,4,-1,-1
236,22792,2107,930,191,99,0.5402639,4,-1,-1
236,22798,2534,899,165,82,0.456726,4,-1,-1
236,22775,2644,1214,51,136,0.36549005,4,-1,-1
237,22779,2212,1180,236,128,0.73930866,4,-1,-1
237,22786,2016,805,152,66,0.6744321,4,-1,-1
237,22792,2067,921,187,95,0.5591852,4,-1,-1
237,22798,2494,893,187,77,0.41294506,4,-1,-1
238,22779,2272,1196,241,128,0.732918,4,-1,-1
238,22786,1993,803,151,66,0.6597256,4,-1,-1
238,22798,2467,892,186,77,0.5821147,4,-1,-1
238,22792,2029,913,182,95,0.5024977,4,-1,-1
239,22779,2331,1212,251,131,0.64829415,4,-1,-1
239,22798,2442,890,183,74,0.5860075,4,-1,-1
239,22786,1969,800,149,63,0.530627,4,-1,-1
239,22792,1994,907,183,91,0.48937193,4,-1,-1
240,22779,2391,1224,263,130,0.6782486,4,-1,-1
240,22792,1958,900,174,89,0.6747004,4,-1,-1
240,22798,2412,885,180,74,0.56613547,4,-1,-1
240,22786,1940,799,148,61,0.42806682,4,-1,-1
240,22799,-1,602,54,53,0.40692154,4,-1,-1
240,22800,240,925,60,72,0.33825418,1,-1,-1
240,22801,112,953,63,75,0.32524,1,-1,-1
241,22779,2462,1238,238,134,0.80274284,4,-1,-1
241,22798,2386,881,176,75,0.67588234,4,-1,-1
241,22792,1919,893,177,90,0.6572119,4,-1,-1
241,22786,1911,789,161,68,0.6146381,4,-1,-1
241,22801,113,952,62,75,0.38464078,1,-1,-1
241,22800,239,917,59,69,0.32655182,1,-1,-1
242,22786,1895,787,146,65,0.6804903,4,-1,-1
242,22792,1881,887,177,86,0.6287956,4,-1,-1
242,22779,2537,1251,160,140,0.6185248,4,-1,-1
242,22798,2359,872,176,75,0.47281373,4,-1,-1
242,22800,241,914,58,72,0.3447096,1,-1,-1
242,22801,112,952,64,77,0.31227288,1,-1,-1
242,22802,-2,602,64,56,0.3564898,4,-1,-1
243,22786,1874,786,143,61,0.7061752,4,-1,-1
243,22798,2330,872,171,71,0.6230525,4,-1,-1
243,22792,1860,882,159,85,0.6229403,4,-1,-1
243,22779,2597,1261,102,136,0.6132198,4,-1,-1
243,22800,239,913,59,75,0.41432816,1,-1,-1
243,22802,-3,603,70,54,0.3408241,4,-1,-1
244,22798,2303,869,170,71,0.69641465,4,-1,-1
244,22786,1851,784,144,58,0.695274,4,-1,-1
244,22792,1817,872,167,91,0.6542899,4,-1,-1
245,22786,1831,780,142,59,0.6296735,4,-1,-1
245,22798,2279,865,168,72,0.6142271,4,-1,-1
245,22792,1777,863,166,90,0.55717176,4,-1,-1
245,22803,1777,863,166,90,0.30351746,5,-1,-1
246,22786,1805,772,148,63,0.59894484,4,-1,-1
246,22792,1748,859,165,85,0.5979822,4,-1,-1
246,22798,2247,861,169,72,0.5832926,4,-1,-1
246,22804,238,909,60,68,0.3932212,1,-1,-1
246,22805,110,951,65,74,0.34161815,1,-1,-1
247,22786,1783,768,145,65,0.713022,4,-1,-1
247,22792,1713,852,161,87,0.60451806,4,-1,-1
247,22798,2217,858,169,73,0.5962813,4,-1,-1
247,22804,238,915,57,70,0.37994507,1,-1,-1
247,22805,110,953,65,74,0.31771654,1,-1,-1
247,22806,1,405,63,56,0.31627023,6,-1,-1
248,22786,1764,767,143,64,0.7368533,4,-1,-1
248,22798,2195,854,169,69,0.62611425,4,-1,-1
248,22792,1672,848,168,82,0.59298265,4,-1,-1
249,22786,1743,764,137,62,0.6705196,4,-1,-1
249,22792,1647,843,160,85,0.63800097,4,-1,-1
249,22798,2172,850,166,71,0.5875647,4,-1,-1
250,22798,2143,849,164,69,0.69057333,4,-1,-1
250,22792,1612,839,157,83,0.5889088,4,-1,-1
250,22786,1718,760,141,60,0.5817061,4,-1,-1
250,22807,108,953,65,78,0.42588738,1,-1,-1
251,22798,2117,847,163,68,0.7587043,4,-1,-1
251,22786,1692,755,149,64,0.41171822,4,-1,-1
251,22792,1577,831,167,83,0.38124308,4,-1,-1
251,22808,1692,755,149,64,0.31835967,5,-1,-1
252,22798,2094,844,162,66,0.73765206,4,-1,-1
252,22792,1543,822,165,87,0.56828326,4,-1,-1
252,22786,1664,746,148,69,0.47534677,4,-1,-1
252,22809,99,947,67,82,0.38340828,1,-1,-1
252,22810,2,400,30,56,0.32555243,6,-1,-1
253,22798,2068,844,161,66,0.5455039,4,-1,-1
253,22792,1520,820,156,85,0.5327975,4,-1,-1
253,22811,1649,741,153,73,0.3522406,5,-1,-1
254,22798,2037,836,165,71,0.48646206,4,-1,-1
254,22792,1483,811,158,93,0.39907703,4,-1,-1
254,22812,88,969,67,74,0.38910905,1,-1,-1
255,22798,2009,832,173,73,0.55410516,4,-1,-1
256,22798,1989,831,164,70,0.65991396,4,-1,-1
257,22798,1962,830,168,73,0.6087777,4,-1,-1
258,22798,1942,829,162,71,0.57571137,4,-1,-1
259,22798,1912,827,160,75,0.5002904,4,-1,-1
259,22813,322,429,53,41,0.31518456,4,-1,-1
260,22798,1886,824,163,77,0.53574014,4,-1,-1
260,22813,321,429,50,42,0.3559306,4,-1,-1
261,22798,1864,819,166,79,0.5879326,4,-1,-1
262,22798,1838,816,169,81,0.53203624,4,-1,-1
263,22798,1812,813,172,82,0.3572871,4,-1,-1
264,22798,1794,807,159,78,0.44301075,4,-1,-1
265,22798,1774,806,155,75,0.5075299,4,-1,-1
